0.000000000	0.000000000	0.000000000	0.000000000
0.001000000	0.018780418	0.005511889	0.007120369
0.002000000	0.037553187	0.011019047	0.014230663
0.003000000	0.056318314	0.016521477	0.021330887
0.004000000	0.075075809	0.022019183	0.028421046
0.005000000	0.093825678	0.027512170	0.035501144
0.006000000	0.112567929	0.033000442	0.042571186
0.007000000	0.131302571	0.038484002	0.049631175
0.008000000	0.150029611	0.043962855	0.056681117
0.009000000	0.168749056	0.049437005	0.063721016
0.010000000	0.187460916	0.054906456	0.070750877
0.011000000	0.206165197	0.060371212	0.077770703
0.012000000	0.224861907	0.065831277	0.084780499
0.013000000	0.243551054	0.071286656	0.091780271
0.014000000	0.262232646	0.076737351	0.098770022
0.015000000	0.280906691	0.082183368	0.105749756
0.016000000	0.299573196	0.087624711	0.112719478
0.017000000	0.318232170	0.093061382	0.119679193
0.018000000	0.336883619	0.098493388	0.126628905
0.019000000	0.355527551	0.103920730	0.133568618
0.020000000	0.374163975	0.109343414	0.140498337
0.021000000	0.392792898	0.114761444	0.147418066
0.022000000	0.411414327	0.120174823	0.154327810
0.023000000	0.430028271	0.125583555	0.161227572
0.024000000	0.448634737	0.130987645	0.168117358
0.025000000	0.467233732	0.136387097	0.174997171
0.026000000	0.485825265	0.141781914	0.181867016
0.027000000	0.504409342	0.147172100	0.188726898
0.028000000	0.522985972	0.152557660	0.195576820
0.029000000	0.541555162	0.157938598	0.202416787
0.030000000	0.560116919	0.163314916	0.209246804
0.031000000	0.578671252	0.168686621	0.216066874
0.032000000	0.597218168	0.174053714	0.222877002
0.033000000	0.615757674	0.179416200	0.229677193
0.034000000	0.634289778	0.184774084	0.236467450
0.035000000	0.652814488	0.190127369	0.243247778
0.036000000	0.671331811	0.195476059	0.250018182
0.037000000	0.689841754	0.200820158	0.256778664
0.038000000	0.708344326	0.206159669	0.263529231
0.039000000	0.726839533	0.211494598	0.270269886
0.040000000	0.745327383	0.216824947	0.277000633
0.041000000	0.763807884	0.222150721	0.283721476
0.042000000	0.782281043	0.227471923	0.290432421
0.043000000	0.800746868	0.232788558	0.297133470
0.044000000	0.819205365	0.238100628	0.303824629
0.045000000	0.837656543	0.243408139	0.310505902
0.046000000	0.856100409	0.248711094	0.317177292
0.047000000	0.874536970	0.254009497	0.323838804
0.048000000	0.892966234	0.259303352	0.330490443
0.049000000	0.911388208	0.264592662	0.337132212
0.050000000	0.929802900	0.269877432	0.343764116
0.051000000	0.948210316	0.275157665	0.350386158
0.052000000	0.966610465	0.280433365	0.356998344
0.053000000	0.985003353	0.285704536	0.363600677
0.054000000	1.003388989	0.290971182	0.370193162
0.055000000	1.021767378	0.296233307	0.376775802
0.056000000	1.040138530	0.301490914	0.383348601
0.057000000	1.058502450	0.306744007	0.389911565
0.058000000	1.076859147	0.311992590	0.396464697
0.059000000	1.095208628	0.317236667	0.403008001
0.060000000	1.113550899	0.322476242	0.409541482
0.061000000	1.131885969	0.327711318	0.416065143
0.062000000	1.150213844	0.332941900	0.422578989
0.063000000	1.168534532	0.338167990	0.429083024
0.064000000	1.186848040	0.343389593	0.435577251
0.065000000	1.205154375	0.348606713	0.442061676
0.066000000	1.223453545	0.353819353	0.448536301
0.067000000	1.241745556	0.359027517	0.455001132
0.068000000	1.260030416	0.364231209	0.461456173
0.069000000	1.278308133	0.369430433	0.467901427
0.070000000	1.296578713	0.374625191	0.474336898
0.071000000	1.314842163	0.379815489	0.480762591
0.072000000	1.333098492	0.385001330	0.487178510
0.073000000	1.351347705	0.390182717	0.493584658
0.074000000	1.369589810	0.395359654	0.499981040
0.075000000	1.387824814	0.400532146	0.506367660
0.076000000	1.406052725	0.405700195	0.512744522
0.077000000	1.424273549	0.410863805	0.519111630
0.078000000	1.442487294	0.416022980	0.525468988
0.079000000	1.460693967	0.421177724	0.531816600
0.080000000	1.478893574	0.426328041	0.538154470
0.081000000	1.497086124	0.431473933	0.544482602
0.082000000	1.515271622	0.436615406	0.550801001
0.083000000	1.533450076	0.441752462	0.557109669
0.084000000	1.551621494	0.446885105	0.563408611
0.085000000	1.569785882	0.452013338	0.569697832
0.086000000	1.587943247	0.457137167	0.575977334
0.087000000	1.606093596	0.462256593	0.582247123
0.088000000	1.624236937	0.467371621	0.588507202
0.089000000	1.642373276	0.472482254	0.594757574
0.090000000	1.660502620	0.477588497	0.600998245
0.091000000	1.678624977	0.482690352	0.607229218
0.092000000	1.696740353	0.487787823	0.613450496
0.093000000	1.714848755	0.492880915	0.619662085
0.094000000	1.732950190	0.497969629	0.625863987
0.095000000	1.751044666	0.503053971	0.632056207
0.096000000	1.769132189	0.508133944	0.638238749
0.097000000	1.787212766	0.513209551	0.644411616
0.098000000	1.805286405	0.518280796	0.650574813
0.099000000	1.823353111	0.523347682	0.656728343
0.100000000	1.841412892	0.528410214	0.662872210
0.101000000	1.859465755	0.533468394	0.669006419
0.102000000	1.877511707	0.538522227	0.675130973
0.103000000	1.895550754	0.543571715	0.681245876
0.104000000	1.913582904	0.548616863	0.687351132
0.105000000	1.931608163	0.553657673	0.693446745
0.106000000	1.949626539	0.558694150	0.699532718
0.107000000	1.967638037	0.563726298	0.705609056
0.108000000	1.985642666	0.568754118	0.711675763
0.109000000	2.003640431	0.573777616	0.717732841
0.110000000	2.021631340	0.578796795	0.723780296
0.111000000	2.039615399	0.583811658	0.729818131
0.112000000	2.057592616	0.588822208	0.735846350
0.113000000	2.075562996	0.593828450	0.741864956
0.114000000	2.093526547	0.598830386	0.747873954
0.115000000	2.111483276	0.603828021	0.753873347
0.116000000	2.129433189	0.608821358	0.759863140
0.117000000	2.147376293	0.613810400	0.765843335
0.118000000	2.165312595	0.618795150	0.771813937
0.119000000	2.183242102	0.623775613	0.777774950
0.120000000	2.201164820	0.628751792	0.783726377
0.121000000	2.219080756	0.633723690	0.789668222
0.122000000	2.236989917	0.638691310	0.795600489
0.123000000	2.254892310	0.643654657	0.801523182
0.124000000	2.272787940	0.648613733	0.807436305
0.125000000	2.290676816	0.653568543	0.813339860
0.126000000	2.308558943	0.658519088	0.819233853
0.127000000	2.326434328	0.663465374	0.825118287
0.128000000	2.344302978	0.668407404	0.830993165
0.129000000	2.362164900	0.673345180	0.836858491
0.130000000	2.380020100	0.678278707	0.842714270
0.131000000	2.397868585	0.683207987	0.848560504
0.132000000	2.415710362	0.688133025	0.854397198
0.133000000	2.433545436	0.693053823	0.860224356
0.134000000	2.451373815	0.697970385	0.866041980
0.135000000	2.469195506	0.702882715	0.871850075
0.136000000	2.487010514	0.707790815	0.877648644
0.137000000	2.504818847	0.712694690	0.883437692
0.138000000	2.522620511	0.717594342	0.889217221
0.139000000	2.540415513	0.722489775	0.894987236
0.140000000	2.558203859	0.727380993	0.900747740
0.141000000	2.575985555	0.732267999	0.906498737
0.142000000	2.593760609	0.737150796	0.912240231
0.143000000	2.611529027	0.742029387	0.917972224
0.144000000	2.629290815	0.746903776	0.923694722
0.145000000	2.647045980	0.751773967	0.929407728
0.146000000	2.664794528	0.756639962	0.935111244
0.147000000	2.682536467	0.761501765	0.940805276
0.148000000	2.700271802	0.766359380	0.946489826
0.149000000	2.718000539	0.771212809	0.952164899
0.150000000	2.735722686	0.776062057	0.957830497
0.151000000	2.753438249	0.780907125	0.963486625
0.152000000	2.771147234	0.785748019	0.969133285
0.153000000	2.788849648	0.790584740	0.974770483
0.154000000	2.806545497	0.795417293	0.980398221
0.155000000	2.824234787	0.800245681	0.986016503
0.156000000	2.841917526	0.805069906	0.991625333
0.157000000	2.859593719	0.809889973	0.997224713
0.158000000	2.877263372	0.814705884	1.002814649
0.159000000	2.894926493	0.819517644	1.008395143
0.160000000	2.912583088	0.824325254	1.013966199
0.161000000	2.930233163	0.829128719	1.019527820
0.162000000	2.947876724	0.833928042	1.025080011
0.163000000	2.965513778	0.838723226	1.030622774
0.164000000	2.983144331	0.843514275	1.036156113
0.165000000	3.000768389	0.848301190	1.041680033
0.166000000	3.018385960	0.853083977	1.047194536
0.167000000	3.035997048	0.857862638	1.052699625
0.168000000	3.053601661	0.862637176	1.058195306
0.169000000	3.071199805	0.867407595	1.063681580
0.170000000	3.088791486	0.872173898	1.069158452
0.171000000	3.106376710	0.876936088	1.074625925
0.172000000	3.123955484	0.881694169	1.080084002
0.173000000	3.141527814	0.886448143	1.085532688
0.174000000	3.159093706	0.891198014	1.090971985
0.175000000	3.176653166	0.895943785	1.096401898
0.176000000	3.194206202	0.900685459	1.101822429
0.177000000	3.211752818	0.905423040	1.107233583
0.178000000	3.229293022	0.910156531	1.112635362
0.179000000	3.246826819	0.914885935	1.118027770
0.180000000	3.264354216	0.919611254	1.123410812
0.181000000	3.281875219	0.924332493	1.128784489
0.182000000	3.299389834	0.929049655	1.134148806
0.183000000	3.316898068	0.933762743	1.139503766
0.184000000	3.334399926	0.938471759	1.144849372
0.185000000	3.351895414	0.943176708	1.150185629
0.186000000	3.369384540	0.947877591	1.155512539
0.187000000	3.386867309	0.952574414	1.160830106
0.188000000	3.404343727	0.957267178	1.166138334
0.189000000	3.421813801	0.961955886	1.171437225
0.190000000	3.439277536	0.966640543	1.176726784
0.191000000	3.456734938	0.971321151	1.182007014
0.192000000	3.474186015	0.975997713	1.187277917
0.193000000	3.491630772	0.980670233	1.192539499
0.194000000	3.509069214	0.985338713	1.197791761
0.195000000	3.526501349	0.990003157	1.203034708
0.196000000	3.543927182	0.994663567	1.208268342
0.197000000	3.561346720	0.999319948	1.213492668
0.198000000	3.578759968	1.003972302	1.218707688
0.199000000	3.596166932	1.008620632	1.223913407
0.200000000	3.613567619	1.013264941	1.229109827
0.201000000	3.630962035	1.017905233	1.234296952
0.202000000	3.648350186	1.022541511	1.239474785
0.203000000	3.665732077	1.027173777	1.244643329
0.204000000	3.683107715	1.031802035	1.249802589
0.205000000	3.700477106	1.036426288	1.254952567
0.206000000	3.717840255	1.041046538	1.260093266
0.207000000	3.735197170	1.045662790	1.265224691
0.208000000	3.752547856	1.050275046	1.270346844
0.209000000	3.769892318	1.054883309	1.275459729
0.210000000	3.787230563	1.059487583	1.280563349
0.211000000	3.804562597	1.064087870	1.285657707
0.212000000	3.821888426	1.068684173	1.290742807
0.213000000	3.839208056	1.073276496	1.295818652
0.214000000	3.856521492	1.077864841	1.300885246
0.215000000	3.873828741	1.082449212	1.305942592
0.216000000	3.891129809	1.087029612	1.310990692
0.217000000	3.908424701	1.091606043	1.316029551
0.218000000	3.925713424	1.096178509	1.321059172
0.219000000	3.942995984	1.100747013	1.326079557
0.220000000	3.960272385	1.105311558	1.331090711
0.221000000	3.977542635	1.109872147	1.336092637
0.222000000	3.994806739	1.114428782	1.341085338
0.223000000	4.012064703	1.118981468	1.346068816
0.224000000	4.029316533	1.123530206	1.351043076
0.225000000	4.046562235	1.128075000	1.356008121
0.226000000	4.063801815	1.132615853	1.360963954
0.227000000	4.081035278	1.137152769	1.365910579
0.228000000	4.098262630	1.141685749	1.370847997
0.229000000	4.115483878	1.146214797	1.375776214
0.230000000	4.132699027	1.150739916	1.380695231
0.231000000	4.149908082	1.155261109	1.385605053
0.232000000	4.167111051	1.159778379	1.390505683
0.233000000	4.184307938	1.164291728	1.395397123
0.234000000	4.201498749	1.168801161	1.400279378
0.235000000	4.218683491	1.173306680	1.405152449
0.236000000	4.235862168	1.177808287	1.410016341
0.237000000	4.253034787	1.182305986	1.414871057
0.238000000	4.270201354	1.186799780	1.419716600
0.239000000	4.287361874	1.191289671	1.424552973
0.240000000	4.304516353	1.195775664	1.429380179
0.241000000	4.321664797	1.200257759	1.434198222
0.242000000	4.338807211	1.204735962	1.439007105
0.243000000	4.355943602	1.209210274	1.443806830
0.244000000	4.373073975	1.213680698	1.448597402
0.245000000	4.390198335	1.218147238	1.453378823
0.246000000	4.407316690	1.222609896	1.458151097
0.247000000	4.424429043	1.227068675	1.462914226
0.248000000	4.441535401	1.231523578	1.467668214
0.249000000	4.458635770	1.235974608	1.472413065
0.250000000	4.475730155	1.240421769	1.477148780
0.251000000	4.492818562	1.244865062	1.481875364
0.252000000	4.509900997	1.249304491	1.486592820
0.253000000	4.526977465	1.253740058	1.491301150
0.254000000	4.544047972	1.258171768	1.496000358
0.255000000	4.561112524	1.262599621	1.500690447
0.256000000	4.578171126	1.267023622	1.505371420
0.257000000	4.595223784	1.271443774	1.510043280
0.258000000	4.612270504	1.275860078	1.514706031
0.259000000	4.629311291	1.280272539	1.519359676
0.260000000	4.646346150	1.284681158	1.524004217
0.261000000	4.663375088	1.289085939	1.528639658
0.262000000	4.680398111	1.293486885	1.533266001
0.263000000	4.697415222	1.297883998	1.537883251
0.264000000	4.714426430	1.302277281	1.542491410
0.265000000	4.731431737	1.306666738	1.547090481
0.266000000	4.748431152	1.311052371	1.551680467
0.267000000	4.765424678	1.315434183	1.556261372
0.268000000	4.782412322	1.319812176	1.560833199
0.269000000	4.799394089	1.324186354	1.565395950
0.270000000	4.816369984	1.328556719	1.569949628
0.271000000	4.833340014	1.332923275	1.574494237
0.272000000	4.850304183	1.337286024	1.579029781
0.273000000	4.867262498	1.341644968	1.583556261
0.274000000	4.884214964	1.346000112	1.588073681
0.275000000	4.901161585	1.350351456	1.592582044
0.276000000	4.918102369	1.354699006	1.597081353
0.277000000	4.935037320	1.359042762	1.601571611
0.278000000	4.951966443	1.363382728	1.606052822
0.279000000	4.968889745	1.367718908	1.610524987
0.280000000	4.985807231	1.372051302	1.614988111
0.281000000	5.002718906	1.376379915	1.619442196
0.282000000	5.019624775	1.380704750	1.623887246
0.283000000	5.036524845	1.385025808	1.628323263
0.284000000	5.053419120	1.389343093	1.632750250
0.285000000	5.070307607	1.393656607	1.637168211
0.286000000	5.087190310	1.397966353	1.641577148
0.287000000	5.104067234	1.402272335	1.645977065
0.288000000	5.120938386	1.406574555	1.650367964
0.289000000	5.137803771	1.410873015	1.654749848
0.290000000	5.154663394	1.415167718	1.659122721
0.291000000	5.171517261	1.419458668	1.663486586
0.292000000	5.188365376	1.423745866	1.667841445
0.293000000	5.205207746	1.428029316	1.672187301
0.294000000	5.222044376	1.432309020	1.676524158
0.295000000	5.238875271	1.436584982	1.680852018
0.296000000	5.255700436	1.440857203	1.685170884
0.297000000	5.272519877	1.445125687	1.689480760
0.298000000	5.289333600	1.449390436	1.693781648
0.299000000	5.306141608	1.453651453	1.698073552
0.300000000	5.322943909	1.457908741	1.702356474
0.301000000	5.339740507	1.462162303	1.706630417
0.302000000	5.356531408	1.466412140	1.710895384
0.303000000	5.373316616	1.470658257	1.715151378
0.304000000	5.390096138	1.474900655	1.719398402
0.305000000	5.406869978	1.479139337	1.723636459
0.306000000	5.423638142	1.483374307	1.727865552
0.307000000	5.440400636	1.487605566	1.732085684
0.308000000	5.457157463	1.491833118	1.736296858
0.309000000	5.473908630	1.496056964	1.740499077
0.310000000	5.490654143	1.500277109	1.744692343
0.311000000	5.507394005	1.504493554	1.748876659
0.312000000	5.524128223	1.508706302	1.753052029
0.313000000	5.540856802	1.512915356	1.757218456
0.314000000	5.557579746	1.517120719	1.761375942
0.315000000	5.574297062	1.521322392	1.765524490
0.316000000	5.591008755	1.525520380	1.769664103
0.317000000	5.607714829	1.529714684	1.773794784
0.318000000	5.624415290	1.533905307	1.777916536
0.319000000	5.641110143	1.538092253	1.782029362
0.320000000	5.657799394	1.542275522	1.786133264
0.321000000	5.674483047	1.546455119	1.790228246
0.322000000	5.691161108	1.550631046	1.794314310
0.323000000	5.707833582	1.554803305	1.798391460
0.324000000	5.724500474	1.558971899	1.802459698
0.325000000	5.741161789	1.563136831	1.806519026
0.326000000	5.757817533	1.567298103	1.810569449
0.327000000	5.774467711	1.571455718	1.814610968
0.328000000	5.791112327	1.575609679	1.818643587
0.329000000	5.807751388	1.579759987	1.822667309
0.330000000	5.824384897	1.583906647	1.826682135
0.331000000	5.841012861	1.588049661	1.830688070
0.332000000	5.857635284	1.592189030	1.834685116
0.333000000	5.874252171	1.596324758	1.838673275
0.334000000	5.890863529	1.600456847	1.842652551
0.335000000	5.907469361	1.604585300	1.846622947
0.336000000	5.924069673	1.608710120	1.850584465
0.337000000	5.940664469	1.612831309	1.854537107
0.338000000	5.957253756	1.616948869	1.858480878
0.339000000	5.973837538	1.621062804	1.862415780
0.340000000	5.990415820	1.625173115	1.866341815
0.341000000	6.006988608	1.629279806	1.870258986
0.342000000	6.023555906	1.633382879	1.874167297
0.343000000	6.040117719	1.637482336	1.878066750
0.344000000	6.056674053	1.641578181	1.881957347
0.345000000	6.073224912	1.645670415	1.885839092
0.346000000	6.089770302	1.649759042	1.889711987
0.347000000	6.106310228	1.653844063	1.893576035
0.348000000	6.122844694	1.657925482	1.897431239
0.349000000	6.139373706	1.662003301	1.901277602
0.350000000	6.155897268	1.666077522	1.905115126
0.351000000	6.172415386	1.670148148	1.908943814
0.352000000	6.188928065	1.674215182	1.912763670
0.353000000	6.205435310	1.678278626	1.916574695
0.354000000	6.221937125	1.682338483	1.920376892
0.355000000	6.238433516	1.686394755	1.924170265
0.356000000	6.254924488	1.690447444	1.927954816
0.357000000	6.271410045	1.694496554	1.931730547
0.358000000	6.287890193	1.698542087	1.935497462
0.359000000	6.304364937	1.702584045	1.939255563
0.360000000	6.320834281	1.706622430	1.943004854
0.361000000	6.337298231	1.710657247	1.946745335
0.362000000	6.353756791	1.714688496	1.950477012
0.363000000	6.370209966	1.718716180	1.954199885
0.364000000	6.386657762	1.722740302	1.957913958
0.365000000	6.403100183	1.726760865	1.961619234
0.366000000	6.419537234	1.730777870	1.965315716
0.367000000	6.435968920	1.734791321	1.969003405
0.368000000	6.452395247	1.738801220	1.972682305
0.369000000	6.468816218	1.742807569	1.976352418
0.370000000	6.485231838	1.746810371	1.980013748
0.371000000	6.501642114	1.750809628	1.983666296
0.372000000	6.518047049	1.754805343	1.987310066
0.373000000	6.534446648	1.758797518	1.990945060
0.374000000	6.550840917	1.762786156	1.994571282
0.375000000	6.567229860	1.766771259	1.998188732
0.376000000	6.583613482	1.770752830	2.001797415
0.377000000	6.599991788	1.774730871	2.005397333
0.378000000	6.616364782	1.778705384	2.008988489
0.379000000	6.632732470	1.782676373	2.012570885
0.380000000	6.649094857	1.786643839	2.016144524
0.381000000	6.665451946	1.790607785	2.019709408
0.382000000	6.681803744	1.794568213	2.023265541
0.383000000	6.698150255	1.798525126	2.026812925
0.384000000	6.714491483	1.802478527	2.030351563
0.385000000	6.730827434	1.806428417	2.033881456
0.386000000	6.747158112	1.810374800	2.037402609
0.387000000	6.763483522	1.814317677	2.040915023
0.388000000	6.779803669	1.818257051	2.044418702
0.389000000	6.796118557	1.822192924	2.047913647
0.390000000	6.812428192	1.826125300	2.051399862
0.391000000	6.828732579	1.830054179	2.054877349
0.392000000	6.845031721	1.833979566	2.058346110
0.393000000	6.861325624	1.837901461	2.061806149
0.394000000	6.877614292	1.841819868	2.065257468
0.395000000	6.893897731	1.845734789	2.068700070
0.396000000	6.910175944	1.849646226	2.072133956
0.397000000	6.926448937	1.853554182	2.075559131
0.398000000	6.942716715	1.857458659	2.078975596
0.399000000	6.958979282	1.861359660	2.082383354
0.400000000	6.975236642	1.865257186	2.085782408
0.401000000	6.991488801	1.869151241	2.089172760
0.402000000	7.007735764	1.873041826	2.092554413
0.403000000	7.023977534	1.876928945	2.095927369
0.404000000	7.040214117	1.880812599	2.099291631
0.405000000	7.056445518	1.884692791	2.102647202
0.406000000	7.072671740	1.888569523	2.105994084
0.407000000	7.088892790	1.892442797	2.109332280
0.408000000	7.105108670	1.896312617	2.112661792
0.409000000	7.121319387	1.900178983	2.115982624
0.410000000	7.137524944	1.904041900	2.119294776
0.411000000	7.153725347	1.907901368	2.122598253
0.412000000	7.169920599	1.911757391	2.125893056
0.413000000	7.186110707	1.915609970	2.129179189
0.414000000	7.202295673	1.919459109	2.132456653
0.415000000	7.218475504	1.923304809	2.135725451
0.416000000	7.234650203	1.927147073	2.138985587
0.417000000	7.250819775	1.930985902	2.142237061
0.418000000	7.266984225	1.934821301	2.145479878
0.419000000	7.283143558	1.938653270	2.148714039
0.420000000	7.299297777	1.942481812	2.151939547
0.421000000	7.315446888	1.946306929	2.155156405
0.422000000	7.331590895	1.950128624	2.158364614
0.423000000	7.347729803	1.953946900	2.161564179
0.424000000	7.363863617	1.957761757	2.164755100
0.425000000	7.379992340	1.961573200	2.167937381
0.426000000	7.396115977	1.965381229	2.171111025
0.427000000	7.412234534	1.969185848	2.174276032
0.428000000	7.428348014	1.972987058	2.177432408
0.429000000	7.444456423	1.976784862	2.180580152
0.430000000	7.460559764	1.980579263	2.183719269
0.431000000	7.476658042	1.984370262	2.186849761
0.432000000	7.492751262	1.988157862	2.189971630
0.433000000	7.508839429	1.991942065	2.193084879
0.434000000	7.524922546	1.995722873	2.196189510
0.435000000	7.541000619	1.999500289	2.199285525
0.436000000	7.557073651	2.003274315	2.202372928
0.437000000	7.573141648	2.007044953	2.205451721
0.438000000	7.589204614	2.010812206	2.208521905
0.439000000	7.605262553	2.014576076	2.211583484
0.440000000	7.621315470	2.018336565	2.214636461
0.441000000	7.637363369	2.022093675	2.217680837
0.442000000	7.653406255	2.025847408	2.220716615
0.443000000	7.669444132	2.029597768	2.223743797
0.444000000	7.685477005	2.033344755	2.226762387
0.445000000	7.701504879	2.037088373	2.229772385
0.446000000	7.717527757	2.040828624	2.232773796
0.447000000	7.733545644	2.044565510	2.235766621
0.448000000	7.749558545	2.048299032	2.238750863
0.449000000	7.765566463	2.052029195	2.241726525
0.450000000	7.781569404	2.055755998	2.244693608
0.451000000	7.797567373	2.059479446	2.247652115
0.452000000	7.813560372	2.063199540	2.250602048
0.453000000	7.829548407	2.066916282	2.253543411
0.454000000	7.845531482	2.070629675	2.256476205
0.455000000	7.861509602	2.074339720	2.259400433
0.456000000	7.877482771	2.078046421	2.262316097
0.457000000	7.893450993	2.081749778	2.265223201
0.458000000	7.909414273	2.085449796	2.268121745
0.459000000	7.925372615	2.089146475	2.271011733
0.460000000	7.941326023	2.092839818	2.273893166
0.461000000	7.957274502	2.096529827	2.276766049
0.462000000	7.973218057	2.100216504	2.279630382
0.463000000	7.989156691	2.103899852	2.282486168
0.464000000	8.005090409	2.107579873	2.285333410
0.465000000	8.021019216	2.111256568	2.288172110
0.466000000	8.036943115	2.114929941	2.291002270
0.467000000	8.052862111	2.118599993	2.293823894
0.468000000	8.068776209	2.122266727	2.296636982
0.469000000	8.084685412	2.125930144	2.299441538
0.470000000	8.100589726	2.129590247	2.302237564
0.471000000	8.116489153	2.133247039	2.305025063
0.472000000	8.132383700	2.136900520	2.307804036
0.473000000	8.148273369	2.140550694	2.310574487
0.474000000	8.164158166	2.144197563	2.313336416
0.475000000	8.180038094	2.147841129	2.316089828
0.476000000	8.195913158	2.151481393	2.318834724
0.477000000	8.211783363	2.155118359	2.321571107
0.478000000	8.227648711	2.158752028	2.324298979
0.479000000	8.243509209	2.162382402	2.327018342
0.480000000	8.259364859	2.166009484	2.329729199
0.481000000	8.275215667	2.169633276	2.332431552
0.482000000	8.291061637	2.173253780	2.335125403
0.483000000	8.306902772	2.176870998	2.337810756
0.484000000	8.322739077	2.180484932	2.340487611
0.485000000	8.338570557	2.184095584	2.343155972
0.486000000	8.354397215	2.187702957	2.345815840
0.487000000	8.370219056	2.191307053	2.348467219
0.488000000	8.386036084	2.194907874	2.351110110
0.489000000	8.401848303	2.198505421	2.353744516
0.490000000	8.417655718	2.202099698	2.356370440
0.491000000	8.433458333	2.205690706	2.358987883
0.492000000	8.449256151	2.209278447	2.361596847
0.493000000	8.465049178	2.212862923	2.364197336
0.494000000	8.480837417	2.216444138	2.366789351
0.495000000	8.496620872	2.220022091	2.369372895
0.496000000	8.512399548	2.223596787	2.371947970
0.497000000	8.528173449	2.227168227	2.374514579
0.498000000	8.543942580	2.230736413	2.377072723
0.499000000	8.559706943	2.234301347	2.379622405
0.500000000	8.575466544	2.237863031	2.382163628
0.501000000	8.591221387	2.241421467	2.384696393
0.502000000	8.606971475	2.244976658	2.387220704
0.503000000	8.622716813	2.248528606	2.389736561
0.504000000	8.638457405	2.252077312	2.392243968
0.505000000	8.654193256	2.255622779	2.394742927
0.506000000	8.669924369	2.259165009	2.397233440
0.507000000	8.685650748	2.262704004	2.399715509
0.508000000	8.701372398	2.266239766	2.402189137
0.509000000	8.717089323	2.269772297	2.404654326
0.510000000	8.732801527	2.273301599	2.407111078
0.511000000	8.748509014	2.276827675	2.409559396
0.512000000	8.764211788	2.280350526	2.411999281
0.513000000	8.779909853	2.283870154	2.414430736
0.514000000	8.795603213	2.287386562	2.416853764
0.515000000	8.811291873	2.290899751	2.419268367
0.516000000	8.826975837	2.294409724	2.421674546
0.517000000	8.842655108	2.297916483	2.424072304
0.518000000	8.858329690	2.301420029	2.426461644
0.519000000	8.873999589	2.304920365	2.428842567
0.520000000	8.889664807	2.308417493	2.431215076
0.521000000	8.905325349	2.311911415	2.433579174
0.522000000	8.920981219	2.315402133	2.435934861
0.523000000	8.936632421	2.318889649	2.438282142
0.524000000	8.952278960	2.322373965	2.440621017
0.525000000	8.967920838	2.325855083	2.442951489
0.526000000	8.983558061	2.329333005	2.445273560
0.527000000	8.999190631	2.332807734	2.447587234
0.528000000	9.014818554	2.336279270	2.449892510
0.529000000	9.030441834	2.339747617	2.452189393
0.530000000	9.046060473	2.343212776	2.454477884
0.531000000	9.061674477	2.346674750	2.456757986
0.532000000	9.077283849	2.350133540	2.459029700
0.533000000	9.092888593	2.353589148	2.461293030
0.534000000	9.108488714	2.357041576	2.463547976
0.535000000	9.124084215	2.360490827	2.465794542
0.536000000	9.139675101	2.363936903	2.468032729
0.537000000	9.155261375	2.367379804	2.470262540
0.538000000	9.170843041	2.370819534	2.472483977
0.539000000	9.186420103	2.374256095	2.474697042
0.540000000	9.201992565	2.377689488	2.476901737
0.541000000	9.217560432	2.381119715	2.479098065
0.542000000	9.233123707	2.384546779	2.481286028
0.543000000	9.248682394	2.387970682	2.483465628
0.544000000	9.264236497	2.391391424	2.485636866
0.545000000	9.279786020	2.394809010	2.487799747
0.546000000	9.295330968	2.398223439	2.489954270
0.547000000	9.310871343	2.401634715	2.492100440
0.548000000	9.326407150	2.405042840	2.494238257
0.549000000	9.341938392	2.408447815	2.496367724
0.550000000	9.357465075	2.411849642	2.498488844
0.551000000	9.372987201	2.415248323	2.500601618
0.552000000	9.388504775	2.418643861	2.502706049
0.553000000	9.404017800	2.422036257	2.504802138
0.554000000	9.419526280	2.425425513	2.506889888
0.555000000	9.435030220	2.428811632	2.508969302
0.556000000	9.450529623	2.432194615	2.511040380
0.557000000	9.466024493	2.435574464	2.513103126
0.558000000	9.481514834	2.438951181	2.515157542
0.559000000	9.497000650	2.442324768	2.517203629
0.560000000	9.512481944	2.445695227	2.519241390
0.561000000	9.527958721	2.449062560	2.521270827
0.562000000	9.543430985	2.452426769	2.523291943
0.563000000	9.558898739	2.455787856	2.525304738
0.564000000	9.574361987	2.459145823	2.527309217
0.565000000	9.589820733	2.462500671	2.529305379
0.566000000	9.605274981	2.465852404	2.531293229
0.567000000	9.620724735	2.469201022	2.533272767
0.568000000	9.636169998	2.472546527	2.535243996
0.569000000	9.651610775	2.475888922	2.537206919
0.570000000	9.667047069	2.479228209	2.539161536
0.571000000	9.682478884	2.482564389	2.541107852
0.572000000	9.697906224	2.485897464	2.543045866
0.573000000	9.713329092	2.489227436	2.544975582
0.574000000	9.728747494	2.492554308	2.546897002
0.575000000	9.744161431	2.495878081	2.548810128
0.576000000	9.759570909	2.499198757	2.550714962
0.577000000	9.774975930	2.502516338	2.552611506
0.578000000	9.790376500	2.505830825	2.554499762
0.579000000	9.805772621	2.509142222	2.556379733
0.580000000	9.821164297	2.512450529	2.558251420
0.581000000	9.836551532	2.515755748	2.560114825
0.582000000	9.851934330	2.519057882	2.561969951
0.583000000	9.867312695	2.522356933	2.563816800
0.584000000	9.882686630	2.525652902	2.565655373
0.585000000	9.898056139	2.528945791	2.567485674
0.586000000	9.913421226	2.532235602	2.569307703
0.587000000	9.928781895	2.535522337	2.571121464
0.588000000	9.944138150	2.538805998	2.572926958
0.589000000	9.959489993	2.542086586	2.574724187
0.590000000	9.974837430	2.545364105	2.576513153
0.591000000	9.990180463	2.548638554	2.578293859
0.592000000	10.005519096	2.551909938	2.580066306
0.593000000	10.020853334	2.555178256	2.581830497
0.594000000	10.036183179	2.558443512	2.583586434
0.595000000	10.051508636	2.561705707	2.585334118
0.596000000	10.066829708	2.564964842	2.587073552
0.597000000	10.082146399	2.568220921	2.588804738
0.598000000	10.097458713	2.571473944	2.590527678
0.599000000	10.112766653	2.574723914	2.592242374
0.600000000	10.128070223	2.577970832	2.593948828
0.601000000	10.143369427	2.581214700	2.595647042
0.602000000	10.158664269	2.584455520	2.597337018
0.603000000	10.173954751	2.587693295	2.599018759
0.604000000	10.189240879	2.590928025	2.600692266
0.605000000	10.204522654	2.594159713	2.602357541
0.606000000	10.219800082	2.597388360	2.604014586
0.607000000	10.235073166	2.600613969	2.605663404
0.608000000	10.250341909	2.603836541	2.607303997
0.609000000	10.265606316	2.607056078	2.608936365
0.610000000	10.280866389	2.610272582	2.610560513
0.611000000	10.296122132	2.613486055	2.612176441
0.612000000	10.311373550	2.616696498	2.613784151
0.613000000	10.326620645	2.619903914	2.615383647
0.614000000	10.341863421	2.623108304	2.616974929
0.615000000	10.357101883	2.626309670	2.618557999
0.616000000	10.372336033	2.629508014	2.620132861
0.617000000	10.387565875	2.632703338	2.621699515
0.618000000	10.402791413	2.635895643	2.623257964
0.619000000	10.418012651	2.639084932	2.624808210
0.620000000	10.433229591	2.642271206	2.626350254
0.621000000	10.448442239	2.645454467	2.627884099
0.622000000	10.463650596	2.648634717	2.629409748
0.623000000	10.478854667	2.651811957	2.630927201
0.624000000	10.494054456	2.654986190	2.632436461
0.625000000	10.509249965	2.658157417	2.633937530
0.626000000	10.524441199	2.661325641	2.635430409
0.627000000	10.539628162	2.664490862	2.636915102
0.628000000	10.554810856	2.667653083	2.638391609
0.629000000	10.569989285	2.670812305	2.639859934
0.630000000	10.585163453	2.673968531	2.641320077
0.631000000	10.600333364	2.677121762	2.642772041
0.632000000	10.615499020	2.680271999	2.644215828
0.633000000	10.630660426	2.683419246	2.645651440
0.634000000	10.645817586	2.686563503	2.647078879
0.635000000	10.660970501	2.689704772	2.648498146
0.636000000	10.676119177	2.692843055	2.649909245
0.637000000	10.691263617	2.695978354	2.651312176
0.638000000	10.706403823	2.699110671	2.652706942
0.639000000	10.721539801	2.702240007	2.654093545
0.640000000	10.736671552	2.705366364	2.655471986
0.641000000	10.751799082	2.708489744	2.656842268
0.642000000	10.766922393	2.711610149	2.658204393
0.643000000	10.782041488	2.714727580	2.659558363
0.644000000	10.797156372	2.717842040	2.660904179
0.645000000	10.812267047	2.720953529	2.662241843
0.646000000	10.827373518	2.724062051	2.663571359
0.647000000	10.842475788	2.727167606	2.664892727
0.648000000	10.857573860	2.730270196	2.666205949
0.649000000	10.872667737	2.733369823	2.667511028
0.650000000	10.887757424	2.736466489	2.668807965
0.651000000	10.902842923	2.739560196	2.670096762
0.652000000	10.917924239	2.742650945	2.671377422
0.653000000	10.933001374	2.745738738	2.672649946
0.654000000	10.948074333	2.748823577	2.673914336
0.655000000	10.963143117	2.751905464	2.675170595
0.656000000	10.978207732	2.754984400	2.676418723
0.657000000	10.993268180	2.758060387	2.677658724
0.658000000	11.008324466	2.761133427	2.678890599
0.659000000	11.023376591	2.764203521	2.680114349
0.660000000	11.038424560	2.767270672	2.681329977
0.661000000	11.053468377	2.770334881	2.682537485
0.662000000	11.068508044	2.773396149	2.683736875
0.663000000	11.083543565	2.776454479	2.684928149
0.664000000	11.098574943	2.779509872	2.686111308
0.665000000	11.113602183	2.782562330	2.687286355
0.666000000	11.128625286	2.785611855	2.688453291
0.667000000	11.143644258	2.788658448	2.689612118
0.668000000	11.158659100	2.791702111	2.690762839
0.669000000	11.173669817	2.794742846	2.691905455
0.670000000	11.188676412	2.797780655	2.693039968
0.671000000	11.203678888	2.800815539	2.694166380
0.672000000	11.218677249	2.803847500	2.695284693
0.673000000	11.233671498	2.806876539	2.696394909
0.674000000	11.248661638	2.809902659	2.697497029
0.675000000	11.263647673	2.812925861	2.698591057
0.676000000	11.278629606	2.815946147	2.699676993
0.677000000	11.293607441	2.818963518	2.700754839
0.678000000	11.308581180	2.821977976	2.701824598
0.679000000	11.323550828	2.824989524	2.702886272
0.680000000	11.338516388	2.827998162	2.703939861
0.681000000	11.353477862	2.831003892	2.704985369
0.682000000	11.368435255	2.834006716	2.706022796
0.683000000	11.383388569	2.837006636	2.707052146
0.684000000	11.398337809	2.840003653	2.708073419
0.685000000	11.413282976	2.842997770	2.709086618
0.686000000	11.428224076	2.845988987	2.710091744
0.687000000	11.443161110	2.848977306	2.711088800
0.688000000	11.458094082	2.851962729	2.712077787
0.689000000	11.473022997	2.854945259	2.713058708
0.690000000	11.487947856	2.857924895	2.714031564
0.691000000	11.502868663	2.860901641	2.714996356
0.692000000	11.517785422	2.863875498	2.715953088
0.693000000	11.532698136	2.866846467	2.716901760
0.694000000	11.547606807	2.869814550	2.717842375
0.695000000	11.562511441	2.872779749	2.718774934
0.696000000	11.577412039	2.875742066	2.719699440
0.697000000	11.592308605	2.878701501	2.720615894
0.698000000	11.607201142	2.881658058	2.721524298
0.699000000	11.622089654	2.884611737	2.722424654
0.700000000	11.636974143	2.887562540	2.723316964
0.701000000	11.651854614	2.890510468	2.724201229
0.702000000	11.666731069	2.893455524	2.725077452
0.703000000	11.681603512	2.896397710	2.725945635
0.704000000	11.696471945	2.899337026	2.726805778
0.705000000	11.711336373	2.902273474	2.727657885
0.706000000	11.726196798	2.905207056	2.728501957
0.707000000	11.741053224	2.908137774	2.729337996
0.708000000	11.755905654	2.911065629	2.730166003
0.709000000	11.770754090	2.913990624	2.730985981
0.710000000	11.785598538	2.916912758	2.731797931
0.711000000	11.800438998	2.919832035	2.732601856
0.712000000	11.815275476	2.922748456	2.733397756
0.713000000	11.830107973	2.925662022	2.734185635
0.714000000	11.844936494	2.928572736	2.734965493
0.715000000	11.859761041	2.931480598	2.735737332
0.716000000	11.874581618	2.934385611	2.736501156
0.717000000	11.889398228	2.937287775	2.737256964
0.718000000	11.904210874	2.940187093	2.738004760
0.719000000	11.919019559	2.943083567	2.738744544
0.720000000	11.933824286	2.945977197	2.739476319
0.721000000	11.948625060	2.948867986	2.740200087
0.722000000	11.963421882	2.951755935	2.740915849
0.723000000	11.978214756	2.954641045	2.741623607
0.724000000	11.993003685	2.957523319	2.742323364
0.725000000	12.007788673	2.960402758	2.743015120
0.726000000	12.022569722	2.963279363	2.743698878
0.727000000	12.037346836	2.966153136	2.744374639
0.728000000	12.052120018	2.969024080	2.745042406
0.729000000	12.066889271	2.971892194	2.745702180
0.730000000	12.081654599	2.974757482	2.746353963
0.731000000	12.096416003	2.977619944	2.746997757
0.732000000	12.111173488	2.980479582	2.747633563
0.733000000	12.125927057	2.983336398	2.748261384
0.734000000	12.140676712	2.986190393	2.748881220
0.735000000	12.155422458	2.989041570	2.749493075
0.736000000	12.170164296	2.991889929	2.750096950
0.737000000	12.184902231	2.994735471	2.750692846
0.738000000	12.199636265	2.997578200	2.751280766
0.739000000	12.214366402	3.000418116	2.751860711
0.740000000	12.229092644	3.003255221	2.752432682
0.741000000	12.243814995	3.006089516	2.752996683
0.742000000	12.258533457	3.008921003	2.753552714
0.743000000	12.273248035	3.011749684	2.754100778
0.744000000	12.287958730	3.014575560	2.754640875
0.745000000	12.302665547	3.017398633	2.755173009
0.746000000	12.317368487	3.020218904	2.755697181
0.747000000	12.332067555	3.023036375	2.756213392
0.748000000	12.346762754	3.025851048	2.756721644
0.749000000	12.361454086	3.028662923	2.757221939
0.750000000	12.376141554	3.031472004	2.757714280
0.751000000	12.390825162	3.034278290	2.758198667
0.752000000	12.405504913	3.037081784	2.758675102
0.753000000	12.420180810	3.039882487	2.759143588
0.754000000	12.434852855	3.042680402	2.759604125
0.755000000	12.449521052	3.045475528	2.760056717
0.756000000	12.464185404	3.048267869	2.760501364
0.757000000	12.478845915	3.051057425	2.760938068
0.758000000	12.493502586	3.053844198	2.761366831
0.759000000	12.508155421	3.056628190	2.761787655
0.760000000	12.522804424	3.059409402	2.762200542
0.761000000	12.537449597	3.062187836	2.762605493
0.762000000	12.552090943	3.064963493	2.763002511
0.763000000	12.566728465	3.067736375	2.763391596
0.764000000	12.581362166	3.070506483	2.763772751
0.765000000	12.595992050	3.073273819	2.764145977
0.766000000	12.610618119	3.076038384	2.764511277
0.767000000	12.625240377	3.078800181	2.764868651
0.768000000	12.639858825	3.081559209	2.765218102
0.769000000	12.654473469	3.084315472	2.765559632
0.770000000	12.669084309	3.087068971	2.765893241
0.771000000	12.683691350	3.089819706	2.766218933
0.772000000	12.698294595	3.092567680	2.766536709
0.773000000	12.712894046	3.095312895	2.766846569
0.774000000	12.727489706	3.098055351	2.767148517
0.775000000	12.742081578	3.100795050	2.767442554
0.776000000	12.756669666	3.103531994	2.767728682
0.777000000	12.771253972	3.106266184	2.768006902
0.778000000	12.785834500	3.108997621	2.768277216
0.779000000	12.800411252	3.111726308	2.768539626
0.780000000	12.814984231	3.114452246	2.768794134
0.781000000	12.829553440	3.117175436	2.769040741
0.782000000	12.844118882	3.119895880	2.769279449
0.783000000	12.858680561	3.122613579	2.769510260
0.784000000	12.873238479	3.125328536	2.769733176
0.785000000	12.887792639	3.128040750	2.769948198
0.786000000	12.902343043	3.130750224	2.770155328
0.787000000	12.916889696	3.133456959	2.770354567
0.788000000	12.931432600	3.136160958	2.770545919
0.789000000	12.945971757	3.138862220	2.770729383
0.790000000	12.960507171	3.141560749	2.770904962
0.791000000	12.975038845	3.144256544	2.771072658
0.792000000	12.989566782	3.146949609	2.771232472
0.793000000	13.004090984	3.149639944	2.771384407
0.794000000	13.018611455	3.152327551	2.771528463
0.795000000	13.033128197	3.155012430	2.771664642
0.796000000	13.047641213	3.157694585	2.771792947
0.797000000	13.062150506	3.160374016	2.771913379
0.798000000	13.076656080	3.163050725	2.772025940
0.799000000	13.091157937	3.165724713	2.772130630
0.800000000	13.105656079	3.168395981	2.772227453
0.801000000	13.120150510	3.171064532	2.772316410
0.802000000	13.134641233	3.173730366	2.772397502
0.803000000	13.149128251	3.176393486	2.772470732
0.804000000	13.163611566	3.179053892	2.772536100
0.805000000	13.178091182	3.181711586	2.772593609
0.806000000	13.192567101	3.184366570	2.772643260
0.807000000	13.207039325	3.187018845	2.772685055
0.808000000	13.221507859	3.189668412	2.772718996
0.809000000	13.235972705	3.192315274	2.772745084
0.810000000	13.250433865	3.194959430	2.772763321
0.811000000	13.264891343	3.197600884	2.772773709
0.812000000	13.279345142	3.200239636	2.772776250
0.813000000	13.293795264	3.202875687	2.772770945
0.814000000	13.308241712	3.205509040	2.772757795
0.815000000	13.322684489	3.208139696	2.772736804
0.816000000	13.337123597	3.210767656	2.772707971
0.817000000	13.351559041	3.213392922	2.772671299
0.818000000	13.365990822	3.216015494	2.772626790
0.819000000	13.380418943	3.218635375	2.772574445
0.820000000	13.394843407	3.221252566	2.772514267
0.821000000	13.409264218	3.223867069	2.772446255
0.822000000	13.423681377	3.226478884	2.772370414
0.823000000	13.438094888	3.229088014	2.772286743
0.824000000	13.452504753	3.231694459	2.772195245
0.825000000	13.466910976	3.234298222	2.772095921
0.826000000	13.481313559	3.236899303	2.771988773
0.827000000	13.495712504	3.239497705	2.771873803
0.828000000	13.510107816	3.242093428	2.771751013
0.829000000	13.524499496	3.244686474	2.771620403
0.830000000	13.538887547	3.247276844	2.771481976
0.831000000	13.553271972	3.249864540	2.771335734
0.832000000	13.567652774	3.252449563	2.771181677
0.833000000	13.582029956	3.255031915	2.771019809
0.834000000	13.596403520	3.257611597	2.770850129
0.835000000	13.610773469	3.260188611	2.770672641
0.836000000	13.625139806	3.262762957	2.770487346
0.837000000	13.639502534	3.265334638	2.770294245
0.838000000	13.653861656	3.267903655	2.770093340
0.839000000	13.668217174	3.270470009	2.769884632
0.840000000	13.682569091	3.273033701	2.769668124
0.841000000	13.696917410	3.275594734	2.769443817
0.842000000	13.711262133	3.278153108	2.769211713
0.843000000	13.725603264	3.280708825	2.768971813
0.844000000	13.739940805	3.283261886	2.768724119
0.845000000	13.754274758	3.285812293	2.768468633
0.846000000	13.768605127	3.288360047	2.768205356
0.847000000	13.782931915	3.290905149	2.767934290
0.848000000	13.797255123	3.293447602	2.767655436
0.849000000	13.811574755	3.295987406	2.767368797
0.850000000	13.825890814	3.298524562	2.767074373
0.851000000	13.840203302	3.301059073	2.766772167
0.852000000	13.854512222	3.303590939	2.766462180
0.853000000	13.868817576	3.306120162	2.766144414
0.854000000	13.883119368	3.308646743	2.765818871
0.855000000	13.897417600	3.311170684	2.765485551
0.856000000	13.911712275	3.313691986	2.765144458
0.857000000	13.926003395	3.316210651	2.764795591
0.858000000	13.940290963	3.318726680	2.764438954
0.859000000	13.954574983	3.321240073	2.764074547
0.860000000	13.968855455	3.323750834	2.763702372
0.861000000	13.983132385	3.326258963	2.763322432
0.862000000	13.997405773	3.328764461	2.762934727
0.863000000	14.011675623	3.331267329	2.762539259
0.864000000	14.025941937	3.333767570	2.762136030
0.865000000	14.040204718	3.336265185	2.761725041
0.866000000	14.054463969	3.338760175	2.761306294
0.867000000	14.068719692	3.341252541	2.760879791
0.868000000	14.082971890	3.343742284	2.760445533
0.869000000	14.097220566	3.346229407	2.760003523
0.870000000	14.111465722	3.348713910	2.759553760
0.871000000	14.125707362	3.351195795	2.759096248
0.872000000	14.139945487	3.353675063	2.758630988
0.873000000	14.154180100	3.356151716	2.758157981
0.874000000	14.168411204	3.358625755	2.757677229
0.875000000	14.182638802	3.361097181	2.757188734
0.876000000	14.196862896	3.363565996	2.756692497
0.877000000	14.211083490	3.366032200	2.756188520
0.878000000	14.225300584	3.368495797	2.755676804
0.879000000	14.239514183	3.370956786	2.755157351
0.880000000	14.253724289	3.373415169	2.754630164
0.881000000	14.267930904	3.375870947	2.754095242
0.882000000	14.282134031	3.378324122	2.753552588
0.883000000	14.296333673	3.380774696	2.753002204
0.884000000	14.310529832	3.383222669	2.752444091
0.885000000	14.324722511	3.385668043	2.751878251
0.886000000	14.338911712	3.388110819	2.751304686
0.887000000	14.353097439	3.390550999	2.750723396
0.888000000	14.367279693	3.392988584	2.750134383
0.889000000	14.381458478	3.395423575	2.749537650
0.890000000	14.395633796	3.397855973	2.748933198
0.891000000	14.409805649	3.400285781	2.748321028
0.892000000	14.423974040	3.402712999	2.747701142
0.893000000	14.438138972	3.405137628	2.747073542
0.894000000	14.452300448	3.407559671	2.746438228
0.895000000	14.466458469	3.409979127	2.745795204
0.896000000	14.480613039	3.412396000	2.745144470
0.897000000	14.494764159	3.414810289	2.744486028
0.898000000	14.508911834	3.417221997	2.743819879
0.899000000	14.523056064	3.419631125	2.743146025
0.900000000	14.537196853	3.422037673	2.742464469
0.901000000	14.551334204	3.424441644	2.741775210
0.902000000	14.565468118	3.426843038	2.741078252
0.903000000	14.579598599	3.429241858	2.740373595
0.904000000	14.593725649	3.431638104	2.739661241
0.905000000	14.607849270	3.434031777	2.738941191
0.906000000	14.621969465	3.436422879	2.738213448
0.907000000	14.636086238	3.438811412	2.737478013
0.908000000	14.650199589	3.441197376	2.736734887
0.909000000	14.664309522	3.443580773	2.735984072
0.910000000	14.678416039	3.445961604	2.735225570
0.911000000	14.692519143	3.448339871	2.734459382
0.912000000	14.706618836	3.450715575	2.733685510
0.913000000	14.720715121	3.453088717	2.732903955
0.914000000	14.734808000	3.455459298	2.732114719
0.915000000	14.748897476	3.457827320	2.731317803
0.916000000	14.762983552	3.460192784	2.730513210
0.917000000	14.777066229	3.462555692	2.729700940
0.918000000	14.791145511	3.464916044	2.728880995
0.919000000	14.805221400	3.467273842	2.728053377
0.920000000	14.819293898	3.469629088	2.727218088
0.921000000	14.833363009	3.471981782	2.726375128
0.922000000	14.847428733	3.474331926	2.725524500
0.923000000	14.861491075	3.476679522	2.724666204
0.924000000	14.875550036	3.479024570	2.723800244
0.925000000	14.889605618	3.481367071	2.722926620
0.926000000	14.903657826	3.483707028	2.722045333
0.927000000	14.917706660	3.486044441	2.721156386
0.928000000	14.931752123	3.488379312	2.720259779
0.929000000	14.945794218	3.490711642	2.719355515
0.930000000	14.959832948	3.493041432	2.718443596
0.931000000	14.973868314	3.495368684	2.717524021
0.932000000	14.987900320	3.497693399	2.716596794
0.933000000	15.001928967	3.500015577	2.715661915
0.934000000	15.015954258	3.502335222	2.714719387
0.935000000	15.029976196	3.504652332	2.713769211
0.936000000	15.043994783	3.506966911	2.712811388
0.937000000	15.058010022	3.509278959	2.711845919
0.938000000	15.072021915	3.511588478	2.710872808
0.939000000	15.086030464	3.513895468	2.709892054
0.940000000	15.100035672	3.516199932	2.708903660
0.941000000	15.114037541	3.518501870	2.707907627
0.942000000	15.128036074	3.520801284	2.706903957
0.943000000	15.142031273	3.523098174	2.705892651
0.944000000	15.156023141	3.525392543	2.704873710
0.945000000	15.170011680	3.527684391	2.703847137
0.946000000	15.183996892	3.529973720	2.702812933
0.947000000	15.197978780	3.532260531	2.701771100
0.948000000	15.211957346	3.534544825	2.700721638
0.949000000	15.225932594	3.536826604	2.699664550
0.950000000	15.239904524	3.539105869	2.698599837
0.951000000	15.253873140	3.541382620	2.697527501
0.952000000	15.267838444	3.543656860	2.696447543
0.953000000	15.281800438	3.545928590	2.695359964
0.954000000	15.295759125	3.548197810	2.694264767
0.955000000	15.309714507	3.550464523	2.693161952
0.956000000	15.323666587	3.552728728	2.692051522
0.957000000	15.337615367	3.554990429	2.690933478
0.958000000	15.351560849	3.557249625	2.689807821
0.959000000	15.365503036	3.559506319	2.688674553
0.960000000	15.379441930	3.561760511	2.687533676
0.961000000	15.393377533	3.564012202	2.686385190
0.962000000	15.407309848	3.566261394	2.685229098
0.963000000	15.421238878	3.568508089	2.684065401
0.964000000	15.435164624	3.570752287	2.682894101
0.965000000	15.449087089	3.572993989	2.681715199
0.966000000	15.463006276	3.575233197	2.680528697
0.967000000	15.476922186	3.577469913	2.679334595
0.968000000	15.490834823	3.579704137	2.678132897
0.969000000	15.504744187	3.581935870	2.676923603
0.970000000	15.518650283	3.584165114	2.675706714
0.971000000	15.532553112	3.586391870	2.674482233
0.972000000	15.546452676	3.588616140	2.673250161
0.973000000	15.560348978	3.590837924	2.672010499
0.974000000	15.574242021	3.593057223	2.670763249
0.975000000	15.588131806	3.595274040	2.669508413
0.976000000	15.602018335	3.597488375	2.668245991
0.977000000	15.615901612	3.599700230	2.666975986
0.978000000	15.629781639	3.601909605	2.665698399
0.979000000	15.643658417	3.604116502	2.664413231
0.980000000	15.657531950	3.606320922	2.663120485
0.981000000	15.671402239	3.608522867	2.661820161
0.982000000	15.685269287	3.610722337	2.660512261
0.983000000	15.699133096	3.612919334	2.659196787
0.984000000	15.712993669	3.615113859	2.657873739
0.985000000	15.726851007	3.617305913	2.656543121
0.986000000	15.740705114	3.619495498	2.655204933
0.987000000	15.754555991	3.621682615	2.653859176
0.988000000	15.768403640	3.623867264	2.652505852
0.989000000	15.782248065	3.626049447	2.651144963
0.990000000	15.796089267	3.628229166	2.649776511
0.991000000	15.809927248	3.630406422	2.648400496
0.992000000	15.823762012	3.632581215	2.647016920
0.993000000	15.837593559	3.634753547	2.645625785
0.994000000	15.851421893	3.636923420	2.644227093
0.995000000	15.865247016	3.639090833	2.642820844
0.996000000	15.879068930	3.641255790	2.641407040
0.997000000	15.892887637	3.643418290	2.639985683
0.998000000	15.906703140	3.645578335	2.638556775
0.999000000	15.920515441	3.647735927	2.637120316
1.000000000	15.934324541	3.649891066	2.635676308
1.001000000	15.948130444	3.652043753	2.634224754
1.002000000	15.961933152	3.654193990	2.632765653
1.003000000	15.975732667	3.656341779	2.631299009
1.004000000	15.989528991	3.658487119	2.629824822
1.005000000	16.003322126	3.660630013	2.628343093
1.006000000	16.017112075	3.662770462	2.626853825
1.007000000	16.030898840	3.664908467	2.625357019
1.008000000	16.044682424	3.667044028	2.623852676
1.009000000	16.058462827	3.669177148	2.622340798
1.010000000	16.072240053	3.671307827	2.620821386
1.011000000	16.086014105	3.673436067	2.619294442
1.012000000	16.099784983	3.675561868	2.617759968
1.013000000	16.113552691	3.677685232	2.616217964
1.014000000	16.127317230	3.679806161	2.614668433
1.015000000	16.141078603	3.681924655	2.613111375
1.016000000	16.154836812	3.684040715	2.611546793
1.017000000	16.168591860	3.686154344	2.609974687
1.018000000	16.182343748	3.688265541	2.608395060
1.019000000	16.196092479	3.690374308	2.606807913
1.020000000	16.209838055	3.692480646	2.605213247
1.021000000	16.223580477	3.694584557	2.603611064
1.022000000	16.237319750	3.696686041	2.602001365
1.023000000	16.251055873	3.698785100	2.600384151
1.024000000	16.264788851	3.700881735	2.598759425
1.025000000	16.278518685	3.702975948	2.597127188
1.026000000	16.292245376	3.705067738	2.595487441
1.027000000	16.305968928	3.707157108	2.593840186
1.028000000	16.319689343	3.709244059	2.592185424
1.029000000	16.333406622	3.711328591	2.590523157
1.030000000	16.347120769	3.713410707	2.588853385
1.031000000	16.360831784	3.715490406	2.587176112
1.032000000	16.374539671	3.717567691	2.585491338
1.033000000	16.388244431	3.719642563	2.583799064
1.034000000	16.401946067	3.721715022	2.582099292
1.035000000	16.415644581	3.723785070	2.580392024
1.036000000	16.429339974	3.725852708	2.578677262
1.037000000	16.443032250	3.727917937	2.576955005
1.038000000	16.456721410	3.729980758	2.575225257
1.039000000	16.470407457	3.732041173	2.573488019
1.040000000	16.484090392	3.734099182	2.571743291
1.041000000	16.497770219	3.736154787	2.569991076
1.042000000	16.511446938	3.738207989	2.568231375
1.043000000	16.525120552	3.740258789	2.566464189
1.044000000	16.538791064	3.742307189	2.564689520
1.045000000	16.552458475	3.744353188	2.562907370
1.046000000	16.566122787	3.746396790	2.561117740
1.047000000	16.579784003	3.748437994	2.559320631
1.048000000	16.593442125	3.750476801	2.557516044
1.049000000	16.607097155	3.752513214	2.555703983
1.050000000	16.620749095	3.754547233	2.553884447
1.051000000	16.634397948	3.756578859	2.552057438
1.052000000	16.648043715	3.758608094	2.550222958
1.053000000	16.661686398	3.760634938	2.548381008
1.054000000	16.675326000	3.762659393	2.546531590
1.055000000	16.688962522	3.764681460	2.544674705
1.056000000	16.702595968	3.766701140	2.542810355
1.057000000	16.716226338	3.768718433	2.540938541
1.058000000	16.729853636	3.770733343	2.539059264
1.059000000	16.743477862	3.772745868	2.537172527
1.060000000	16.757099020	3.774756011	2.535278330
1.061000000	16.770717112	3.776763773	2.533376675
1.062000000	16.784332139	3.778769155	2.531467563
1.063000000	16.797944103	3.780772157	2.529550997
1.064000000	16.811553008	3.782772782	2.527626976
1.065000000	16.825158854	3.784771030	2.525695504
1.066000000	16.838761644	3.786766902	2.523756581
1.067000000	16.852361379	3.788760399	2.521810209
1.068000000	16.865958063	3.790751523	2.519856389
1.069000000	16.879551698	3.792740275	2.517895123
1.070000000	16.893142284	3.794726656	2.515926412
1.071000000	16.906729825	3.796710667	2.513950258
1.072000000	16.920314322	3.798692309	2.511966661
1.073000000	16.933895777	3.800671583	2.509975625
1.074000000	16.947474193	3.802648490	2.507977149
1.075000000	16.961049572	3.804623032	2.505971236
1.076000000	16.974621915	3.806595209	2.503957887
1.077000000	16.988191225	3.808565024	2.501937104
1.078000000	17.001757504	3.810532476	2.499908887
1.079000000	17.015320753	3.812497566	2.497873239
1.080000000	17.028880976	3.814460297	2.495830160
1.081000000	17.042438173	3.816420669	2.493779653
1.082000000	17.055992348	3.818378684	2.491721718
1.083000000	17.069543502	3.820334342	2.489656358
1.084000000	17.083091636	3.822287644	2.487583574
1.085000000	17.096636754	3.824238592	2.485503366
1.086000000	17.110178857	3.826187186	2.483415737
1.087000000	17.123717947	3.828133429	2.481320688
1.088000000	17.137254027	3.830077320	2.479218221
1.089000000	17.150787097	3.832018861	2.477108336
1.090000000	17.164317161	3.833958054	2.474991036
1.091000000	17.177844221	3.835894899	2.472866322
1.092000000	17.191368277	3.837829397	2.470734195
1.093000000	17.204889334	3.839761550	2.468594657
1.094000000	17.218407391	3.841691358	2.466447709
1.095000000	17.231922452	3.843618823	2.464293352
1.096000000	17.245434518	3.845543945	2.462131589
1.097000000	17.258943592	3.847466727	2.459962420
1.098000000	17.272449676	3.849387168	2.457785848
1.099000000	17.285952770	3.851305270	2.455601873
1.100000000	17.299452879	3.853221035	2.453410496
1.101000000	17.312950002	3.855134463	2.451211721
1.102000000	17.326444144	3.857045555	2.449005547
1.103000000	17.339935304	3.858954313	2.446791976
1.104000000	17.353423486	3.860860737	2.444571010
1.105000000	17.366908692	3.862764829	2.442342650
1.106000000	17.380390923	3.864666589	2.440106898
1.107000000	17.393870182	3.866566019	2.437863755
1.108000000	17.407346470	3.868463120	2.435613222
1.109000000	17.420819789	3.870357893	2.433355301
1.110000000	17.434290142	3.872250340	2.431089994
1.111000000	17.447757530	3.874140460	2.428817302
1.112000000	17.461221955	3.876028255	2.426537225
1.113000000	17.474683420	3.877913727	2.424249767
1.114000000	17.488141926	3.879796876	2.421954928
1.115000000	17.501597475	3.881677704	2.419652709
1.116000000	17.515050070	3.883556211	2.417343113
1.117000000	17.528499712	3.885432399	2.415026140
1.118000000	17.541946402	3.887306268	2.412701792
1.119000000	17.555390144	3.889177820	2.410370071
1.120000000	17.568830939	3.891047057	2.408030977
1.121000000	17.582268789	3.892913978	2.405684513
1.122000000	17.595703696	3.894778585	2.403330679
1.123000000	17.609135662	3.896640879	2.400969478
1.124000000	17.622564689	3.898500861	2.398600910
1.125000000	17.635990778	3.900358532	2.396224977
1.126000000	17.649413933	3.902213894	2.393841681
1.127000000	17.662834153	3.904066947	2.391451023
1.128000000	17.676251443	3.905917693	2.389053004
1.129000000	17.689665803	3.907766132	2.386647626
1.130000000	17.703077236	3.909612266	2.384234891
1.131000000	17.716485743	3.911456095	2.381814799
1.132000000	17.729891326	3.913297621	2.379387352
1.133000000	17.743293987	3.915136845	2.376952551
1.134000000	17.756693729	3.916973767	2.374510399
1.135000000	17.770090553	3.918808389	2.372060896
1.136000000	17.783484461	3.920640713	2.369604045
1.137000000	17.796875454	3.922470738	2.367139845
1.138000000	17.810263536	3.924298467	2.364668299
1.139000000	17.823648707	3.926123899	2.362189409
1.140000000	17.837030970	3.927947037	2.359703175
1.141000000	17.850410327	3.929767881	2.357209599
1.142000000	17.863786779	3.931586432	2.354708683
1.143000000	17.877160328	3.933402692	2.352200428
1.144000000	17.890530977	3.935216661	2.349684835
1.145000000	17.903898726	3.937028340	2.347161906
1.146000000	17.917263579	3.938837731	2.344631642
1.147000000	17.930625537	3.940644834	2.342094045
1.148000000	17.943984601	3.942449652	2.339549116
1.149000000	17.957340775	3.944252183	2.336996856
1.150000000	17.970694058	3.946052431	2.334437268
1.151000000	17.984044455	3.947850395	2.331870352
1.152000000	17.997391966	3.949646077	2.329296110
1.153000000	18.010736592	3.951439478	2.326714543
1.154000000	18.024078338	3.953230599	2.324125653
1.155000000	18.037417203	3.955019440	2.321529441
1.156000000	18.050753189	3.956806004	2.318925909
1.157000000	18.064086300	3.958590291	2.316315057
1.158000000	18.077416536	3.960372301	2.313696889
1.159000000	18.090743900	3.962152037	2.311071404
1.160000000	18.104068393	3.963929499	2.308438604
1.161000000	18.117390017	3.965704688	2.305798491
1.162000000	18.130708774	3.967477606	2.303151066
1.163000000	18.144024666	3.969248252	2.300496331
1.164000000	18.157337694	3.971016629	2.297834287
1.165000000	18.170647862	3.972782737	2.295164935
1.166000000	18.183955169	3.974546578	2.292488278
1.167000000	18.197259619	3.976308152	2.289804315
1.168000000	18.210561213	3.978067460	2.287113050
1.169000000	18.223859953	3.979824504	2.284414482
1.170000000	18.237155841	3.981579285	2.281708614
1.171000000	18.250448878	3.983331802	2.278995447
1.172000000	18.263739067	3.985082059	2.276274983
1.173000000	18.277026409	3.986830055	2.273547222
1.174000000	18.290310906	3.988575791	2.270812167
1.175000000	18.303592560	3.990319270	2.268069819
1.176000000	18.316871373	3.992060490	2.265320179
1.177000000	18.330147346	3.993799455	2.262563248
1.178000000	18.343420482	3.995536164	2.259799028
1.179000000	18.356690782	3.997270619	2.257027521
1.180000000	18.369958248	3.999002821	2.254248728
1.181000000	18.383222882	4.000732770	2.251462649
1.182000000	18.396484685	4.002460469	2.248669288
1.183000000	18.409743660	4.004185917	2.245868645
1.184000000	18.422999808	4.005909115	2.243060721
1.185000000	18.436253131	4.007630066	2.240245519
1.186000000	18.449503631	4.009348770	2.237423038
1.187000000	18.462751310	4.011065227	2.234593282
1.188000000	18.475996169	4.012779440	2.231756251
1.189000000	18.489238211	4.014491408	2.228911946
1.190000000	18.502477436	4.016201133	2.226060370
1.191000000	18.515713847	4.017908616	2.223201523
1.192000000	18.528947446	4.019613858	2.220335407
1.193000000	18.542178234	4.021316860	2.217462024
1.194000000	18.555406214	4.023017623	2.214581374
1.195000000	18.568631386	4.024716148	2.211693460
1.196000000	18.581853753	4.026412436	2.208798282
1.197000000	18.595073317	4.028106488	2.205895842
1.198000000	18.608290079	4.029798305	2.202986142
1.199000000	18.621504041	4.031487888	2.200069183
1.200000000	18.634715205	4.033175238	2.197144966
1.201000000	18.647923572	4.034860356	2.194213493
1.202000000	18.661129145	4.036543243	2.191274765
1.203000000	18.674331925	4.038223900	2.188328783
1.204000000	18.687531913	4.039902328	2.185375550
1.205000000	18.700729113	4.041578528	2.182415066
1.206000000	18.713923524	4.043252501	2.179447333
1.207000000	18.727115150	4.044924248	2.176472352
1.208000000	18.740303992	4.046593770	2.173490125
1.209000000	18.753490052	4.048261068	2.170500653
1.210000000	18.766673330	4.049926143	2.167503937
1.211000000	18.779853830	4.051588997	2.164499980
1.212000000	18.793031553	4.053249629	2.161488782
1.213000000	18.806206501	4.054908041	2.158470344
1.214000000	18.819378674	4.056564234	2.155444669
1.215000000	18.832548076	4.058218209	2.152411758
1.216000000	18.845714708	4.059869968	2.149371611
1.217000000	18.858878571	4.061519510	2.146324231
1.218000000	18.872039668	4.063166837	2.143269619
1.219000000	18.885198000	4.064811950	2.140207776
1.220000000	18.898353568	4.066454850	2.137138704
1.221000000	18.911506375	4.068095538	2.134062404
1.222000000	18.924656422	4.069734015	2.130978878
1.223000000	18.937803711	4.071370282	2.127888127
1.224000000	18.950948243	4.073004339	2.124790152
1.225000000	18.964090021	4.074636189	2.121684954
1.226000000	18.977229046	4.076265832	2.118572537
1.227000000	18.990365320	4.077893268	2.115452899
1.228000000	19.003498844	4.079518499	2.112326044
1.229000000	19.016629620	4.081141526	2.109191972
1.230000000	19.029757651	4.082762350	2.106050685
1.231000000	19.042882936	4.084380971	2.102902185
1.232000000	19.056005479	4.085997392	2.099746472
1.233000000	19.069125281	4.087611612	2.096583549
1.234000000	19.082242344	4.089223632	2.093413416
1.235000000	19.095356669	4.090833455	2.090236074
1.236000000	19.108468258	4.092441080	2.087051527
1.237000000	19.121577113	4.094046509	2.083859774
1.238000000	19.134683235	4.095649742	2.080660817
1.239000000	19.147786627	4.097250781	2.077454658
1.240000000	19.160887289	4.098849627	2.074241298
1.241000000	19.173985223	4.100446280	2.071020739
1.242000000	19.187080432	4.102040741	2.067792981
1.243000000	19.200172917	4.103633012	2.064558027
1.244000000	19.213262679	4.105223094	2.061315878
1.245000000	19.226349720	4.106810987	2.058066534
1.246000000	19.239434042	4.108396692	2.054809999
1.247000000	19.252515647	4.109980211	2.051546272
1.248000000	19.265594536	4.111561544	2.048275355
1.249000000	19.278670711	4.113140692	2.044997251
1.250000000	19.291744173	4.114717657	2.041711959
1.251000000	19.304814924	4.116292439	2.038419482
1.252000000	19.317882966	4.117865039	2.035119822
1.253000000	19.330948301	4.119435458	2.031812978
1.254000000	19.344010930	4.121003697	2.028498954
1.255000000	19.357070854	4.122569758	2.025177750
1.256000000	19.370128076	4.124133640	2.021849368
1.257000000	19.383182597	4.125695346	2.018513808
1.258000000	19.396234419	4.127254875	2.015171074
1.259000000	19.409283543	4.128812230	2.011821165
1.260000000	19.422329971	4.130367410	2.008464083
1.261000000	19.435373705	4.131920417	2.005099831
1.262000000	19.448414746	4.133471252	2.001728408
1.263000000	19.461453096	4.135019915	1.998349817
1.264000000	19.474488756	4.136566409	1.994964059
1.265000000	19.487521729	4.138110733	1.991571136
1.266000000	19.500552015	4.139652888	1.988171048
1.267000000	19.513579617	4.141192877	1.984763798
1.268000000	19.526604536	4.142730698	1.981349387
1.269000000	19.539626773	4.144266355	1.977927815
1.270000000	19.552646331	4.145799846	1.974499085
1.271000000	19.565663211	4.147331174	1.971063198
1.272000000	19.578677414	4.148860340	1.967620155
1.273000000	19.591688942	4.150387343	1.964169958
1.274000000	19.604697798	4.151912186	1.960712608
1.275000000	19.617703981	4.153434869	1.957248107
1.276000000	19.630707494	4.154955394	1.953776456
1.277000000	19.643708340	4.156473760	1.950297656
1.278000000	19.656706518	4.157989969	1.946811708
1.279000000	19.669702031	4.159504022	1.943318616
1.280000000	19.682694880	4.161015921	1.939818378
1.281000000	19.695685067	4.162525665	1.936310998
1.282000000	19.708672594	4.164033255	1.932796476
1.283000000	19.721657462	4.165538694	1.929274815
1.284000000	19.734639673	4.167041981	1.925746014
1.285000000	19.747619228	4.168543118	1.922210076
1.286000000	19.760596130	4.170042105	1.918667003
1.287000000	19.773570378	4.171538944	1.915116794
1.288000000	19.786541976	4.173033636	1.911559453
1.289000000	19.799510924	4.174526180	1.907994980
1.290000000	19.812477225	4.176016579	1.904423377
1.291000000	19.825440879	4.177504834	1.900844645
1.292000000	19.838401889	4.178990944	1.897258786
1.293000000	19.851360256	4.180474912	1.893665801
1.294000000	19.864315982	4.181956737	1.890065691
1.295000000	19.877269067	4.183436422	1.886458458
1.296000000	19.890219515	4.184913967	1.882844103
1.297000000	19.903167325	4.186389372	1.879222628
1.298000000	19.916112501	4.187862639	1.875594034
1.299000000	19.929055042	4.189333769	1.871958322
1.300000000	19.941994952	4.190802763	1.868315495
1.301000000	19.954932231	4.192269621	1.864665552
1.302000000	19.967866882	4.193734344	1.861008497
1.303000000	19.980798905	4.195196935	1.857344330
1.304000000	19.993728302	4.196657392	1.853673052
1.305000000	20.006655075	4.198115718	1.849994665
1.306000000	20.019579225	4.199571913	1.846309170
1.307000000	20.032500754	4.201025978	1.842616570
1.308000000	20.045419663	4.202477914	1.838916864
1.309000000	20.058335954	4.203927722	1.835210055
1.310000000	20.071249629	4.205375403	1.831496145
1.311000000	20.084160688	4.206820958	1.827775133
1.312000000	20.097069134	4.208264388	1.824047023
1.313000000	20.109974968	4.209705693	1.820311815
1.314000000	20.122878192	4.211144875	1.816569511
1.315000000	20.135778807	4.212581935	1.812820111
1.316000000	20.148676814	4.214016872	1.809063618
1.317000000	20.161572216	4.215449690	1.805300034
1.318000000	20.174465013	4.216880387	1.801529358
1.319000000	20.187355208	4.218308966	1.797751593
1.320000000	20.200242801	4.219735427	1.793966741
1.321000000	20.213127795	4.221159771	1.790174802
1.322000000	20.226010190	4.222581999	1.786375778
1.323000000	20.238889988	4.224002111	1.782569671
1.324000000	20.251767192	4.225420110	1.778756481
1.325000000	20.264641802	4.226835995	1.774936211
1.326000000	20.277513819	4.228249768	1.771108861
1.327000000	20.290383246	4.229661429	1.767274434
1.328000000	20.303250084	4.231070980	1.763432929
1.329000000	20.316114334	4.232478421	1.759584350
1.330000000	20.328975997	4.233883753	1.755728698
1.331000000	20.341835077	4.235286978	1.751865972
1.332000000	20.354691573	4.236688096	1.747996177
1.333000000	20.367545487	4.238087107	1.744119311
1.334000000	20.380396821	4.239484014	1.740235378
1.335000000	20.393245577	4.240878816	1.736344378
1.336000000	20.406091755	4.242271515	1.732446313
1.337000000	20.418935358	4.243662111	1.728541184
1.338000000	20.431776386	4.245050606	1.724628993
1.339000000	20.444614842	4.246437001	1.720709741
1.340000000	20.457450726	4.247821296	1.716783429
1.341000000	20.470284041	4.249203492	1.712850060
1.342000000	20.483114787	4.250583590	1.708909633
1.343000000	20.495942967	4.251961591	1.704962151
1.344000000	20.508768581	4.253337496	1.701007616
1.345000000	20.521591632	4.254711306	1.697046028
1.346000000	20.534412120	4.256083022	1.693077389
1.347000000	20.547230047	4.257452644	1.689101701
1.348000000	20.560045414	4.258820174	1.685118964
1.349000000	20.572858224	4.260185612	1.681129180
1.350000000	20.585668477	4.261548960	1.677132352
1.351000000	20.598476175	4.262910218	1.673128479
1.352000000	20.611281320	4.264269387	1.669117563
1.353000000	20.624083912	4.265626468	1.665099607
1.354000000	20.636883954	4.266981462	1.661074611
1.355000000	20.649681446	4.268334370	1.657042577
1.356000000	20.662476391	4.269685192	1.653003506
1.357000000	20.675268789	4.271033930	1.648957399
1.358000000	20.688058643	4.272380585	1.644904258
1.359000000	20.700845953	4.273725157	1.640844085
1.360000000	20.713630721	4.275067647	1.636776881
1.361000000	20.726412949	4.276408056	1.632702647
1.362000000	20.739192637	4.277746386	1.628621384
1.363000000	20.751969788	4.279082636	1.624533095
1.364000000	20.764744403	4.280416808	1.620437780
1.365000000	20.777516483	4.281748903	1.616335441
1.366000000	20.790286029	4.283078922	1.612226079
1.367000000	20.803053044	4.284406865	1.608109697
1.368000000	20.815817528	4.285732733	1.603986294
1.369000000	20.828579483	4.287056528	1.599855873
1.370000000	20.841338911	4.288378250	1.595718435
1.371000000	20.854095812	4.289697900	1.591573981
1.372000000	20.866850189	4.291015479	1.587422513
1.373000000	20.879602042	4.292330988	1.583264033
1.374000000	20.892351373	4.293644427	1.579098541
1.375000000	20.905098184	4.294955798	1.574926039
1.376000000	20.917842476	4.296265102	1.570746529
1.377000000	20.930584250	4.297572338	1.566560012
1.378000000	20.943323508	4.298877509	1.562366489
1.379000000	20.956060251	4.300180616	1.558165962
1.380000000	20.968794480	4.301481658	1.553958432
1.381000000	20.981526198	4.302780637	1.549743901
1.382000000	20.994255405	4.304077554	1.545522369
1.383000000	21.006982103	4.305372409	1.541293840
1.384000000	21.019706293	4.306665204	1.537058313
1.385000000	21.032427976	4.307955939	1.532815790
1.386000000	21.045147155	4.309244616	1.528566274
1.387000000	21.057863829	4.310531235	1.524309764
1.388000000	21.070578002	4.311815796	1.520046263
1.389000000	21.083289674	4.313098302	1.515775772
1.390000000	21.095998846	4.314378752	1.511498293
1.391000000	21.108705521	4.315657148	1.507213826
1.392000000	21.121409699	4.316933491	1.502922373
1.393000000	21.134111381	4.318207781	1.498623937
1.394000000	21.146810570	4.319480019	1.494318517
1.395000000	21.159507266	4.320750206	1.490006116
1.396000000	21.172201471	4.322018343	1.485686735
1.397000000	21.184893186	4.323284431	1.481360375
1.398000000	21.197582413	4.324548471	1.477027038
1.399000000	21.210269153	4.325810464	1.472686725
1.400000000	21.222953407	4.327070410	1.468339438
1.401000000	21.235635178	4.328328310	1.463985178
1.402000000	21.248314465	4.329584165	1.459623947
1.403000000	21.260991271	4.330837977	1.455255745
1.404000000	21.273665596	4.332089746	1.450880575
1.405000000	21.286337443	4.333339472	1.446498438
1.406000000	21.299006813	4.334587157	1.442109335
1.407000000	21.311673707	4.335832801	1.437713267
1.408000000	21.324338125	4.337076406	1.433310237
1.409000000	21.337000071	4.338317972	1.428900245
1.410000000	21.349659545	4.339557501	1.424483293
1.411000000	21.362316548	4.340794992	1.420059382
1.412000000	21.374971082	4.342030447	1.415628514
1.413000000	21.387623148	4.343263867	1.411190690
1.414000000	21.400272747	4.344495253	1.406745912
1.415000000	21.412919881	4.345724605	1.402294181
1.416000000	21.425564552	4.346951924	1.397835498
1.417000000	21.438206760	4.348177211	1.393369865
1.418000000	21.450846506	4.349400467	1.388897284
1.419000000	21.463483793	4.350621694	1.384417755
1.420000000	21.476118622	4.351840891	1.379931281
1.421000000	21.488750993	4.353058059	1.375437862
1.422000000	21.501380909	4.354273200	1.370937500
1.423000000	21.514008370	4.355486315	1.366430197
1.424000000	21.526633378	4.356697403	1.361915953
1.425000000	21.539255935	4.357906467	1.357394771
1.426000000	21.551876041	4.359113506	1.352866652
1.427000000	21.564493697	4.360318522	1.348331596
1.428000000	21.577108906	4.361521516	1.343789607
1.429000000	21.589721669	4.362722488	1.339240684
1.430000000	21.602331986	4.363921439	1.334684830
1.431000000	21.614939860	4.365118370	1.330122046
1.432000000	21.627545291	4.366313283	1.325552333
1.433000000	21.640148281	4.367506177	1.320975693
1.434000000	21.652748831	4.368697054	1.316392127
1.435000000	21.665346942	4.369885915	1.311801637
1.436000000	21.677942616	4.371072760	1.307204223
1.437000000	21.690535855	4.372257590	1.302599889
1.438000000	21.703126658	4.373440406	1.297988634
1.439000000	21.715715029	4.374621209	1.293370460
1.440000000	21.728300967	4.375800000	1.288745370
1.441000000	21.740884475	4.376976780	1.284113363
1.442000000	21.753465553	4.378151549	1.279474442
1.443000000	21.766044204	4.379324308	1.274828609
1.444000000	21.778620427	4.380495058	1.270175864
1.445000000	21.791194225	4.381663801	1.265516208
1.446000000	21.803765599	4.382830536	1.260849644
1.447000000	21.816334550	4.383995265	1.256176173
1.448000000	21.828901079	4.385157989	1.251495797
1.449000000	21.841465189	4.386318708	1.246808516
1.450000000	21.854026879	4.387477423	1.242114332
1.451000000	21.866586151	4.388634135	1.237413246
1.452000000	21.879143007	4.389788845	1.232705261
1.453000000	21.891697448	4.390941554	1.227990377
1.454000000	21.904249475	4.392092262	1.223268596
1.455000000	21.916799089	4.393240971	1.218539919
1.456000000	21.929346292	4.394387681	1.213804348
1.457000000	21.941891085	4.395532394	1.209061884
1.458000000	21.954433470	4.396675109	1.204312529
1.459000000	21.966973447	4.397815828	1.199556283
1.460000000	21.979511017	4.398954551	1.194793150
1.461000000	21.992046183	4.400091280	1.190023129
1.462000000	22.004578945	4.401226015	1.185246223
1.463000000	22.017109305	4.402358758	1.180462432
1.464000000	22.029637264	4.403489508	1.175671758
1.465000000	22.042162823	4.404618267	1.170874204
1.466000000	22.054685983	4.405745036	1.166069769
1.467000000	22.067206746	4.406869815	1.161258456
1.468000000	22.079725113	4.407992606	1.156440266
1.469000000	22.092241085	4.409113408	1.151615200
1.470000000	22.104754664	4.410232224	1.146783261
1.471000000	22.117265851	4.411349053	1.141944448
1.472000000	22.129774646	4.412463897	1.137098765
1.473000000	22.142281052	4.413576757	1.132246211
1.474000000	22.154785069	4.414687633	1.127386789
1.475000000	22.167286699	4.415796526	1.122520501
1.476000000	22.179785943	4.416903436	1.117647347
1.477000000	22.192282802	4.418008366	1.112767328
1.478000000	22.204777278	4.419111315	1.107880447
1.479000000	22.217269372	4.420212285	1.102986706
1.480000000	22.229759084	4.421311275	1.098086104
1.481000000	22.242246417	4.422408288	1.093178644
1.482000000	22.254731371	4.423503324	1.088264327
1.483000000	22.267213948	4.424596384	1.083343155
1.484000000	22.279694149	4.425687468	1.078415129
1.485000000	22.292171975	4.426776577	1.073480250
1.486000000	22.304647427	4.427863713	1.068538521
1.487000000	22.317120507	4.428948876	1.063589942
1.488000000	22.329591216	4.430032067	1.058634514
1.489000000	22.342059556	4.431113286	1.053672240
1.490000000	22.354525526	4.432192535	1.048703121
1.491000000	22.366989129	4.433269814	1.043727158
1.492000000	22.379450366	4.434345124	1.038744353
1.493000000	22.391909238	4.435418466	1.033754706
1.494000000	22.404365746	4.436489841	1.028758220
1.495000000	22.416819891	4.437559250	1.023754896
1.496000000	22.429271676	4.438626693	1.018744736
1.497000000	22.441721100	4.439692171	1.013727740
1.498000000	22.454168165	4.440755685	1.008703911
1.499000000	22.466612873	4.441817237	1.003673250
1.500000000	22.479055224	4.442876826	0.998635757
1.501000000	22.491495220	4.443934453	0.993591436
1.502000000	22.503932862	4.444990120	0.988540286
1.503000000	22.516368151	4.446043827	0.983482310
1.504000000	22.528801088	4.447095575	0.978417510
1.505000000	22.541231675	4.448145365	0.973345885
1.506000000	22.553659913	4.449193197	0.968267439
1.507000000	22.566085803	4.450239073	0.963182172
1.508000000	22.578509346	4.451282993	0.958090085
1.509000000	22.590930543	4.452324958	0.952991181
1.510000000	22.603349396	4.453364969	0.947885461
1.511000000	22.615765906	4.454403026	0.942772926
1.512000000	22.628180073	4.455439131	0.937653577
1.513000000	22.640591900	4.456473285	0.932527417
1.514000000	22.653001387	4.457505487	0.927394446
1.515000000	22.665408536	4.458535739	0.922254666
1.516000000	22.677813348	4.459564043	0.917108079
1.517000000	22.690215823	4.460590397	0.911954685
1.518000000	22.702615964	4.461614804	0.906794487
1.519000000	22.715013771	4.462637264	0.901627485
1.520000000	22.727409245	4.463657779	0.896453682
1.521000000	22.739802388	4.464676348	0.891273079
1.522000000	22.752193201	4.465692972	0.886085677
1.523000000	22.764581685	4.466707653	0.880891477
1.524000000	22.776967841	4.467720391	0.875690482
1.525000000	22.789351671	4.468731187	0.870482692
1.526000000	22.801733175	4.469740042	0.865268109
1.527000000	22.814112355	4.470746957	0.860046734
1.528000000	22.826489211	4.471751932	0.854818570
1.529000000	22.838863746	4.472754968	0.849583617
1.530000000	22.851235960	4.473756066	0.844341876
1.531000000	22.863605855	4.474755228	0.839093350
1.532000000	22.875973431	4.475752452	0.833838040
1.533000000	22.888338689	4.476747742	0.828575947
1.534000000	22.900701632	4.477741096	0.823307072
1.535000000	22.913062260	4.478732517	0.818031418
1.536000000	22.925420573	4.479722004	0.812748985
1.537000000	22.937776575	4.480709559	0.807459776
1.538000000	22.950130265	4.481695183	0.802163791
1.539000000	22.962481644	4.482678876	0.796861032
1.540000000	22.974830714	4.483660639	0.791551500
1.541000000	22.987177477	4.484640472	0.786235197
1.542000000	22.999521932	4.485618378	0.780912125
1.543000000	23.011864082	4.486594356	0.775582284
1.544000000	23.024203927	4.487568407	0.770245677
1.545000000	23.036541469	4.488540532	0.764902305
1.546000000	23.048876709	4.489510732	0.759552168
1.547000000	23.061209647	4.490479008	0.754195270
1.548000000	23.073540286	4.491445360	0.748831610
1.549000000	23.085868625	4.492409790	0.743461192
1.550000000	23.098194667	4.493372297	0.738084015
1.551000000	23.110518413	4.494332884	0.732700082
1.552000000	23.122839863	4.495291550	0.727309394
1.553000000	23.135159018	4.496248296	0.721911952
1.554000000	23.147475881	4.497203124	0.716507758
1.555000000	23.159790451	4.498156034	0.711096814
1.556000000	23.172102731	4.499107026	0.705679121
1.557000000	23.184412721	4.500056102	0.700254680
1.558000000	23.196720422	4.501003263	0.694823493
1.559000000	23.209025836	4.501948509	0.689385561
1.560000000	23.221328963	4.502891841	0.683940886
1.561000000	23.233629806	4.503833259	0.678489469
1.562000000	23.245928364	4.504772765	0.673031311
1.563000000	23.258224639	4.505710360	0.667566415
1.564000000	23.270518632	4.506646044	0.662094782
1.565000000	23.282810344	4.507579817	0.656616413
1.566000000	23.295099777	4.508511682	0.651131309
1.567000000	23.307386931	4.509441637	0.645639473
1.568000000	23.319671808	4.510369686	0.640140905
1.569000000	23.331954408	4.511295827	0.634635606
1.570000000	23.344234734	4.512220062	0.629123580
1.571000000	23.356512785	4.513142392	0.623604826
1.572000000	23.368788563	4.514062818	0.618079347
1.573000000	23.381062070	4.514981339	0.612547144
1.574000000	23.393333305	4.515897958	0.607008218
1.575000000	23.405602271	4.516812675	0.601462571
1.576000000	23.417868969	4.517725490	0.595910204
1.577000000	23.430133399	4.518636404	0.590351119
1.578000000	23.442395563	4.519545419	0.584785318
1.579000000	23.454655461	4.520452535	0.579212801
1.580000000	23.466913095	4.521357752	0.573633570
1.581000000	23.479168467	4.522261073	0.568047627
1.582000000	23.491421576	4.523162496	0.562454973
1.583000000	23.503672424	4.524062024	0.556855610
1.584000000	23.515921013	4.524959656	0.551249539
1.585000000	23.528167343	4.525855394	0.545636762
1.586000000	23.540411415	4.526749239	0.540017280
1.587000000	23.552653231	4.527641190	0.534391094
1.588000000	23.564892792	4.528531250	0.528758207
1.589000000	23.577130098	4.529419419	0.523118618
1.590000000	23.589365151	4.530305697	0.517472331
1.591000000	23.601597952	4.531190086	0.511819347
1.592000000	23.613828502	4.532072586	0.506159666
1.593000000	23.626056802	4.532953197	0.500493291
1.594000000	23.638282852	4.533831922	0.494820223
1.595000000	23.650506655	4.534708759	0.489140464
1.596000000	23.662728212	4.535583712	0.483454014
1.597000000	23.674947522	4.536456779	0.477760876
1.598000000	23.687164589	4.537327962	0.472061050
1.599000000	23.699379411	4.538197261	0.466354539
1.600000000	23.711591991	4.539064678	0.460641344
1.601000000	23.723802330	4.539930214	0.454921466
1.602000000	23.736010428	4.540793868	0.449194907
1.603000000	23.748216287	4.541655642	0.443461668
1.604000000	23.760419908	4.542515536	0.437721751
1.605000000	23.772621292	4.543373551	0.431975158
1.606000000	23.784820440	4.544229689	0.426221889
1.607000000	23.797017353	4.545083949	0.420461946
1.608000000	23.809212032	4.545936333	0.414695332
1.609000000	23.821404478	4.546786842	0.408922046
1.610000000	23.833594692	4.547635475	0.403142091
1.611000000	23.845782675	4.548482234	0.397355468
1.612000000	23.857968429	4.549327120	0.391562179
1.613000000	23.870151954	4.550170134	0.385762226
1.614000000	23.882333252	4.551011276	0.379955609
1.615000000	23.894512323	4.551850546	0.374142330
1.616000000	23.906689168	4.552687947	0.368322390
1.617000000	23.918863789	4.553523478	0.362495792
1.618000000	23.931036187	4.554357140	0.356662537
1.619000000	23.943206362	4.555188934	0.350822626
1.620000000	23.955374316	4.556018861	0.344976060
1.621000000	23.967540050	4.556846922	0.339122842
1.622000000	23.979703565	4.557673117	0.333262972
1.623000000	23.991864861	4.558497448	0.327396452
1.624000000	24.004023941	4.559319914	0.321523284
1.625000000	24.016180804	4.560140517	0.315643469
1.626000000	24.028335452	4.560959257	0.309757009
1.627000000	24.040487886	4.561776136	0.303863904
1.628000000	24.052638108	4.562591154	0.297964158
1.629000000	24.064786117	4.563404311	0.292057770
1.630000000	24.076931915	4.564215609	0.286144743
1.631000000	24.089075504	4.565025048	0.280225078
1.632000000	24.101216884	4.565832630	0.274298777
1.633000000	24.113356056	4.566638354	0.268365841
1.634000000	24.125493021	4.567442221	0.262426271
1.635000000	24.137627780	4.568244233	0.256480069
1.636000000	24.149760335	4.569044390	0.250527237
1.637000000	24.161890686	4.569842694	0.244567777
1.638000000	24.174018834	4.570639143	0.238601688
1.639000000	24.186144781	4.571433740	0.232628974
1.640000000	24.198268527	4.572226486	0.226649635
1.641000000	24.210390073	4.573017380	0.220663674
1.642000000	24.222509421	4.573806424	0.214671091
1.643000000	24.234626571	4.574593618	0.208671888
1.644000000	24.246741525	4.575378963	0.202666067
1.645000000	24.258854283	4.576162461	0.196653629
1.646000000	24.270964847	4.576944111	0.190634575
1.647000000	24.283073217	4.577723915	0.184608908
1.648000000	24.295179394	4.578501873	0.178576628
1.649000000	24.307283380	4.579277986	0.172537738
1.650000000	24.319385176	4.580052255	0.166492238
1.651000000	24.331484782	4.580824680	0.160440130
1.652000000	24.343582199	4.581595263	0.154381416
1.653000000	24.355677429	4.582364004	0.148316096
1.654000000	24.367770473	4.583130904	0.142244174
1.655000000	24.379861331	4.583895963	0.136165650
1.656000000	24.391950005	4.584659182	0.130080525
1.657000000	24.404036495	4.585420563	0.123988802
1.658000000	24.416120803	4.586180105	0.117890481
1.659000000	24.428202929	4.586937810	0.111785565
1.660000000	24.440282875	4.587693679	0.105674054
1.661000000	24.452360641	4.588447711	0.099555950
1.662000000	24.464436229	4.589199909	0.093431256
1.663000000	24.476509640	4.589950272	0.087299971
1.664000000	24.488580873	4.590698801	0.081162098
1.665000000	24.500649932	4.591445498	0.075017639
1.666000000	24.512716816	4.592190362	0.068866594
1.667000000	24.524781526	4.592933395	0.062708965
1.668000000	24.536844064	4.593674598	0.056544755
1.669000000	24.548904430	4.594413970	0.050373963
1.670000000	24.560962625	4.595151514	0.044196593
1.671000000	24.573018651	4.595887229	0.038012645
1.672000000	24.585072509	4.596621117	0.031822121
1.673000000	24.597124199	4.597353177	0.025625022
1.674000000	24.609173722	4.598083412	0.019421350
1.675000000	24.621221079	4.598811822	0.013211106
1.676000000	24.633266272	4.599538406	0.006994293
1.677000000	24.645309301	4.600263167	0.000770911
1.678000000	24.657350168	4.600986105	-0.005459039
