0.000000000	0.000000000	0.000000000	0.000000000
0.001000000	0.018780902	0.005511889	0.007119093
0.002000000	0.037555121	0.011019047	0.014225560
0.003000000	0.056322664	0.016521477	0.021319409
0.004000000	0.075083537	0.022019182	0.028400647
0.005000000	0.093837745	0.027512168	0.035469279
0.006000000	0.112585296	0.033000437	0.042525313
0.007000000	0.131326194	0.038483995	0.049568754
0.008000000	0.150060447	0.043962844	0.056599610
0.009000000	0.168788059	0.049436989	0.063617887
0.010000000	0.187509038	0.054906435	0.070623590
0.011000000	0.206223389	0.060371183	0.077616728
0.012000000	0.224931119	0.065831240	0.084597306
0.013000000	0.243632233	0.071286608	0.091565330
0.014000000	0.262326737	0.076737292	0.098520808
0.015000000	0.281014637	0.082183295	0.105463746
0.016000000	0.299695941	0.087624622	0.112394149
0.017000000	0.318370652	0.093061276	0.119312025
0.018000000	0.337038778	0.098493261	0.126217379
0.019000000	0.355700324	0.103920581	0.133110219
0.020000000	0.374355297	0.109343240	0.139990551
0.021000000	0.393003702	0.114761242	0.146858381
0.022000000	0.411645546	0.120174591	0.153713715
0.023000000	0.430280833	0.125583291	0.160556560
0.024000000	0.448909571	0.130987345	0.167386922
0.025000000	0.467531765	0.136386758	0.174204807
0.026000000	0.486147421	0.141781532	0.181010223
0.027000000	0.504756545	0.147171673	0.187803174
0.028000000	0.523359143	0.152557184	0.194583668
0.029000000	0.541955220	0.157938068	0.201351711
0.030000000	0.560544784	0.163314331	0.208107308
0.031000000	0.579127838	0.168685974	0.214850467
0.032000000	0.597704390	0.174053003	0.221581194
0.033000000	0.616274445	0.179415421	0.228299495
0.034000000	0.634838010	0.184773232	0.235005376
0.035000000	0.653395089	0.190126440	0.241698843
0.036000000	0.671945689	0.195475048	0.248379902
0.037000000	0.690489815	0.200819061	0.255048561
0.038000000	0.709027474	0.206158481	0.261704825
0.039000000	0.727558671	0.211493314	0.268348700
0.040000000	0.746083411	0.216823562	0.274980192
0.041000000	0.764601702	0.222149230	0.281599309
0.042000000	0.783113548	0.227470321	0.288206055
0.043000000	0.801618955	0.232786838	0.294800437
0.044000000	0.820117929	0.238098787	0.301382462
0.045000000	0.838610476	0.243406170	0.307952134
0.046000000	0.857096602	0.248708992	0.314509462
0.047000000	0.875576312	0.254007255	0.321054450
0.048000000	0.894049611	0.259300964	0.327587105
0.049000000	0.912516507	0.264590123	0.334107433
0.050000000	0.930977003	0.269874735	0.340615439
0.051000000	0.949431107	0.275154804	0.347111131
0.052000000	0.967878823	0.280430333	0.353594515
0.053000000	0.986320158	0.285701327	0.360065595
0.054000000	1.004755117	0.290967789	0.366524379
0.055000000	1.023183706	0.296229722	0.372970872
0.056000000	1.041605930	0.301487131	0.379405081
0.057000000	1.060021795	0.306740020	0.385827012
0.058000000	1.078431307	0.311988391	0.392236670
0.059000000	1.096834471	0.317232248	0.398634062
0.060000000	1.115231293	0.322471596	0.405019193
0.061000000	1.133621778	0.327706437	0.411392070
0.062000000	1.152005933	0.332936776	0.417752699
0.063000000	1.170383762	0.338162616	0.424101085
0.064000000	1.188755271	0.343383961	0.430437235
0.065000000	1.207120466	0.348600815	0.436761155
0.066000000	1.225479353	0.353813181	0.443072850
0.067000000	1.243831937	0.359021062	0.449372327
0.068000000	1.262178223	0.364224463	0.455659592
0.069000000	1.280518217	0.369423386	0.461934650
0.070000000	1.298851925	0.374617837	0.468197507
0.071000000	1.317179352	0.379807817	0.474448169
0.072000000	1.335500503	0.384993331	0.480686643
0.073000000	1.353815384	0.390174383	0.486912934
0.074000000	1.372124002	0.395350976	0.493127048
0.075000000	1.390426360	0.400523114	0.499328991
0.076000000	1.408722464	0.405690800	0.505518769
0.077000000	1.427012321	0.410854037	0.511696387
0.078000000	1.445295935	0.416012830	0.517861852
0.079000000	1.463573313	0.421167182	0.524015170
0.080000000	1.481844458	0.426317097	0.530156346
0.081000000	1.500109378	0.431462577	0.536285385
0.082000000	1.518368076	0.436603628	0.542402295
0.083000000	1.536620560	0.441740251	0.548507080
0.084000000	1.554866833	0.446872452	0.554599747
0.085000000	1.573106902	0.452000232	0.560680302
0.086000000	1.591340772	0.457123597	0.566748749
0.087000000	1.609568447	0.462242549	0.572805096
0.088000000	1.627789935	0.467357092	0.578849347
0.089000000	1.646005240	0.472467229	0.584881509
0.090000000	1.664214367	0.477572964	0.590901587
0.091000000	1.682417321	0.482674301	0.596909587
0.092000000	1.700614109	0.487771243	0.602905514
0.093000000	1.718804735	0.492863793	0.608889376
0.094000000	1.736989205	0.497951955	0.614861176
0.095000000	1.755167524	0.503035733	0.620820922
0.096000000	1.773339697	0.508115130	0.626768618
0.097000000	1.791505730	0.513190149	0.632704270
0.098000000	1.809665628	0.518260794	0.638627885
0.099000000	1.827819396	0.523327068	0.644539467
0.100000000	1.845967040	0.528388976	0.650439023
0.101000000	1.864108564	0.533446520	0.656326557
0.102000000	1.882243974	0.538499703	0.662202077
0.103000000	1.900373276	0.543548530	0.668065587
0.104000000	1.918496474	0.548593003	0.673917093
0.105000000	1.936613574	0.553633127	0.679756601
0.106000000	1.954724581	0.558668904	0.685584116
0.107000000	1.972829501	0.563700339	0.691399644
0.108000000	1.990928338	0.568727434	0.697203190
0.109000000	2.009021097	0.573750192	0.702994761
0.110000000	2.027107784	0.578768618	0.708774362
0.111000000	2.045188405	0.583782715	0.714541998
0.112000000	2.063262963	0.588792486	0.720297674
0.113000000	2.081331465	0.593797934	0.726041398
0.114000000	2.099393915	0.598799064	0.731773173
0.115000000	2.117450320	0.603795878	0.737493006
0.116000000	2.135500683	0.608788379	0.743200903
0.117000000	2.153545010	0.613776572	0.748896868
0.118000000	2.171583306	0.618760459	0.754580907
0.119000000	2.189615577	0.623740044	0.760253026
0.120000000	2.207641827	0.628715330	0.765913230
0.121000000	2.225662061	0.633686321	0.771561526
0.122000000	2.243676285	0.638653020	0.777197917
0.123000000	2.261684504	0.643615430	0.782822410
0.124000000	2.279686722	0.648573555	0.788435011
0.125000000	2.297682946	0.653527398	0.794035724
0.126000000	2.315673179	0.658476962	0.799624556
0.127000000	2.333657427	0.663422251	0.805201511
0.128000000	2.351635696	0.668363268	0.810766596
0.129000000	2.369607989	0.673300017	0.816319815
0.130000000	2.387574313	0.678232500	0.821861174
0.131000000	2.405534672	0.683160722	0.827390679
0.132000000	2.423489071	0.688084684	0.832908335
0.133000000	2.441437515	0.693004392	0.838414147
0.134000000	2.459380010	0.697919847	0.843908120
0.135000000	2.477316559	0.702831054	0.849390261
0.136000000	2.495247169	0.707738015	0.854860574
0.137000000	2.513171845	0.712640734	0.860319066
0.138000000	2.531090590	0.717539215	0.865765740
0.139000000	2.549003410	0.722433459	0.871200603
0.140000000	2.566910311	0.727323472	0.876623660
0.141000000	2.584811297	0.732209256	0.882034917
0.142000000	2.602706372	0.737090813	0.887434378
0.143000000	2.620595543	0.741968149	0.892822050
0.144000000	2.638478814	0.746841265	0.898197936
0.145000000	2.656356189	0.751710165	0.903562044
0.146000000	2.674227674	0.756574853	0.908914377
0.147000000	2.692093274	0.761435331	0.914254942
0.148000000	2.709952994	0.766291603	0.919583744
0.149000000	2.727806838	0.771143672	0.924900787
0.150000000	2.745654811	0.775991541	0.930206078
0.151000000	2.763496918	0.780835214	0.935499621
0.152000000	2.781333165	0.785674694	0.940781422
0.153000000	2.799163555	0.790509983	0.946051486
0.154000000	2.816988094	0.795341086	0.951309818
0.155000000	2.834806787	0.800168005	0.956556424
0.156000000	2.852619639	0.804990744	0.961791309
0.157000000	2.870426654	0.809809305	0.967014477
0.158000000	2.888227837	0.814623693	0.972225935
0.159000000	2.906023193	0.819433909	0.977425688
0.160000000	2.923812726	0.824239958	0.982613740
0.161000000	2.941596443	0.829041843	0.987790097
0.162000000	2.959374347	0.833839567	0.992954764
0.163000000	2.977146443	0.838633132	0.998107746
0.164000000	2.994912736	0.843422542	1.003249049
0.165000000	3.012673230	0.848207801	1.008378677
0.166000000	3.030427932	0.852988911	1.013496637
0.167000000	3.048176844	0.857765876	1.018602932
0.168000000	3.065919973	0.862538699	1.023697568
0.169000000	3.083657322	0.867307382	1.028780551
0.170000000	3.101388897	0.872071930	1.033851885
0.171000000	3.119114702	0.876832344	1.038911575
0.172000000	3.136834742	0.881588629	1.043959628
0.173000000	3.154549022	0.886340788	1.048996047
0.174000000	3.172257546	0.891088823	1.054020838
0.175000000	3.189960320	0.895832737	1.059034006
0.176000000	3.207657347	0.900572535	1.064035556
0.177000000	3.225348633	0.905308219	1.069025493
0.178000000	3.243034182	0.910039791	1.074003822
0.179000000	3.260713998	0.914767256	1.078970549
0.180000000	3.278388088	0.919490616	1.083925678
0.181000000	3.296056454	0.924209875	1.088869215
0.182000000	3.313719103	0.928925035	1.093801164
0.183000000	3.331376037	0.933636099	1.098721531
0.184000000	3.349027263	0.938343071	1.103630321
0.185000000	3.366672785	0.943045954	1.108527538
0.186000000	3.384312607	0.947744751	1.113413188
0.187000000	3.401946734	0.952439464	1.118287275
0.188000000	3.419575171	0.957130098	1.123149805
0.189000000	3.437197922	0.961816654	1.128000783
0.190000000	3.454814991	0.966499137	1.132840214
0.191000000	3.472426384	0.971177549	1.137668102
0.192000000	3.490032105	0.975851893	1.142484453
0.193000000	3.507632159	0.980522172	1.147289272
0.194000000	3.525226550	0.985188389	1.152082564
0.195000000	3.542815282	0.989850548	1.156864333
0.196000000	3.560398361	0.994508651	1.161634584
0.197000000	3.577975790	0.999162702	1.166393323
0.198000000	3.595547575	1.003812703	1.171140555
0.199000000	3.613113720	1.008458657	1.175876284
0.200000000	3.630674229	1.013100568	1.180600515
0.201000000	3.648229107	1.017738439	1.185313254
0.202000000	3.665778358	1.022372271	1.190014504
0.203000000	3.683321987	1.027002070	1.194704272
0.204000000	3.700859999	1.031627837	1.199382562
0.205000000	3.718392397	1.036249575	1.204049379
0.206000000	3.735919187	1.040867288	1.208704727
0.207000000	3.753440373	1.045480978	1.213348612
0.208000000	3.770955959	1.050090649	1.217981039
0.209000000	3.788465950	1.054696303	1.222602012
0.210000000	3.805970350	1.059297944	1.227211536
0.211000000	3.823469164	1.063895574	1.231809616
0.212000000	3.840962396	1.068489197	1.236396257
0.213000000	3.858450051	1.073078815	1.240971465
0.214000000	3.875932133	1.077664431	1.245535242
0.215000000	3.893408646	1.082246048	1.250087596
0.216000000	3.910879595	1.086823670	1.254628529
0.217000000	3.928344984	1.091397299	1.259158048
0.218000000	3.945804818	1.095966938	1.263676156
0.219000000	3.963259101	1.100532590	1.268182860
0.220000000	3.980707837	1.105094258	1.272678163
0.221000000	3.998151031	1.109651946	1.277162070
0.222000000	4.015588688	1.114205654	1.281634586
0.223000000	4.033020811	1.118755388	1.286095716
0.224000000	4.050447405	1.123301150	1.290545465
0.225000000	4.067868474	1.127842942	1.294983837
0.226000000	4.085284023	1.132380768	1.299410837
0.227000000	4.102694056	1.136914630	1.303826471
0.228000000	4.120098577	1.141444531	1.308230742
0.229000000	4.137497591	1.145970475	1.312623655
0.230000000	4.154891102	1.150492464	1.317005215
0.231000000	4.172279114	1.155010502	1.321375428
0.232000000	4.189661632	1.159524590	1.325734297
0.233000000	4.207038660	1.164034732	1.330081827
0.234000000	4.224410201	1.168540930	1.334418023
0.235000000	4.241776262	1.173043189	1.338742890
0.236000000	4.259136845	1.177541510	1.343056432
0.237000000	4.276491955	1.182035896	1.347358655
0.238000000	4.293841596	1.186526350	1.351649562
0.239000000	4.311185773	1.191012876	1.355929158
0.240000000	4.328524490	1.195495476	1.360197449
0.241000000	4.345857751	1.199974152	1.364454439
0.242000000	4.363185560	1.204448908	1.368700132
0.243000000	4.380507922	1.208919747	1.372934533
0.244000000	4.397824840	1.213386671	1.377157646
0.245000000	4.415136320	1.217849683	1.381369477
0.246000000	4.432442364	1.222308787	1.385570030
0.247000000	4.449742979	1.226763984	1.389759310
0.248000000	4.467038166	1.231215278	1.393937321
0.249000000	4.484327932	1.235662671	1.398104068
0.250000000	4.501612280	1.240106167	1.402259555
0.251000000	4.518891214	1.244545768	1.406403787
0.252000000	4.536164738	1.248981478	1.410536769
0.253000000	4.553432857	1.253413298	1.414658505
0.254000000	4.570695574	1.257841231	1.418769000
0.255000000	4.587952895	1.262265281	1.422868259
0.256000000	4.605204822	1.266685451	1.426956285
0.257000000	4.622451361	1.271101742	1.431033084
0.258000000	4.639692515	1.275514158	1.435098660
0.259000000	4.656928288	1.279922702	1.439153017
0.260000000	4.674158685	1.284327376	1.443196161
0.261000000	4.691383710	1.288728184	1.447228095
0.262000000	4.708603366	1.293125127	1.451248825
0.263000000	4.725817658	1.297518209	1.455258355
0.264000000	4.743026591	1.301907433	1.459256689
0.265000000	4.760230167	1.306292801	1.463243831
0.266000000	4.777428392	1.310674316	1.467219787
0.267000000	4.794621269	1.315051980	1.471184561
0.268000000	4.811808802	1.319425798	1.475138157
0.269000000	4.828990996	1.323795770	1.479080580
0.270000000	4.846167854	1.328161901	1.483011834
0.271000000	4.863339381	1.332524193	1.486931924
0.272000000	4.880505580	1.336882648	1.490840854
0.273000000	4.897666456	1.341237269	1.494738630
0.274000000	4.914822013	1.345588060	1.498625254
0.275000000	4.931972255	1.349935022	1.502500732
0.276000000	4.949117185	1.354278159	1.506365068
0.277000000	4.966256808	1.358617473	1.510218266
0.278000000	4.983391127	1.362952967	1.514060331
0.279000000	5.000520148	1.367284643	1.517891268
0.280000000	5.017643873	1.371612505	1.521711081
0.281000000	5.034762307	1.375936555	1.525519774
0.282000000	5.051875454	1.380256796	1.529317352
0.283000000	5.068983317	1.384573230	1.533103818
0.284000000	5.086085902	1.388885861	1.536879179
0.285000000	5.103183211	1.393194690	1.540643437
0.286000000	5.120275248	1.397499721	1.544396597
0.287000000	5.137362019	1.401800956	1.548138664
0.288000000	5.154443525	1.406098398	1.551869642
0.289000000	5.171519773	1.410392050	1.555589536
0.290000000	5.188590764	1.414681914	1.559298349
0.291000000	5.205656504	1.418967993	1.562996086
0.292000000	5.222716997	1.423250290	1.566682752
0.293000000	5.239772246	1.427528807	1.570358351
0.294000000	5.256822254	1.431803547	1.574022887
0.295000000	5.273867027	1.436074513	1.577676365
0.296000000	5.290906568	1.440341707	1.581318788
0.297000000	5.307940881	1.444605132	1.584950162
0.298000000	5.324969969	1.448864790	1.588570490
0.299000000	5.341993837	1.453120685	1.592179777
0.300000000	5.359012489	1.457372819	1.595778028
0.301000000	5.376025928	1.461621194	1.599365245
0.302000000	5.393034158	1.465865814	1.602941435
0.303000000	5.410037183	1.470106680	1.606506601
0.304000000	5.427035008	1.474343796	1.610060747
0.305000000	5.444027635	1.478577163	1.613603877
0.306000000	5.461015069	1.482806786	1.617135997
0.307000000	5.477997313	1.487032666	1.620657109
0.308000000	5.494974371	1.491254805	1.624167220
0.309000000	5.511946248	1.495473208	1.627666332
0.310000000	5.528912947	1.499687875	1.631154450
0.311000000	5.545874471	1.503898810	1.634631578
0.312000000	5.562830826	1.508106016	1.638097721
0.313000000	5.579782013	1.512309494	1.641552882
0.314000000	5.596728038	1.516509248	1.644997066
0.315000000	5.613668903	1.520705280	1.648430278
0.316000000	5.630604614	1.524897593	1.651852521
0.317000000	5.647535173	1.529086189	1.655263800
0.318000000	5.664460584	1.533271071	1.658664118
0.319000000	5.681380851	1.537452242	1.662053481
0.320000000	5.698295979	1.541629704	1.665431892
0.321000000	5.715205969	1.545803459	1.668799355
0.322000000	5.732110828	1.549973511	1.672155875
0.323000000	5.749010557	1.554139861	1.675501456
0.324000000	5.765905161	1.558302512	1.678836102
0.325000000	5.782794644	1.562461468	1.682159817
0.326000000	5.799679008	1.566616730	1.685472606
0.327000000	5.816558259	1.570768301	1.688774472
0.328000000	5.833432400	1.574916183	1.692065419
0.329000000	5.850301434	1.579060380	1.695345453
0.330000000	5.867165365	1.583200893	1.698614577
0.331000000	5.884024197	1.587337725	1.701872794
0.332000000	5.900877934	1.591470879	1.705120110
0.333000000	5.917726578	1.595600358	1.708356529
0.334000000	5.934570135	1.599726163	1.711582054
0.335000000	5.951408607	1.603848297	1.714796690
0.336000000	5.968241998	1.607966764	1.718000440
0.337000000	5.985070313	1.612081564	1.721193310
0.338000000	6.001893553	1.616192702	1.724375302
0.339000000	6.018711724	1.620300178	1.727546422
0.340000000	6.035524829	1.624403997	1.730706673
0.341000000	6.052332871	1.628504160	1.733856059
0.342000000	6.069135855	1.632600670	1.736994584
0.343000000	6.085933783	1.636693530	1.740122253
0.344000000	6.102726659	1.640782741	1.743239070
0.345000000	6.119514488	1.644868306	1.746345038
0.346000000	6.136297272	1.648950229	1.749440162
0.347000000	6.153075015	1.653028511	1.752524446
0.348000000	6.169847721	1.657103155	1.755597893
0.349000000	6.186615393	1.661174163	1.758660509
0.350000000	6.203378036	1.665241538	1.761712296
0.351000000	6.220135652	1.669305282	1.764753259
0.352000000	6.236888245	1.673365398	1.767783403
0.353000000	6.253635819	1.677421888	1.770802730
0.354000000	6.270378377	1.681474755	1.773811245
0.355000000	6.287115922	1.685524001	1.776808953
0.356000000	6.303848460	1.689569629	1.779795857
0.357000000	6.320575992	1.693611640	1.782771960
0.358000000	6.337298523	1.697650039	1.785737268
0.359000000	6.354016055	1.701684826	1.788691784
0.360000000	6.370728594	1.705716005	1.791635512
0.361000000	6.387436141	1.709743577	1.794568456
0.362000000	6.404138701	1.713767546	1.797490620
0.363000000	6.420836277	1.717787914	1.800402009
0.364000000	6.437528873	1.721804682	1.803302625
0.365000000	6.454216492	1.725817855	1.806192473
0.366000000	6.470899137	1.729827433	1.809071558
0.367000000	6.487576813	1.733833420	1.811939882
0.368000000	6.504249522	1.737835818	1.814797450
0.369000000	6.520917268	1.741834629	1.817644267
0.370000000	6.537580055	1.745829856	1.820480335
0.371000000	6.554237886	1.749821501	1.823305658
0.372000000	6.570890765	1.753809567	1.826120242
0.373000000	6.587538694	1.757794055	1.828924089
0.374000000	6.604181678	1.761774969	1.831717203
0.375000000	6.620819720	1.765752311	1.834499589
0.376000000	6.637452824	1.769726083	1.837271251
0.377000000	6.654080992	1.773696287	1.840032191
0.378000000	6.670704228	1.777662927	1.842782415
0.379000000	6.687322536	1.781626003	1.845521926
0.380000000	6.703935919	1.785585520	1.848250729
0.381000000	6.720544380	1.789541478	1.850968826
0.382000000	6.737147923	1.793493881	1.853676221
0.383000000	6.753746552	1.797442731	1.856372920
0.384000000	6.770340269	1.801388030	1.859058925
0.385000000	6.786929079	1.805329781	1.861734241
0.386000000	6.803512984	1.809267986	1.864398871
0.387000000	6.820091987	1.813202647	1.867052819
0.388000000	6.836666094	1.817133767	1.869696089
0.389000000	6.853235305	1.821061348	1.872328685
0.390000000	6.869799626	1.824985392	1.874950611
0.391000000	6.886359059	1.828905902	1.877561870
0.392000000	6.902913608	1.832822880	1.880162467
0.393000000	6.919463276	1.836736329	1.882752405
0.394000000	6.936008067	1.840646251	1.885331688
0.395000000	6.952547983	1.844552647	1.887900320
0.396000000	6.969083028	1.848455521	1.890458305
0.397000000	6.985613206	1.852354876	1.893005647
0.398000000	7.002138520	1.856250712	1.895542349
0.399000000	7.018658972	1.860143032	1.898068415
0.400000000	7.035174567	1.864031840	1.900583850
0.401000000	7.051685308	1.867917137	1.903088656
0.402000000	7.068191198	1.871798925	1.905582837
0.403000000	7.084692241	1.875677207	1.908066399
0.404000000	7.101188439	1.879551985	1.910539343
0.405000000	7.117679796	1.883423262	1.913001674
0.406000000	7.134166315	1.887291039	1.915453396
0.407000000	7.150647999	1.891155319	1.917894513
0.408000000	7.167124853	1.895016105	1.920325028
0.409000000	7.183596878	1.898873398	1.922744945
0.410000000	7.200064079	1.902727201	1.925154268
0.411000000	7.216526459	1.906577517	1.927553000
0.412000000	7.232984020	1.910424347	1.929941146
0.413000000	7.249436766	1.914267694	1.932318709
0.414000000	7.265884701	1.918107560	1.934685693
0.415000000	7.282327827	1.921943947	1.937042101
0.416000000	7.298766149	1.925776858	1.939387938
0.417000000	7.315199668	1.929606295	1.941723207
0.418000000	7.331628388	1.933432261	1.944047911
0.419000000	7.348052313	1.937254756	1.946362055
0.420000000	7.364471446	1.941073785	1.948665642
0.421000000	7.380885789	1.944889349	1.950958677
0.422000000	7.397295347	1.948701449	1.953241161
0.423000000	7.413700122	1.952510090	1.955513100
0.424000000	7.430100118	1.956315272	1.957774497
0.425000000	7.446495337	1.960116999	1.960025356
0.426000000	7.462885783	1.963915271	1.962265681
0.427000000	7.479271459	1.967710093	1.964495474
0.428000000	7.495652369	1.971501465	1.966714740
0.429000000	7.512028514	1.975289390	1.968923483
0.430000000	7.528399900	1.979073871	1.971121705
0.431000000	7.544766528	1.982854909	1.973309412
0.432000000	7.561128402	1.986632507	1.975486606
0.433000000	7.577485525	1.990406667	1.977653291
0.434000000	7.593837900	1.994177391	1.979809471
0.435000000	7.610185531	1.997944682	1.981955149
0.436000000	7.626528420	2.001708542	1.984090330
0.437000000	7.642866571	2.005468972	1.986215016
0.438000000	7.659199986	2.009225976	1.988329212
0.439000000	7.675528669	2.012979555	1.990432920
0.440000000	7.691852623	2.016729711	1.992526145
0.441000000	7.708171852	2.020476448	1.994608891
0.442000000	7.724486357	2.024219766	1.996681160
0.443000000	7.740796142	2.027959669	1.998742957
0.444000000	7.757101211	2.031696158	2.000794285
0.445000000	7.773401567	2.035429236	2.002835148
0.446000000	7.789697212	2.039158905	2.004865549
0.447000000	7.805988149	2.042885166	2.006885492
0.448000000	7.822274382	2.046608023	2.008894980
0.449000000	7.838555914	2.050327478	2.010894018
0.450000000	7.854832748	2.054043532	2.012882608
0.451000000	7.871104887	2.057756187	2.014860754
0.452000000	7.887372333	2.061465447	2.016828461
0.453000000	7.903635091	2.065171313	2.018785731
0.454000000	7.919893163	2.068873787	2.020732568
0.455000000	7.936146551	2.072572872	2.022668975
0.456000000	7.952395260	2.076268570	2.024594957
0.457000000	7.968639292	2.079960882	2.026510516
0.458000000	7.984878650	2.083649811	2.028415657
0.459000000	8.001113337	2.087335360	2.030310383
0.460000000	8.017343357	2.091017530	2.032194697
0.461000000	8.033568711	2.094696323	2.034068602
0.462000000	8.049789404	2.098371742	2.035932104
0.463000000	8.066005438	2.102043789	2.037785204
0.464000000	8.082216817	2.105712466	2.039627907
0.465000000	8.098423542	2.109377775	2.041460216
0.466000000	8.114625618	2.113039718	2.043282134
0.467000000	8.130823047	2.116698298	2.045093666
0.468000000	8.147015832	2.120353516	2.046894814
0.469000000	8.163203976	2.124005375	2.048685582
0.470000000	8.179387482	2.127653877	2.050465974
0.471000000	8.195566354	2.131299024	2.052235994
0.472000000	8.211740593	2.134940818	2.053995643
0.473000000	8.227910203	2.138579261	2.055744927
0.474000000	8.244075188	2.142214355	2.057483849
0.475000000	8.260235549	2.145846103	2.059212411
0.476000000	8.276391290	2.149474507	2.060930619
0.477000000	8.292542414	2.153099568	2.062638474
0.478000000	8.308688923	2.156721289	2.064335981
0.479000000	8.324830821	2.160339672	2.066023143
0.480000000	8.340968111	2.163954719	2.067699964
0.481000000	8.357100795	2.167566432	2.069366446
0.482000000	8.373228876	2.171174814	2.071022594
0.483000000	8.389352357	2.174779866	2.072668411
0.484000000	8.405471242	2.178381590	2.074303900
0.485000000	8.421585533	2.181979989	2.075929065
0.486000000	8.437695233	2.185575064	2.077543909
0.487000000	8.453800344	2.189166819	2.079148436
0.488000000	8.469900871	2.192755254	2.080742649
0.489000000	8.485996815	2.196340372	2.082326551
0.490000000	8.502088179	2.199922175	2.083900147
0.491000000	8.518174967	2.203500666	2.085463439
0.492000000	8.534257181	2.207075845	2.087016431
0.493000000	8.550334824	2.210647716	2.088559126
0.494000000	8.566407899	2.214216280	2.090091528
0.495000000	8.582476409	2.217781540	2.091613640
0.496000000	8.598540356	2.221343497	2.093125465
0.497000000	8.614599744	2.224902153	2.094627007
0.498000000	8.630654575	2.228457511	2.096118270
0.499000000	8.646704853	2.232009573	2.097599256
0.500000000	8.662750579	2.235558341	2.099069970
0.501000000	8.678791757	2.239103817	2.100530414
0.502000000	8.694828390	2.242646002	2.101980591
0.503000000	8.710860480	2.246184899	2.103420506
0.504000000	8.726888031	2.249720510	2.104850162
0.505000000	8.742911044	2.253252838	2.106269562
0.506000000	8.758929523	2.256781883	2.107678709
0.507000000	8.774943471	2.260307648	2.109077606
0.508000000	8.790952891	2.263830136	2.110466258
0.509000000	8.806957784	2.267349348	2.111844668
0.510000000	8.822958155	2.270865286	2.113212838
0.511000000	8.838954005	2.274377952	2.114570772
0.512000000	8.854945338	2.277887349	2.115918474
0.513000000	8.870932157	2.281393478	2.117255947
0.514000000	8.886914463	2.284896341	2.118583194
0.515000000	8.902892260	2.288395941	2.119900219
0.516000000	8.918865551	2.291892279	2.121207025
0.517000000	8.934834338	2.295385357	2.122503614
0.518000000	8.950798625	2.298875178	2.123789992
0.519000000	8.966758413	2.302361744	2.125066160
0.520000000	8.982713705	2.305845056	2.126332122
0.521000000	8.998664506	2.309325116	2.127587882
0.522000000	9.014610816	2.312801927	2.128833443
0.523000000	9.030552639	2.316275490	2.130068808
0.524000000	9.046489977	2.319745808	2.131293980
0.525000000	9.062422834	2.323212883	2.132508964
0.526000000	9.078351211	2.326676715	2.133713761
0.527000000	9.094275112	2.330137309	2.134908375
0.528000000	9.110194540	2.333594665	2.136092811
0.529000000	9.126109496	2.337048785	2.137267070
0.530000000	9.142019985	2.340499672	2.138431156
0.531000000	9.157926007	2.343947327	2.139585073
0.532000000	9.173827567	2.347391753	2.140728824
0.533000000	9.189724667	2.350832951	2.141862412
0.534000000	9.205617309	2.354270924	2.142985840
0.535000000	9.221505496	2.357705673	2.144099112
0.536000000	9.237389231	2.361137200	2.145202230
0.537000000	9.253268516	2.364565508	2.146295199
0.538000000	9.269143354	2.367990598	2.147378021
0.539000000	9.285013749	2.371412473	2.148450700
0.540000000	9.300879701	2.374831133	2.149513238
0.541000000	9.316741215	2.378246582	2.150565640
0.542000000	9.332598293	2.381658821	2.151607909
0.543000000	9.348450936	2.385067852	2.152640046
0.544000000	9.364299149	2.388473677	2.153662057
0.545000000	9.380142934	2.391876299	2.154673944
0.546000000	9.395982292	2.395275718	2.155675710
0.547000000	9.411817228	2.398671937	2.156667359
0.548000000	9.427647743	2.402064959	2.157648894
0.549000000	9.443473840	2.405454784	2.158620317
0.550000000	9.459295521	2.408841415	2.159581633
0.551000000	9.475112790	2.412224853	2.160532844
0.552000000	9.490925649	2.415605101	2.161473954
0.553000000	9.506734100	2.418982161	2.162404966
0.554000000	9.522538147	2.422356035	2.163325883
0.555000000	9.538337791	2.425726724	2.164236708
0.556000000	9.554133035	2.429094230	2.165137445
0.557000000	9.569923882	2.432458556	2.166028096
0.558000000	9.585710335	2.435819703	2.166908666
0.559000000	9.601492395	2.439177673	2.167779156
0.560000000	9.617270066	2.442532468	2.168639570
0.561000000	9.633043350	2.445884091	2.169489912
0.562000000	9.648812250	2.449232542	2.170330185
0.563000000	9.664576768	2.452577824	2.171160391
0.564000000	9.680336906	2.455919939	2.171980535
0.565000000	9.696092668	2.459258889	2.172790618
0.566000000	9.711844056	2.462594676	2.173590645
0.567000000	9.727591072	2.465927300	2.174380618
0.568000000	9.743333719	2.469256766	2.175160541
0.569000000	9.759071999	2.472583073	2.175930416
0.570000000	9.774805915	2.475906225	2.176690248
0.571000000	9.790535470	2.479226223	2.177440038
0.572000000	9.806260665	2.482543069	2.178179791
0.573000000	9.821981504	2.485856765	2.178909509
0.574000000	9.837697989	2.489167313	2.179629196
0.575000000	9.853410123	2.492474714	2.180338854
0.576000000	9.869117907	2.495778971	2.181038487
0.577000000	9.884821345	2.499080086	2.181728098
0.578000000	9.900520439	2.502378060	2.182407690
0.579000000	9.916215191	2.505672895	2.183077267
0.580000000	9.931905605	2.508964593	2.183736830
0.581000000	9.947591681	2.512253156	2.184386384
0.582000000	9.963273424	2.515538587	2.185025931
0.583000000	9.978950835	2.518820885	2.185655475
0.584000000	9.994623916	2.522100055	2.186275019
0.585000000	10.010292671	2.525376097	2.186884566
0.586000000	10.025957102	2.528649013	2.187484119
0.587000000	10.041617210	2.531918806	2.188073680
0.588000000	10.057273000	2.535185476	2.188653254
0.589000000	10.072924472	2.538449027	2.189222843
0.590000000	10.088571630	2.541709459	2.189782451
0.591000000	10.104214476	2.544966775	2.190332080
0.592000000	10.119853012	2.548220977	2.190871733
0.593000000	10.135487241	2.551472066	2.191401414
0.594000000	10.151117165	2.554720044	2.191921126
0.595000000	10.166742787	2.557964913	2.192430872
0.596000000	10.182364109	2.561206675	2.192930654
0.597000000	10.197981134	2.564445332	2.193420476
0.598000000	10.213593863	2.567680885	2.193900342
0.599000000	10.229202299	2.570913337	2.194370253
0.600000000	10.244806445	2.574142689	2.194830213
0.601000000	10.260406304	2.577368943	2.195280226
0.602000000	10.276001876	2.580592101	2.195720294
0.603000000	10.291593166	2.583812165	2.196150420
0.604000000	10.307180175	2.587029136	2.196570607
0.605000000	10.322762905	2.590243017	2.196980859
0.606000000	10.338341359	2.593453809	2.197381178
0.607000000	10.353915540	2.596661515	2.197771568
0.608000000	10.369485449	2.599866135	2.198152031
0.609000000	10.385051090	2.603067672	2.198522570
0.610000000	10.400612464	2.606266127	2.198883190
0.611000000	10.416169573	2.609461503	2.199233892
0.612000000	10.431722421	2.612653800	2.199574679
0.613000000	10.447271009	2.615843022	2.199905555
0.614000000	10.462815340	2.619029170	2.200226523
0.615000000	10.478355417	2.622212245	2.200537585
0.616000000	10.493891241	2.625392250	2.200838745
0.617000000	10.509422814	2.628569185	2.201130006
0.618000000	10.524950140	2.631743054	2.201411371
0.619000000	10.540473220	2.634913858	2.201682842
0.620000000	10.555992058	2.638081598	2.201944423
0.621000000	10.571506654	2.641246277	2.202196117
0.622000000	10.587017012	2.644407895	2.202437927
0.623000000	10.602523133	2.647566456	2.202669855
0.624000000	10.618025020	2.650721961	2.202891905
0.625000000	10.633522676	2.653874411	2.203104080
0.626000000	10.649016103	2.657023808	2.203306382
0.627000000	10.664505302	2.660170154	2.203498816
0.628000000	10.679990277	2.663313452	2.203681383
0.629000000	10.695471029	2.666453702	2.203854086
0.630000000	10.710947561	2.669590906	2.204016929
0.631000000	10.726419875	2.672725067	2.204169915
0.632000000	10.741887973	2.675856186	2.204313046
0.633000000	10.757351858	2.678984265	2.204446326
0.634000000	10.772811532	2.682109305	2.204569758
0.635000000	10.788266997	2.685231308	2.204683343
0.636000000	10.803718256	2.688350277	2.204787087
0.637000000	10.819165310	2.691466212	2.204880990
0.638000000	10.834608161	2.694579116	2.204965058
0.639000000	10.850046814	2.697688990	2.205039291
0.640000000	10.865481268	2.700795837	2.205103694
0.641000000	10.880911527	2.703899657	2.205158268
0.642000000	10.896337593	2.707000453	2.205203018
0.643000000	10.911759468	2.710098227	2.205237946
0.644000000	10.927177154	2.713192979	2.205263055
0.645000000	10.942590654	2.716284713	2.205278349
0.646000000	10.957999970	2.719373429	2.205283829
0.647000000	10.973405103	2.722459129	2.205279498
0.648000000	10.988806057	2.725541816	2.205265361
0.649000000	11.004202833	2.728621490	2.205241419
0.650000000	11.019595434	2.731698154	2.205207676
0.651000000	11.034983862	2.734771810	2.205164134
0.652000000	11.050368118	2.737842458	2.205110797
0.653000000	11.065748206	2.740910102	2.205047667
0.654000000	11.081124127	2.743974742	2.204974748
0.655000000	11.096495884	2.747036380	2.204892041
0.656000000	11.111863478	2.750095018	2.204799551
0.657000000	11.127226913	2.753150658	2.204697280
0.658000000	11.142586189	2.756203301	2.204585230
0.659000000	11.157941310	2.759252950	2.204463406
0.660000000	11.173292277	2.762299606	2.204331809
0.661000000	11.188639093	2.765343270	2.204190443
0.662000000	11.203981759	2.768383944	2.204039310
0.663000000	11.219320279	2.771421631	2.203878413
0.664000000	11.234654653	2.774456331	2.203707756
0.665000000	11.249984885	2.777488047	2.203527341
0.666000000	11.265310976	2.780516780	2.203337171
0.667000000	11.280632928	2.783542532	2.203137249
0.668000000	11.295950744	2.786565304	2.202927578
0.669000000	11.311264426	2.789585099	2.202708160
0.670000000	11.326573976	2.792601918	2.202478999
0.671000000	11.341879396	2.795615762	2.202240097
0.672000000	11.357180688	2.798626634	2.201991458
0.673000000	11.372477854	2.801634535	2.201733084
0.674000000	11.387770897	2.804639467	2.201464977
0.675000000	11.403059818	2.807641431	2.201187142
0.676000000	11.418344620	2.810640430	2.200899580
0.677000000	11.433625304	2.813636464	2.200602295
0.678000000	11.448901873	2.816629536	2.200295290
0.679000000	11.464174330	2.819619648	2.199978566
0.680000000	11.479442675	2.822606800	2.199652128
0.681000000	11.494706911	2.825590995	2.199315978
0.682000000	11.509967040	2.828572234	2.198970118
0.683000000	11.525223065	2.831550519	2.198614552
0.684000000	11.540474987	2.834525852	2.198249283
0.685000000	11.555722808	2.837498234	2.197874313
0.686000000	11.570966531	2.840467667	2.197489645
0.687000000	11.586206157	2.843434153	2.197095282
0.688000000	11.601441689	2.846397693	2.196691227
0.689000000	11.616673129	2.849358289	2.196277483
0.690000000	11.631900478	2.852315943	2.195854052
0.691000000	11.647123739	2.855270657	2.195420937
0.692000000	11.662342914	2.858222431	2.194978142
0.693000000	11.677558005	2.861171268	2.194525668
0.694000000	11.692769014	2.864117169	2.194063520
0.695000000	11.707975943	2.867060137	2.193591698
0.696000000	11.723178793	2.870000172	2.193110208
0.697000000	11.738377568	2.872937276	2.192619050
0.698000000	11.753572269	2.875871451	2.192118228
0.699000000	11.768762898	2.878802699	2.191607745
0.700000000	11.783949457	2.881731021	2.191087604
0.701000000	11.799131948	2.884656420	2.190557807
0.702000000	11.814310373	2.887578895	2.190018357
0.703000000	11.829484734	2.890498450	2.189469257
0.704000000	11.844655034	2.893415086	2.188910511
0.705000000	11.859821273	2.896328804	2.188342119
0.706000000	11.874983455	2.899239607	2.187764086
0.707000000	11.890141581	2.902147495	2.187176414
0.708000000	11.905295653	2.905052470	2.186579106
0.709000000	11.920445674	2.907954535	2.185972165
0.710000000	11.935591644	2.910853690	2.185355593
0.711000000	11.950733566	2.913749938	2.184729393
0.712000000	11.965871443	2.916643279	2.184093569
0.713000000	11.981005276	2.919533716	2.183448122
0.714000000	11.996135066	2.922421251	2.182793055
0.715000000	12.011260817	2.925305884	2.182128373
0.716000000	12.026382529	2.928187617	2.181454076
0.717000000	12.041500206	2.931066453	2.180770168
0.718000000	12.056613848	2.933942392	2.180076651
0.719000000	12.071723459	2.936815437	2.179373530
0.720000000	12.086829039	2.939685588	2.178660805
0.721000000	12.101930590	2.942552848	2.177938480
0.722000000	12.117028116	2.945417218	2.177206558
0.723000000	12.132121617	2.948278700	2.176465041
0.724000000	12.147211096	2.951137296	2.175713932
0.725000000	12.162296554	2.953993006	2.174953234
0.726000000	12.177377993	2.956845833	2.174182950
0.727000000	12.192455416	2.959695778	2.173403082
0.728000000	12.207528825	2.962542842	2.172613633
0.729000000	12.222598220	2.965387029	2.171814606
0.730000000	12.237663605	2.968228338	2.171006004
0.731000000	12.252724980	2.971066772	2.170187829
0.732000000	12.267782349	2.973902331	2.169360084
0.733000000	12.282835712	2.976735019	2.168522772
0.734000000	12.297885072	2.979564836	2.167675895
0.735000000	12.312930431	2.982391784	2.166819456
0.736000000	12.327971791	2.985215865	2.165953459
0.737000000	12.343009152	2.988037080	2.165077905
0.738000000	12.358042519	2.990855430	2.164192797
0.739000000	12.373071891	2.993670918	2.163298139
0.740000000	12.388097271	2.996483544	2.162393932
0.741000000	12.403118662	2.999293311	2.161480180
0.742000000	12.418136064	3.002100221	2.160556886
0.743000000	12.433149480	3.004904273	2.159624051
0.744000000	12.448158912	3.007705471	2.158681679
0.745000000	12.463164361	3.010503816	2.157729772
0.746000000	12.478165830	3.013299309	2.156768333
0.747000000	12.493163319	3.016091953	2.155797365
0.748000000	12.508156832	3.018881747	2.154816870
0.749000000	12.523146370	3.021668695	2.153826852
0.750000000	12.538131934	3.024452797	2.152827312
0.751000000	12.553113527	3.027234056	2.151818254
0.752000000	12.568091151	3.030012472	2.150799680
0.753000000	12.583064807	3.032788048	2.149771593
0.754000000	12.598034497	3.035560784	2.148733996
0.755000000	12.613000222	3.038330683	2.147686891
0.756000000	12.627961986	3.041097746	2.146630281
0.757000000	12.642919789	3.043861975	2.145564168
0.758000000	12.657873634	3.046623371	2.144488556
0.759000000	12.672823522	3.049381935	2.143403447
0.760000000	12.687769455	3.052137670	2.142308843
0.761000000	12.702711435	3.054890576	2.141204748
0.762000000	12.717649464	3.057640656	2.140091164
0.763000000	12.732583543	3.060387911	2.138968094
0.764000000	12.747513675	3.063132342	2.137835539
0.765000000	12.762439860	3.065873951	2.136693504
0.766000000	12.777362102	3.068612739	2.135541991
0.767000000	12.792280401	3.071348709	2.134381002
0.768000000	12.807194760	3.074081861	2.133210540
0.769000000	12.822105180	3.076812198	2.132030607
0.770000000	12.837011663	3.079539720	2.130841207
0.771000000	12.851914211	3.082264429	2.129642342
0.772000000	12.866812826	3.084986327	2.128434014
0.773000000	12.881707509	3.087705415	2.127216227
0.774000000	12.896598262	3.090421695	2.125988983
0.775000000	12.911485088	3.093135169	2.124752284
0.776000000	12.926367987	3.095845837	2.123506133
0.777000000	12.941246961	3.098553702	2.122250533
0.778000000	12.956122013	3.101258765	2.120985487
0.779000000	12.970993143	3.103961027	2.119710997
0.780000000	12.985860355	3.106660490	2.118427065
0.781000000	13.000723649	3.109357155	2.117133695
0.782000000	13.015583027	3.112051025	2.115830889
0.783000000	13.030438491	3.114742100	2.114518650
0.784000000	13.045290043	3.117430382	2.113196980
0.785000000	13.060137684	3.120115872	2.111865881
0.786000000	13.074981416	3.122798573	2.110525358
0.787000000	13.089821242	3.125478485	2.109175411
0.788000000	13.104657162	3.128155611	2.107816044
0.789000000	13.119489179	3.130829951	2.106447260
0.790000000	13.134317293	3.133501507	2.105069060
0.791000000	13.149141508	3.136170281	2.103681449
0.792000000	13.163961823	3.138836273	2.102284427
0.793000000	13.178778243	3.141499487	2.100877999
0.794000000	13.193590767	3.144159922	2.099462165
0.795000000	13.208399398	3.146817582	2.098036930
0.796000000	13.223204137	3.149472466	2.096602296
0.797000000	13.238004986	3.152124577	2.095158265
0.798000000	13.252801947	3.154773916	2.093704840
0.799000000	13.267595021	3.157420484	2.092242023
0.800000000	13.282384211	3.160064284	2.090769817
0.801000000	13.297169517	3.162705316	2.089288225
0.802000000	13.311950942	3.165343583	2.087797250
0.803000000	13.326728487	3.167979085	2.086296893
0.804000000	13.341502154	3.170611824	2.084787158
0.805000000	13.356271945	3.173241801	2.083268047
0.806000000	13.371037861	3.175869019	2.081739562
0.807000000	13.385799903	3.178493478	2.080201707
0.808000000	13.400558074	3.181115180	2.078654484
0.809000000	13.415312376	3.183734127	2.077097895
0.810000000	13.430062809	3.186350319	2.075531943
0.811000000	13.444809376	3.188963759	2.073956631
0.812000000	13.459552078	3.191574448	2.072371960
0.813000000	13.474290917	3.194182387	2.070777935
0.814000000	13.489025894	3.196787578	2.069174557
0.815000000	13.503757011	3.199390022	2.067561829
0.816000000	13.518484270	3.201989722	2.065939753
0.817000000	13.533207673	3.204586677	2.064308332
0.818000000	13.547927220	3.207180890	2.062667569
0.819000000	13.562642915	3.209772363	2.061017467
0.820000000	13.577354757	3.212361096	2.059358027
0.821000000	13.592062750	3.214947091	2.057689252
0.822000000	13.606766894	3.217530350	2.056011145
0.823000000	13.621467191	3.220110873	2.054323709
0.824000000	13.636163643	3.222688664	2.052626945
0.825000000	13.650856251	3.225263722	2.050920858
0.826000000	13.665545017	3.227836050	2.049205448
0.827000000	13.680229943	3.230405648	2.047480719
0.828000000	13.694911030	3.232972519	2.045746673
0.829000000	13.709588280	3.235536664	2.044003313
0.830000000	13.724261695	3.238098084	2.042250642
0.831000000	13.738931275	3.240656781	2.040488661
0.832000000	13.753597023	3.243212755	2.038717374
0.833000000	13.768258940	3.245766010	2.036936782
0.834000000	13.782917028	3.248316545	2.035146890
0.835000000	13.797571289	3.250864363	2.033347698
0.836000000	13.812221723	3.253409465	2.031539210
0.837000000	13.826868333	3.255951852	2.029721428
0.838000000	13.841511119	3.258491526	2.027894355
0.839000000	13.856150085	3.261028488	2.026057993
0.840000000	13.870785231	3.263562740	2.024212345
0.841000000	13.885416558	3.266094283	2.022357413
0.842000000	13.900044069	3.268623118	2.020493200
0.843000000	13.914667765	3.271149248	2.018619709
0.844000000	13.929287648	3.273672672	2.016736941
0.845000000	13.943903718	3.276193394	2.014844900
0.846000000	13.958515978	3.278711414	2.012943587
0.847000000	13.973124429	3.281226734	2.011033007
0.848000000	13.987729073	3.283739355	2.009113160
0.849000000	14.002329911	3.286249278	2.007184049
0.850000000	14.016926945	3.288756506	2.005245678
0.851000000	14.031520176	3.291261038	2.003298049
0.852000000	14.046109606	3.293762878	2.001341163
0.853000000	14.060695236	3.296262026	1.999375024
0.854000000	14.075277068	3.298758483	1.997399634
0.855000000	14.089855104	3.301252252	1.995414996
0.856000000	14.104429345	3.303743333	1.993421112
0.857000000	14.118999792	3.306231728	1.991417984
0.858000000	14.133566447	3.308717439	1.989405616
0.859000000	14.148129311	3.311200466	1.987384010
0.860000000	14.162688387	3.313680811	1.985353167
0.861000000	14.177243675	3.316158476	1.983313091
0.862000000	14.191795177	3.318633462	1.981263785
0.863000000	14.206342894	3.321105770	1.979205250
0.864000000	14.220886829	3.323575402	1.977137490
0.865000000	14.235426982	3.326042359	1.975060506
0.866000000	14.249963355	3.328506643	1.972974301
0.867000000	14.264495950	3.330968255	1.970878878
0.868000000	14.279024767	3.333427196	1.968774239
0.869000000	14.293549809	3.335883468	1.966660387
0.870000000	14.308071077	3.338337072	1.964537324
0.871000000	14.322588573	3.340788010	1.962405052
0.872000000	14.337102297	3.343236283	1.960263575
0.873000000	14.351612252	3.345681892	1.958112895
0.874000000	14.366118439	3.348124839	1.955953013
0.875000000	14.380620859	3.350565126	1.953783933
0.876000000	14.395119514	3.353002752	1.951605658
0.877000000	14.409614405	3.355437721	1.949418188
0.878000000	14.424105533	3.357870033	1.947221528
0.879000000	14.438592901	3.360299690	1.945015680
0.880000000	14.453076510	3.362726693	1.942800645
0.881000000	14.467556361	3.365151044	1.940576427
0.882000000	14.482032455	3.367572743	1.938343028
0.883000000	14.496504794	3.369991793	1.936100450
0.884000000	14.510973380	3.372408194	1.933848697
0.885000000	14.525438213	3.374821949	1.931587769
0.886000000	14.539899296	3.377233057	1.929317671
0.887000000	14.554356629	3.379641522	1.927038404
0.888000000	14.568810215	3.382047344	1.924749971
0.889000000	14.583260054	3.384450524	1.922452374
0.890000000	14.597706148	3.386851065	1.920145615
0.891000000	14.612148499	3.389248966	1.917829698
0.892000000	14.626587108	3.391644231	1.915504625
0.893000000	14.641021976	3.394036859	1.913170398
0.894000000	14.655453104	3.396426853	1.910827019
0.895000000	14.669880495	3.398814213	1.908474491
0.896000000	14.684304149	3.401198942	1.906112817
0.897000000	14.698724068	3.403581040	1.903741999
0.898000000	14.713140254	3.405960509	1.901362039
0.899000000	14.727552707	3.408337351	1.898972941
0.900000000	14.741961429	3.410711566	1.896574705
0.901000000	14.756366422	3.413083156	1.894167335
0.902000000	14.770767687	3.415452122	1.891750834
0.903000000	14.785165225	3.417818466	1.889325203
0.904000000	14.799559038	3.420182189	1.886890445
0.905000000	14.813949127	3.422543292	1.884446563
0.906000000	14.828335494	3.424901778	1.881993559
0.907000000	14.842718139	3.427257646	1.879531436
0.908000000	14.857097065	3.429610899	1.877060195
0.909000000	14.871472272	3.431961537	1.874579840
0.910000000	14.885843762	3.434309563	1.872090372
0.911000000	14.900211537	3.436654978	1.869591795
0.912000000	14.914575597	3.438997782	1.867084110
0.913000000	14.928935944	3.441337977	1.864567321
0.914000000	14.943292580	3.443675565	1.862041429
0.915000000	14.957645506	3.446010547	1.859506437
0.916000000	14.971994723	3.448342924	1.856962347
0.917000000	14.986340232	3.450672698	1.854409163
0.918000000	15.000682035	3.452999870	1.851846885
0.919000000	15.015020134	3.455324441	1.849275518
0.920000000	15.029354529	3.457646412	1.846695062
0.921000000	15.043685222	3.459965786	1.844105521
0.922000000	15.058012214	3.462282563	1.841506897
0.923000000	15.072335507	3.464596744	1.838899193
0.924000000	15.086655101	3.466908332	1.836282410
0.925000000	15.100970999	3.469217326	1.833656552
0.926000000	15.115283202	3.471523730	1.831021620
0.927000000	15.129591711	3.473827543	1.828377618
0.928000000	15.143896526	3.476128768	1.825724547
0.929000000	15.158197651	3.478427405	1.823062410
0.930000000	15.172495085	3.480723456	1.820391209
0.931000000	15.186788830	3.483016923	1.817710947
0.932000000	15.201078888	3.485307806	1.815021626
0.933000000	15.215365260	3.487596107	1.812323250
0.934000000	15.229647947	3.489881827	1.809615819
0.935000000	15.243926951	3.492164968	1.806899336
0.936000000	15.258202272	3.494445531	1.804173805
0.937000000	15.272473912	3.496723517	1.801439226
0.938000000	15.286741872	3.498998927	1.798695604
0.939000000	15.301006155	3.501271764	1.795942939
0.940000000	15.315266760	3.503542027	1.793181235
0.941000000	15.329523689	3.505809719	1.790410494
0.942000000	15.343776944	3.508074841	1.787630718
0.943000000	15.358026526	3.510337394	1.784841910
0.944000000	15.372272436	3.512597380	1.782044072
0.945000000	15.386514675	3.514854799	1.779237207
0.946000000	15.400753245	3.517109653	1.776421316
0.947000000	15.414988147	3.519361944	1.773596403
0.948000000	15.429219382	3.521611672	1.770762470
0.949000000	15.443446952	3.523858839	1.767919519
0.950000000	15.457670857	3.526103447	1.765067552
0.951000000	15.471891099	3.528345496	1.762206572
0.952000000	15.486107680	3.530584988	1.759336582
0.953000000	15.500320600	3.532821924	1.756457583
0.954000000	15.514529861	3.535056306	1.753569578
0.955000000	15.528735464	3.537288134	1.750672570
0.956000000	15.542937411	3.539517411	1.747766561
0.957000000	15.557135702	3.541744137	1.744851553
0.958000000	15.571330338	3.543968313	1.741927549
0.959000000	15.585521322	3.546189942	1.738994550
0.960000000	15.599708654	3.548409024	1.736052561
0.961000000	15.613892336	3.550625561	1.733101582
0.962000000	15.628072368	3.552839553	1.730141616
0.963000000	15.642248753	3.555051003	1.727172666
0.964000000	15.656421491	3.557259911	1.724194734
0.965000000	15.670590583	3.559466279	1.721207822
0.966000000	15.684756031	3.561670108	1.718211933
0.967000000	15.698917836	3.563871399	1.715207069
0.968000000	15.713075999	3.566070154	1.712193233
0.969000000	15.727230521	3.568266374	1.709170426
0.970000000	15.741381404	3.570460059	1.706138652
0.971000000	15.755528649	3.572651213	1.703097912
0.972000000	15.769672257	3.574839835	1.700048210
0.973000000	15.783812229	3.577025927	1.696989547
0.974000000	15.797948567	3.579209491	1.693921925
0.975000000	15.812081271	3.581390527	1.690845348
0.976000000	15.826210344	3.583569037	1.687759818
0.977000000	15.840335785	3.585745022	1.684665336
0.978000000	15.854457596	3.587918484	1.681561905
0.979000000	15.868575779	3.590089423	1.678449528
0.980000000	15.882690335	3.592257841	1.675328207
0.981000000	15.896801265	3.594423740	1.672197945
0.982000000	15.910908569	3.596587120	1.669058743
0.983000000	15.925012250	3.598747983	1.665910604
0.984000000	15.939112309	3.600906330	1.662753531
0.985000000	15.953208745	3.603062162	1.659587526
0.986000000	15.967301562	3.605215481	1.656412590
0.987000000	15.981390760	3.607366288	1.653228728
0.988000000	15.995476340	3.609514584	1.650035940
0.989000000	16.009558303	3.611660371	1.646834230
0.990000000	16.023636650	3.613803649	1.643623599
0.991000000	16.037711384	3.615944420	1.640404050
0.992000000	16.051782504	3.618082685	1.637175585
0.993000000	16.065850012	3.620218446	1.633938208
0.994000000	16.079913909	3.622351703	1.630691919
0.995000000	16.093974197	3.624482459	1.627436722
0.996000000	16.108030876	3.626610713	1.624172618
0.997000000	16.122083947	3.628736469	1.620899611
0.998000000	16.136133413	3.630859726	1.617617702
0.999000000	16.150179273	3.632980486	1.614326894
1.000000000	16.164221529	3.635098750	1.611027189
1.001000000	16.178260183	3.637214520	1.607718590
1.002000000	16.192295235	3.639327796	1.604401098
1.003000000	16.206326686	3.641438581	1.601074717
1.004000000	16.220354538	3.643546875	1.597739449
1.005000000	16.234378792	3.645652679	1.594395295
1.006000000	16.248399449	3.647755996	1.591042259
1.007000000	16.262416510	3.649856825	1.587680342
1.008000000	16.276429976	3.651955169	1.584309547
1.009000000	16.290439848	3.654051028	1.580929877
1.010000000	16.304446128	3.656144404	1.577541333
1.011000000	16.318448816	3.658235298	1.574143918
1.012000000	16.332447914	3.660323711	1.570737635
1.013000000	16.346443422	3.662409645	1.567322485
1.014000000	16.360435343	3.664493100	1.563898472
1.015000000	16.374423677	3.666574078	1.560465596
1.016000000	16.388408424	3.668652581	1.557023862
1.017000000	16.402389587	3.670728609	1.553573270
1.018000000	16.416367166	3.672802164	1.550113824
1.019000000	16.430341163	3.674873247	1.546645526
1.020000000	16.444311578	3.676941859	1.543168378
1.021000000	16.458278413	3.679008002	1.539682382
1.022000000	16.472241668	3.681071676	1.536187540
1.023000000	16.486201346	3.683132883	1.532683856
1.024000000	16.500157446	3.685191624	1.529171332
1.025000000	16.514109970	3.687247900	1.525649969
1.026000000	16.528058920	3.689301713	1.522119770
1.027000000	16.542004295	3.691353064	1.518580737
1.028000000	16.555946098	3.693401954	1.515032873
1.029000000	16.569884329	3.695448384	1.511476180
1.030000000	16.583818990	3.697492356	1.507910661
1.031000000	16.597750081	3.699533870	1.504336317
1.032000000	16.611677604	3.701572928	1.500753152
1.033000000	16.625601559	3.703609532	1.497161166
1.034000000	16.639521948	3.705643682	1.493560364
1.035000000	16.653438772	3.707675379	1.489950746
1.036000000	16.667352031	3.709704626	1.486332316
1.037000000	16.681261728	3.711731422	1.482705076
1.038000000	16.695167863	3.713755770	1.479069027
1.039000000	16.709070436	3.715777670	1.475424173
1.040000000	16.722969450	3.717797124	1.471770515
1.041000000	16.736864905	3.719814133	1.468108056
1.042000000	16.750756802	3.721828698	1.464436799
1.043000000	16.764645142	3.723840820	1.460756745
1.044000000	16.778529926	3.725850501	1.457067897
1.045000000	16.792411156	3.727857742	1.453370258
1.046000000	16.806288833	3.729862543	1.449663829
1.047000000	16.820162956	3.731864907	1.445948612
1.048000000	16.834033528	3.733864835	1.442224611
1.049000000	16.847900550	3.735862327	1.438491828
1.050000000	16.861764022	3.737857384	1.434750264
1.051000000	16.875623946	3.739850009	1.430999923
1.052000000	16.889480322	3.741840203	1.427240806
1.053000000	16.903333152	3.743827965	1.423472915
1.054000000	16.917182437	3.745813299	1.419696254
1.055000000	16.931028177	3.747796204	1.415910824
1.056000000	16.944870374	3.749776682	1.412116628
1.057000000	16.958709029	3.751754735	1.408313668
1.058000000	16.972544143	3.753730363	1.404501946
1.059000000	16.986375716	3.755703567	1.400681465
1.060000000	17.000203750	3.757674350	1.396852226
1.061000000	17.014028246	3.759642712	1.393014233
1.062000000	17.027849204	3.761608654	1.389167488
1.063000000	17.041666627	3.763572177	1.385311992
1.064000000	17.055480514	3.765533284	1.381447749
1.065000000	17.069290867	3.767491974	1.377574760
1.066000000	17.083097686	3.769448249	1.373693028
1.067000000	17.096900974	3.771402110	1.369802555
1.068000000	17.110700730	3.773353559	1.365903343
1.069000000	17.124496957	3.775302597	1.361995395
1.070000000	17.138289653	3.777249224	1.358078713
1.071000000	17.152078822	3.779193442	1.354153300
1.072000000	17.165864464	3.781135253	1.350219157
1.073000000	17.179646579	3.783074657	1.346276287
1.074000000	17.193425169	3.785011656	1.342324692
1.075000000	17.207200234	3.786946250	1.338364374
1.076000000	17.220971777	3.788878442	1.334395337
1.077000000	17.234739797	3.790808232	1.330417581
1.078000000	17.248504295	3.792735621	1.326431110
1.079000000	17.262265274	3.794660610	1.322435926
1.080000000	17.276022733	3.796583201	1.318432031
1.081000000	17.289776673	3.798503396	1.314419427
1.082000000	17.303527096	3.800421194	1.310398116
1.083000000	17.317274002	3.802336597	1.306368102
1.084000000	17.331017393	3.804249607	1.302329385
1.085000000	17.344757270	3.806160225	1.298281970
1.086000000	17.358493632	3.808068451	1.294225857
1.087000000	17.372226482	3.809974288	1.290161049
1.088000000	17.385955821	3.811877735	1.286087548
1.089000000	17.399681648	3.813778795	1.282005357
1.090000000	17.413403966	3.815677469	1.277914478
1.091000000	17.427122775	3.817573757	1.273814914
1.092000000	17.440838076	3.819467661	1.269706666
1.093000000	17.454549870	3.821359182	1.265589736
1.094000000	17.468258158	3.823248321	1.261464128
1.095000000	17.481962941	3.825135080	1.257329844
1.096000000	17.495664220	3.827019459	1.253186885
1.097000000	17.509361995	3.828901460	1.249035254
1.098000000	17.523056269	3.830781083	1.244874953
1.099000000	17.536747041	3.832658331	1.240705985
1.100000000	17.550434312	3.834533204	1.236528352
1.101000000	17.564118084	3.836405704	1.232342055
1.102000000	17.577798358	3.838275831	1.228147099
1.103000000	17.591475134	3.840143586	1.223943484
1.104000000	17.605148413	3.842008972	1.219731213
1.105000000	17.618818196	3.843871989	1.215510288
1.106000000	17.632484485	3.845732638	1.211280712
1.107000000	17.646147279	3.847590920	1.207042487
1.108000000	17.659806581	3.849446837	1.202795615
1.109000000	17.673462390	3.851300389	1.198540099
1.110000000	17.687114708	3.853151578	1.194275940
1.111000000	17.700763536	3.855000406	1.190003141
1.112000000	17.714408875	3.856846872	1.185721705
1.113000000	17.728050725	3.858690979	1.181431633
1.114000000	17.741689087	3.860532728	1.177132928
1.115000000	17.755323963	3.862372119	1.172825592
1.116000000	17.768955353	3.864209153	1.168509627
1.117000000	17.782583258	3.866043833	1.164185037
1.118000000	17.796207679	3.867876159	1.159851822
1.119000000	17.809828617	3.869706132	1.155509985
1.120000000	17.823446073	3.871533754	1.151159529
1.121000000	17.837060047	3.873359025	1.146800456
1.122000000	17.850670541	3.875181947	1.142432768
1.123000000	17.864277556	3.877002521	1.138056467
1.124000000	17.877881091	3.878820747	1.133671556
1.125000000	17.891481149	3.880636628	1.129278037
1.126000000	17.905077731	3.882450164	1.124875912
1.127000000	17.918670836	3.884261357	1.120465184
1.128000000	17.932260466	3.886070207	1.116045854
1.129000000	17.945846621	3.887876716	1.111617926
1.130000000	17.959429304	3.889680885	1.107181400
1.131000000	17.973008513	3.891482715	1.102736281
1.132000000	17.986584251	3.893282207	1.098282569
1.133000000	18.000156519	3.895079363	1.093820267
1.134000000	18.013725316	3.896874183	1.089349378
1.135000000	18.027290644	3.898666668	1.084869903
1.136000000	18.040852505	3.900456821	1.080381846
1.137000000	18.054410897	3.902244641	1.075885207
1.138000000	18.067965824	3.904030130	1.071379990
1.139000000	18.081517284	3.905813289	1.066866197
1.140000000	18.095065280	3.907594120	1.062343830
1.141000000	18.108609812	3.909372623	1.057812891
1.142000000	18.122150881	3.911148800	1.053273383
1.143000000	18.135688487	3.912922651	1.048725308
1.144000000	18.149222633	3.914694178	1.044168668
1.145000000	18.162753317	3.916463382	1.039603465
1.146000000	18.176280542	3.918230265	1.035029702
1.147000000	18.189804308	3.919994826	1.030447381
1.148000000	18.203324617	3.921757068	1.025856504
1.149000000	18.216841468	3.923516992	1.021257074
1.150000000	18.230354862	3.925274598	1.016649092
1.151000000	18.243864801	3.927029888	1.012032562
1.152000000	18.257371286	3.928782862	1.007407484
1.153000000	18.270874316	3.930533523	1.002773862
1.154000000	18.284373894	3.932281871	0.998131698
1.155000000	18.297870019	3.934027907	0.993480995
1.156000000	18.311362693	3.935771633	0.988821753
1.157000000	18.324851916	3.937513049	0.984153976
1.158000000	18.338337690	3.939252156	0.979477666
1.159000000	18.351820015	3.940988957	0.974792826
1.160000000	18.365298891	3.942723451	0.970099456
1.161000000	18.378774321	3.944455641	0.965397561
1.162000000	18.392246304	3.946185526	0.960687141
1.163000000	18.405714841	3.947913109	0.955968199
1.164000000	18.419179933	3.949638390	0.951240738
1.165000000	18.432641582	3.951361371	0.946504760
1.166000000	18.446099787	3.953082052	0.941760267
1.167000000	18.459554549	3.954800435	0.937007261
1.168000000	18.473005871	3.956516521	0.932245744
1.169000000	18.486453751	3.958230311	0.927475720
1.170000000	18.499898191	3.959941806	0.922697189
1.171000000	18.513339192	3.961651008	0.917910155
1.172000000	18.526776755	3.963357916	0.913114619
1.173000000	18.540210879	3.965062533	0.908310585
1.174000000	18.553641568	3.966764860	0.903498053
1.175000000	18.567068820	3.968464897	0.898677027
1.176000000	18.580492636	3.970162646	0.893847508
1.177000000	18.593913018	3.971858108	0.889009499
1.178000000	18.607329967	3.973551283	0.884163003
1.179000000	18.620743483	3.975242174	0.879308021
1.180000000	18.634153566	3.976930781	0.874444555
1.181000000	18.647560218	3.978617106	0.869572609
1.182000000	18.660963440	3.980301149	0.864692183
1.183000000	18.674363232	3.981982911	0.859803282
1.184000000	18.687759594	3.983662395	0.854905905
1.185000000	18.701152529	3.985339599	0.850000057
1.186000000	18.714542036	3.987014527	0.845085739
1.187000000	18.727928116	3.988687179	0.840162954
1.188000000	18.741310771	3.990357556	0.835231703
1.189000000	18.754690000	3.992025659	0.830291990
1.190000000	18.768065804	3.993691489	0.825343815
1.191000000	18.781438186	3.995355047	0.820387183
1.192000000	18.794807144	3.997016335	0.815422094
1.193000000	18.808172680	3.998675354	0.810448551
1.194000000	18.821534795	4.000332104	0.805466556
1.195000000	18.834893489	4.001986588	0.800476112
1.196000000	18.848248763	4.003638805	0.795477221
1.197000000	18.861600618	4.005288757	0.790469885
1.198000000	18.874949055	4.006936445	0.785454106
1.199000000	18.888294074	4.008581870	0.780429887
1.200000000	18.901635676	4.010225034	0.775397229
1.201000000	18.914973862	4.011865936	0.770356136
1.202000000	18.928308633	4.013504580	0.765306609
1.203000000	18.941639989	4.015140965	0.760248651
1.204000000	18.954967931	4.016775092	0.755182263
1.205000000	18.968292460	4.018406964	0.750107449
1.206000000	18.981613577	4.020036580	0.745024210
1.207000000	18.994931282	4.021663942	0.739932549
1.208000000	19.008245576	4.023289051	0.734832467
1.209000000	19.021556460	4.024911908	0.729723968
1.210000000	19.034863934	4.026532515	0.724607053
1.211000000	19.048168000	4.028150871	0.719481725
1.212000000	19.061468657	4.029766979	0.714347986
1.213000000	19.074765908	4.031380840	0.709205838
1.214000000	19.088059751	4.032992454	0.704055283
1.215000000	19.101350189	4.034601823	0.698896324
1.216000000	19.114637222	4.036208947	0.693728963
1.217000000	19.127920850	4.037813829	0.688553202
1.218000000	19.141201074	4.039416468	0.683369044
1.219000000	19.154477896	4.041016866	0.678176490
1.220000000	19.167751315	4.042615025	0.672975543
1.221000000	19.181021333	4.044210944	0.667766206
1.222000000	19.194287950	4.045804626	0.662548479
1.223000000	19.207551167	4.047396071	0.657322367
1.224000000	19.220810984	4.048985280	0.652087870
1.225000000	19.234067403	4.050572255	0.646844992
1.226000000	19.247320423	4.052156997	0.641593734
1.227000000	19.260570047	4.053739506	0.636334099
1.228000000	19.273816273	4.055319784	0.631066089
1.229000000	19.287059104	4.056897831	0.625789706
1.230000000	19.300298540	4.058473650	0.620504953
1.231000000	19.313534581	4.060047240	0.615211831
1.232000000	19.326767228	4.061618604	0.609910343
1.233000000	19.339996482	4.063187741	0.604600491
1.234000000	19.353222343	4.064754654	0.599282278
1.235000000	19.366444813	4.066319343	0.593955706
1.236000000	19.379663892	4.067881810	0.588620776
1.237000000	19.392879581	4.069442055	0.583277492
1.238000000	19.406091879	4.071000079	0.577925856
1.239000000	19.419300789	4.072555884	0.572565869
1.240000000	19.432506311	4.074109471	0.567197534
1.241000000	19.445708445	4.075660840	0.561820853
1.242000000	19.458907191	4.077209993	0.556435829
1.243000000	19.472102552	4.078756931	0.551042463
1.244000000	19.485294527	4.080301654	0.545640759
1.245000000	19.498483117	4.081844165	0.540230717
1.246000000	19.511668323	4.083384464	0.534812341
1.247000000	19.524850145	4.084922552	0.529385633
1.248000000	19.538028584	4.086458430	0.523950595
1.249000000	19.551203641	4.087992100	0.518507229
1.250000000	19.564375317	4.089523561	0.513055538
1.251000000	19.577543612	4.091052816	0.507595523
1.252000000	19.590708526	4.092579866	0.502127188
1.253000000	19.603870061	4.094104711	0.496650533
1.254000000	19.617028217	4.095627353	0.491165562
1.255000000	19.630182994	4.097147792	0.485672277
1.256000000	19.643334394	4.098666030	0.480170680
1.257000000	19.656482417	4.100182068	0.474660773
1.258000000	19.669627064	4.101695907	0.469142558
1.259000000	19.682768335	4.103207547	0.463616038
1.260000000	19.695906231	4.104716991	0.458081216
1.261000000	19.709040753	4.106224238	0.452538092
1.262000000	19.722171901	4.107729291	0.446986670
1.263000000	19.735299676	4.109232150	0.441426952
1.264000000	19.748424079	4.110732816	0.435858939
1.265000000	19.761545110	4.112231290	0.430282635
1.266000000	19.774662769	4.113727573	0.424698042
1.267000000	19.787777059	4.115221667	0.419105161
1.268000000	19.800887978	4.116713573	0.413503995
1.269000000	19.813995529	4.118203290	0.407894546
1.270000000	19.827099711	4.119690822	0.402276817
1.271000000	19.840200524	4.121176168	0.396650809
1.272000000	19.853297971	4.122659329	0.391016526
1.273000000	19.866392051	4.124140308	0.385373968
1.274000000	19.879482765	4.125619104	0.379723140
1.275000000	19.892570114	4.127095719	0.374064042
1.276000000	19.905654097	4.128570153	0.368396676
1.277000000	19.918734717	4.130042409	0.362721047
1.278000000	19.931811973	4.131512487	0.357037154
1.279000000	19.944885867	4.132980387	0.351345001
1.280000000	19.957956398	4.134446112	0.345644591
1.281000000	19.971023567	4.135909662	0.339935924
1.282000000	19.984087376	4.137371038	0.334219004
1.283000000	19.997147824	4.138830241	0.328493833
1.284000000	20.010204912	4.140287272	0.322760413
1.285000000	20.023258641	4.141742133	0.317018745
1.286000000	20.036309012	4.143194824	0.311268834
1.287000000	20.049356024	4.144645347	0.305510680
1.288000000	20.062399680	4.146093702	0.299744286
1.289000000	20.075439978	4.147539890	0.293969654
1.290000000	20.088476921	4.148983913	0.288186787
1.291000000	20.101510508	4.150425772	0.282395686
1.292000000	20.114540740	4.151865467	0.276596354
1.293000000	20.127567618	4.153303000	0.270788794
1.294000000	20.140591142	4.154738371	0.264973007
1.295000000	20.153611313	4.156171583	0.259148996
1.296000000	20.166628132	4.157602635	0.253316762
1.297000000	20.179641599	4.159031529	0.247476309
1.298000000	20.192651714	4.160458266	0.241627639
1.299000000	20.205658479	4.161882846	0.235770753
1.300000000	20.218661893	4.163305272	0.229905654
1.301000000	20.231661959	4.164725544	0.224032344
1.302000000	20.244658675	4.166143663	0.218150826
1.303000000	20.257652043	4.167559630	0.212261101
1.304000000	20.270642063	4.168973446	0.206363172
1.305000000	20.283628736	4.170385112	0.200457042
1.306000000	20.296612063	4.171794629	0.194542712
1.307000000	20.309592043	4.173201999	0.188620185
1.308000000	20.322568679	4.174607221	0.182689462
1.309000000	20.335541969	4.176010298	0.176750547
1.310000000	20.348511915	4.177411231	0.170803441
1.311000000	20.361478518	4.178810020	0.164848147
1.312000000	20.374441777	4.180206666	0.158884667
1.313000000	20.387401694	4.181601170	0.152913004
1.314000000	20.400358269	4.182993535	0.146933158
1.315000000	20.413311503	4.184383759	0.140945133
1.316000000	20.426261396	4.185771845	0.134948932
1.317000000	20.439207949	4.187157794	0.128944555
1.318000000	20.452151162	4.188541606	0.122932006
1.319000000	20.465091036	4.189923283	0.116911287
1.320000000	20.478027572	4.191302826	0.110882399
1.321000000	20.490960770	4.192680235	0.104845346
1.322000000	20.503890630	4.194055512	0.098800129
1.323000000	20.516817154	4.195428657	0.092746751
1.324000000	20.529740341	4.196799673	0.086685214
1.325000000	20.542660193	4.198168559	0.080615520
1.326000000	20.555576710	4.199535317	0.074537672
1.327000000	20.568489892	4.200899948	0.068451671
1.328000000	20.581399740	4.202262453	0.062357521
1.329000000	20.594306255	4.203622833	0.056255222
1.330000000	20.607209436	4.204981088	0.050144778
1.331000000	20.620109286	4.206337221	0.044026191
1.332000000	20.633005804	4.207691231	0.037899462
1.333000000	20.645898990	4.209043121	0.031764595
1.334000000	20.658788846	4.210392890	0.025621591
1.335000000	20.671675372	4.211740541	0.019470453
1.336000000	20.684558568	4.213086074	0.013311183
1.337000000	20.697438435	4.214429489	0.007143784
1.338000000	20.710314974	4.215770789	0.000968256
1.339000000	20.723188184	4.217109974	-0.005215396
