0	0	0	70.6681	70.7532
0.1	7.06681	7.05912	70.6681	70.5912
0.2	14.1336	14.102	70.6681	70.4292
0.3	21.2004	21.1288	70.6681	70.2672
0.4	28.2672	28.1393	70.6681	70.1052
0.5	35.3341	35.1336	70.6681	69.9432
0.6	42.4009	42.1117	70.6681	69.7812
0.7	49.4677	49.0737	70.6681	69.6192
0.8	56.5345	56.0194	70.6681	69.4572
0.9	63.6013	62.9489	70.6681	69.2952
1	70.6681	69.8622	70.6681	69.1332
1.1	77.7349	76.7593	70.6681	68.9712
1.2	84.8017	83.6403	70.6681	68.8092
1.3	91.8685	90.505	70.6681	68.6472
1.4	98.9354	97.3535	70.6681	68.4852
1.5	106.002	104.186	70.6681	68.3232
1.6	113.069	111.002	70.6681	68.1612
1.7	120.136	117.802	70.6681	67.9992
1.8	127.203	124.586	70.6681	67.8372
1.9	134.269	131.353	70.6681	67.6752
2	141.336	138.104	70.6681	67.5132
2.1	148.403	144.84	70.6681	67.3512
2.2	155.47	151.558	70.6681	67.1892
2.3	162.537	158.261	70.6681	67.0272
2.4	169.603	164.948	70.6681	66.8652
2.5	176.67	171.618	70.6681	66.7032
2.6	183.737	178.272	70.6681	66.5412
2.7	190.804	184.91	70.6681	66.3792
2.8	197.871	191.532	70.6681	66.2172
2.9	204.938	198.137	70.6681	66.0552
3	212.004	204.727	70.6681	65.8932
3.1	219.071	211.3	70.6681	65.7312
3.2	226.138	217.857	70.6681	65.5692
3.3	233.205	224.397	70.6681	65.4072
3.4	240.272	230.922	70.6681	65.2452
3.5	247.338	237.43	70.6681	65.0832
3.6	254.405	243.922	70.6681	64.9212
3.7	261.472	250.398	70.6681	64.7592
3.8	268.539	256.858	70.6681	64.5972
3.9	275.606	263.302	70.6681	64.4352
4	282.672	269.729	70.6681	64.2732
4.1	289.739	276.14	70.6681	64.1112
4.2	296.806	282.535	70.6681	63.9492
4.3	303.873	288.914	70.6681	63.7872
4.4	310.94	295.276	70.6681	63.6252
4.5	318.006	301.622	70.6681	63.4632
4.6	325.073	307.953	70.6681	63.3012
4.7	332.14	314.267	70.6681	63.1392
4.8	339.207	320.564	70.6681	62.9772
4.9	346.274	326.846	70.6681	62.8152
5	353.341	333.111	70.6681	62.6532
5.1	360.407	339.36	70.6681	62.4912
5.2	367.474	345.593	70.6681	62.3292
5.3	374.541	351.81	70.6681	62.1672
5.4	381.608	358.01	70.6681	62.0052
5.5	388.675	364.195	70.6681	61.8432
5.6	395.741	370.363	70.6681	61.6812
5.7	402.808	376.515	70.6681	61.5192
5.8	409.875	382.65	70.6681	61.3572
5.9	416.942	388.77	70.6681	61.1952
6	424.009	394.873	70.6681	61.0332
6.1	431.075	400.96	70.6681	60.8712
6.2	438.142	407.031	70.6681	60.7092
6.3	445.209	413.086	70.6681	60.5472
6.4	452.276	419.125	70.6681	60.3852
6.5	459.343	425.147	70.6681	60.2232
6.6	466.41	431.153	70.6681	60.0612
6.7	473.476	437.143	70.6681	59.8992
6.8	480.543	443.117	70.6681	59.7372
6.9	487.61	449.074	70.6681	59.5752
7	494.677	455.016	70.6681	59.4132
7.1	501.744	460.941	70.6681	59.2512
7.2	508.81	466.85	70.6681	59.0892
7.3	515.877	472.742	70.6681	58.9272
7.4	522.944	478.619	70.6681	58.7652
7.5	530.011	484.479	70.6681	58.6032
7.6	537.078	490.323	70.6681	58.4412
7.7	544.144	496.151	70.6681	58.2792
7.8	551.211	501.963	70.6681	58.1172
7.9	558.278	507.758	70.6681	57.9552
8	565.345	513.538	70.6681	57.7932
8.1	572.412	519.301	70.6681	57.6312
8.2	579.478	525.048	70.6681	57.4692
8.3	586.545	530.779	70.6681	57.3072
8.4	593.612	536.493	70.6681	57.1452
8.5	600.679	542.191	70.6681	56.9832
8.6	607.746	547.874	70.6681	56.8212
8.7	614.813	553.539	70.6681	56.6592
8.8	621.879	559.189	70.6681	56.4972
8.9	628.946	564.823	70.6681	56.3352
9	636.013	570.44	70.6681	56.1732
9.1	643.08	576.041	70.6681	56.0112
9.2	650.147	581.626	70.6681	55.8492
9.3	657.213	587.195	70.6681	55.6872
9.4	664.28	592.747	70.6681	55.5252
9.5	671.347	598.284	70.6681	55.3632
9.6	678.414	603.804	70.6681	55.2012
9.7	685.481	609.308	70.6681	55.0392
9.8	692.547	614.795	70.6681	54.8772
9.9	699.614	620.267	70.6681	54.7152
10	706.681	625.722	70.6681	54.5532
10.1	713.748	631.161	70.6681	54.3912
10.2	720.815	636.584	70.6681	54.2292
10.3	727.882	641.991	70.6681	54.0672
10.4	734.948	647.382	70.6681	53.9052
10.5	742.015	652.756	70.6681	53.7432
10.6	749.082	658.114	70.6681	53.5812
10.7	756.149	663.456	70.6681	53.4192
10.8	763.216	668.782	70.6681	53.2572
10.9	770.282	674.091	70.6681	53.0952
11	777.349	679.384	70.6681	52.9332
11.1	784.416	684.662	70.6681	52.7712
11.2	791.483	689.922	70.6681	52.6092
11.3	798.55	695.167	70.6681	52.4472
11.4	805.616	700.396	70.6681	52.2852
11.5	812.683	705.608	70.6681	52.1232
11.6	819.75	710.804	70.6681	51.9612
11.7	826.817	715.984	70.6681	51.7992
11.8	833.884	721.148	70.6681	51.6372
11.9	840.95	726.295	70.6681	51.4752
12	848.017	731.427	70.6681	51.3132
12.1	855.084	736.542	70.6681	51.1512
12.2	862.151	741.641	70.6681	50.9892
12.3	869.218	746.723	70.6681	50.8272
12.4	876.285	751.79	70.6681	50.6652
12.5	883.351	756.84	70.6681	50.5032
12.6	890.418	761.874	70.6681	50.3412
12.7	897.485	766.892	70.6681	50.1792
12.8	904.552	771.894	70.6681	50.0172
12.9	911.619	776.88	70.6681	49.8552
13	918.685	781.849	70.6681	49.6932
13.1	925.752	786.802	70.6681	49.5312
13.2	932.819	791.739	70.6681	49.3692
13.3	939.886	796.66	70.6681	49.2072
13.4	946.953	801.564	70.6681	49.0452
13.5	954.019	806.452	70.6681	48.8832
13.6	961.086	811.325	70.6681	48.7212
13.7	968.153	816.181	70.6681	48.5592
13.8	975.22	821.02	70.6681	48.3972
13.9	982.287	825.844	70.6681	48.2352
14	989.354	830.651	70.6681	48.0732
14.1	996.42	835.442	70.6681	47.9112
14.2	1003.49	840.217	70.6681	47.7492
14.3	1010.55	844.976	70.6681	47.5872
14.4	1017.62	849.718	70.6681	47.4252
14.5	1024.69	854.445	70.6681	47.2632
14.6	1031.75	859.155	70.6681	47.1012
14.7	1038.82	863.849	70.6681	46.9392
14.8	1045.89	868.526	70.6681	46.7772
14.9	1052.95	873.188	70.6681	46.6152
15	1060.02	877.833	70.6681	46.4532
15.1	1067.09	882.462	70.6681	46.2912
15.2	1074.16	887.075	70.6681	46.1292
15.3	1081.22	891.672	70.6681	45.9672
15.4	1088.29	896.253	70.6681	45.8052
15.5	1095.36	900.817	70.6681	45.6432
15.6	1102.42	905.365	70.6681	45.4812
15.7	1109.49	909.897	70.6681	45.3192
15.8	1116.56	914.413	70.6681	45.1572
15.9	1123.62	918.912	70.6681	44.9952
16	1130.69	923.396	70.6681	44.8332
16.1	1137.76	927.863	70.6681	44.6712
16.2	1144.82	932.314	70.6681	44.5092
16.3	1151.89	936.748	70.6681	44.3472
16.4	1158.96	941.167	70.6681	44.1852
16.5	1166.02	945.569	70.6681	44.0232
16.6	1173.09	949.955	70.6681	43.8612
16.7	1180.16	954.325	70.6681	43.6992
16.8	1187.22	958.679	70.6681	43.5372
16.9	1194.29	963.016	70.6681	43.3752
17	1201.36	967.338	70.6681	43.2132
17.1	1208.42	971.643	70.6681	43.0512
17.2	1215.49	975.932	70.6681	42.8892
17.3	1222.56	980.205	70.6681	42.7272
17.4	1229.63	984.461	70.6681	42.5652
17.5	1236.69	988.701	70.6681	42.4032
17.6	1243.76	992.925	70.6681	42.2412
17.7	1250.83	997.133	70.6681	42.0792
17.8	1257.89	1001.33	70.6681	41.9172
17.9	1264.96	1005.5	70.6681	41.7552
18	1272.03	1009.66	70.6681	41.5932
18.1	1279.09	1013.8	70.6681	41.4312
18.2	1286.16	1017.93	70.6681	41.2692
18.3	1293.23	1022.04	70.6681	41.1072
18.4	1300.29	1026.14	70.6681	40.9452
18.5	1307.36	1030.21	70.6681	40.7832
18.6	1314.43	1034.28	70.6681	40.6212
18.7	1321.49	1038.32	70.6681	40.4592
18.8	1328.56	1042.35	70.6681	40.2972
18.9	1335.63	1046.36	70.6681	40.1352
19	1342.69	1050.36	70.6681	39.9732
19.1	1349.76	1054.34	70.6681	39.8112
19.2	1356.83	1058.31	70.6681	39.6492
19.3	1363.89	1062.26	70.6681	39.4872
19.4	1370.96	1066.19	70.6681	39.3252
19.5	1378.03	1070.11	70.6681	39.1632
19.6	1385.09	1074.01	70.6681	39.0012
19.7	1392.16	1077.89	70.6681	38.8392
19.8	1399.23	1081.76	70.6681	38.6772
19.9	1406.3	1085.61	70.6681	38.5152
20	1413.36	1089.44	70.6681	38.3532
20.1	1420.43	1093.26	70.6681	38.1912
20.2	1427.5	1097.07	70.6681	38.0292
20.3	1434.56	1100.85	70.6681	37.8672
20.4	1441.63	1104.62	70.6681	37.7052
20.5	1448.7	1108.38	70.6681	37.5432
20.6	1455.76	1112.12	70.6681	37.3812
20.7	1462.83	1115.84	70.6681	37.2192
20.8	1469.9	1119.54	70.6681	37.0572
20.9	1476.96	1123.23	70.6681	36.8952
21	1484.03	1126.91	70.6681	36.7332
21.1	1491.1	1130.56	70.6681	36.5712
21.2	1498.16	1134.2	70.6681	36.4092
21.3	1505.23	1137.83	70.6681	36.2472
21.4	1512.3	1141.44	70.6681	36.0852
21.5	1519.36	1145.03	70.6681	35.9232
21.6	1526.43	1148.61	70.6681	35.7612
21.7	1533.5	1152.17	70.6681	35.5992
21.8	1540.56	1155.71	70.6681	35.4372
21.9	1547.63	1159.24	70.6681	35.2752
22	1554.7	1162.75	70.6681	35.1132
22.1	1561.77	1166.24	70.6681	34.9512
22.2	1568.83	1169.72	70.6681	34.7892
22.3	1575.9	1173.19	70.6681	34.6272
22.4	1582.97	1176.63	70.6681	34.4652
22.5	1590.03	1180.06	70.6681	34.3032
22.6	1597.1	1183.48	70.6681	34.1412
22.7	1604.17	1186.87	70.6681	33.9792
22.8	1611.23	1190.26	70.6681	33.8172
22.9	1618.3	1193.62	70.6681	33.6552
23	1625.37	1196.97	70.6681	33.4932
23.1	1632.43	1200.3	70.6681	33.3312
23.2	1639.5	1203.62	70.6681	33.1692
23.3	1646.57	1206.92	70.6681	33.0072
23.4	1653.63	1210.21	70.6681	32.8452
23.5	1660.7	1213.47	70.6681	32.6832
23.6	1667.77	1216.73	70.6681	32.5212
23.7	1674.83	1219.96	70.6681	32.3592
23.8	1681.9	1223.18	70.6681	32.1972
23.9	1688.97	1226.39	70.6681	32.0352
24	1696.03	1229.57	70.6681	31.8732
24.1	1703.1	1232.74	70.6681	31.7112
24.2	1710.17	1235.9	70.6681	31.5492
24.3	1717.24	1239.04	70.6681	31.3872
24.4	1724.3	1242.16	70.6681	31.2252
24.5	1731.37	1245.27	70.6681	31.0632
24.6	1738.44	1248.36	70.6681	30.9012
24.7	1745.5	1251.43	70.6681	30.7392
24.8	1752.57	1254.49	70.6681	30.5772
24.9	1759.64	1257.53	70.6681	30.4152
25	1766.7	1260.56	70.6681	30.2532
25.1	1773.77	1263.56	70.6681	30.0912
25.2	1780.84	1266.56	70.6681	29.9292
25.3	1787.9	1269.53	70.6681	29.7672
25.4	1794.97	1272.49	70.6681	29.6052
25.5	1802.04	1275.44	70.6681	29.4432
25.6	1809.1	1278.37	70.6681	29.2812
25.7	1816.17	1281.28	70.6681	29.1192
25.8	1823.24	1284.17	70.6681	28.9572
25.9	1830.3	1287.05	70.6681	28.7952
26	1837.37	1289.92	70.6681	28.6332
26.1	1844.44	1292.76	70.6681	28.4712
26.2	1851.5	1295.6	70.6681	28.3092
26.3	1858.57	1298.41	70.6681	28.1472
26.4	1865.64	1301.21	70.6681	27.9852
26.5	1872.7	1303.99	70.6681	27.8232
26.6	1879.77	1306.76	70.6681	27.6612
26.7	1886.84	1309.51	70.6681	27.4992
26.8	1893.91	1312.24	70.6681	27.3372
26.9	1900.97	1314.96	70.6681	27.1752
27	1908.04	1317.66	70.6681	27.0132
27.1	1915.11	1320.35	70.6681	26.8512
27.2	1922.17	1323.01	70.6681	26.6892
27.3	1929.24	1325.67	70.6681	26.5272
27.4	1936.31	1328.3	70.6681	26.3652
27.5	1943.37	1330.92	70.6681	26.2032
27.6	1950.44	1333.53	70.6681	26.0412
27.7	1957.51	1336.12	70.6681	25.8792
27.8	1964.57	1338.69	70.6681	25.7172
27.9	1971.64	1341.24	70.6681	25.5552
28	1978.71	1343.78	70.6681	25.3932
28.1	1985.77	1346.31	70.6681	25.2312
28.2	1992.84	1348.81	70.6681	25.0692
28.3	1999.91	1351.3	70.6681	24.9072
28.4	2006.97	1353.78	70.6681	24.7452
28.5	2014.04	1356.24	70.6681	24.5832
28.6	2021.11	1358.68	70.6681	24.4212
28.7	2028.17	1361.1	70.6681	24.2592
28.8	2035.24	1363.51	70.6681	24.0972
28.9	2042.31	1365.91	70.6681	23.9352
29	2049.38	1368.28	70.6681	23.7732
29.1	2056.44	1370.65	70.6681	23.6112
29.2	2063.51	1372.99	70.6681	23.4492
29.3	2070.58	1375.32	70.6681	23.2872
29.4	2077.64	1377.63	70.6681	23.1252
29.5	2084.71	1379.93	70.6681	22.9632
29.6	2091.78	1382.21	70.6681	22.8012
29.7	2098.84	1384.47	70.6681	22.6392
29.8	2105.91	1386.72	70.6681	22.4772
29.9	2112.98	1388.95	70.6681	22.3152
30	2120.04	1391.17	70.6681	22.1532
30.1	2127.11	1393.37	70.6681	21.9912
30.2	2134.18	1395.55	70.6681	21.8292
30.3	2141.24	1397.72	70.6681	21.6672
30.4	2148.31	1399.87	70.6681	21.5052
30.5	2155.38	1402	70.6681	21.3432
30.6	2162.44	1404.12	70.6681	21.1812
30.7	2169.51	1406.22	70.6681	21.0192
30.8	2176.58	1408.31	70.6681	20.8572
30.9	2183.64	1410.38	70.6681	20.6952
31	2190.71	1412.43	70.6681	20.5332
31.1	2197.78	1414.47	70.6681	20.3712
31.2	2204.85	1416.49	70.6681	20.2092
31.3	2211.91	1418.49	70.6681	20.0472
31.4	2218.98	1420.48	70.6681	19.8852
31.5	2226.05	1422.45	70.6681	19.7232
31.6	2233.11	1424.41	70.6681	19.5612
31.7	2240.18	1426.35	70.6681	19.3992
31.8	2247.25	1428.27	70.6681	19.2372
31.9	2254.31	1430.18	70.6681	19.0752
32	2261.38	1432.07	70.6681	18.9132
32.1	2268.45	1433.95	70.6681	18.7512
32.2	2275.51	1435.81	70.6681	18.5892
32.3	2282.58	1437.65	70.6681	18.4272
32.4	2289.65	1439.47	70.6681	18.2652
32.5	2296.71	1441.28	70.6681	18.1032
32.6	2303.78	1443.08	70.6681	17.9412
32.7	2310.85	1444.86	70.6681	17.7792
32.8	2317.91	1446.62	70.6681	17.6172
32.9	2324.98	1448.36	70.6681	17.4552
33	2332.05	1450.09	70.6681	17.2932
33.1	2339.11	1451.81	70.6681	17.1312
33.2	2346.18	1453.5	70.6681	16.9692
33.3	2353.25	1455.18	70.6681	16.8072
33.4	2360.31	1456.85	70.6681	16.6452
33.5	2367.38	1458.5	70.6681	16.4832
33.6	2374.45	1460.13	70.6681	16.3212
33.7	2381.52	1461.74	70.6681	16.1592
33.8	2388.58	1463.34	70.6681	15.9972
33.9	2395.65	1464.93	70.6681	15.8352
34	2402.72	1466.5	70.6681	15.6732
34.1	2409.78	1468.05	70.6681	15.5112
34.2	2416.85	1469.58	70.6681	15.3492
34.3	2423.92	1471.1	70.6681	15.1872
34.4	2430.98	1472.6	70.6681	15.0252
34.5	2438.05	1474.09	70.6681	14.8632
34.6	2445.12	1475.56	70.6681	14.7012
34.7	2452.18	1477.01	70.6681	14.5392
34.8	2459.25	1478.45	70.6681	14.3772
34.9	2466.32	1479.87	70.6681	14.2152
35	2473.38	1481.28	70.6681	14.0532
35.1	2480.45	1482.67	70.6681	13.8912
35.2	2487.52	1484.04	70.6681	13.7292
35.3	2494.58	1485.4	70.6681	13.5672
35.4	2501.65	1486.74	70.6681	13.4052
35.5	2508.72	1488.06	70.6681	13.2432
35.6	2515.78	1489.37	70.6681	13.0812
35.7	2522.85	1490.66	70.6681	12.9192
35.8	2529.92	1491.94	70.6681	12.7572
35.9	2536.99	1493.2	70.6681	12.5952
36	2544.05	1494.44	70.6681	12.4332
36.1	2551.12	1495.67	70.6681	12.2712
36.2	2558.19	1496.88	70.6681	12.1092
36.3	2565.25	1498.07	70.6681	11.9472
36.4	2572.32	1499.25	70.6681	11.7852
36.5	2579.39	1500.41	70.6681	11.6232
36.6	2586.45	1501.56	70.6681	11.4612
36.7	2593.52	1502.69	70.6681	11.2992
36.8	2600.59	1503.8	70.6681	11.1372
36.9	2607.65	1504.9	70.6681	10.9752
37	2614.72	1505.98	70.6681	10.8132
37.1	2621.79	1507.05	70.6681	10.6512
37.2	2628.85	1508.1	70.6681	10.4892
37.3	2635.92	1509.13	70.6681	10.3272
37.4	2642.99	1510.15	70.6681	10.1652
37.5	2650.05	1511.15	70.6681	10.0032
37.6	2657.12	1512.13	70.6681	9.84122
37.7	2664.19	1513.1	70.6681	9.67922
37.8	2671.25	1514.05	70.6681	9.51722
37.9	2678.32	1514.99	70.6681	9.35522
38	2685.39	1515.9	70.6681	9.19322
38.1	2692.45	1516.81	70.6681	9.03122
38.2	2699.52	1517.69	70.6681	8.86922
38.3	2706.59	1518.57	70.6681	8.70722
38.4	2713.66	1519.42	70.6681	8.54522
38.5	2720.72	1520.26	70.6681	8.38322
38.6	2727.79	1521.08	70.6681	8.22122
38.7	2734.86	1521.89	70.6681	8.05922
38.8	2741.92	1522.68	70.6681	7.89722
38.9	2748.99	1523.45	70.6681	7.73522
39	2756.06	1524.21	70.6681	7.57322
39.1	2763.12	1524.95	70.6681	7.41122
39.2	2770.19	1525.67	70.6681	7.24922
39.3	2777.26	1526.38	70.6681	7.08722
39.4	2784.32	1527.07	70.6681	6.92522
39.5	2791.39	1527.75	70.6681	6.76322
39.6	2798.46	1528.41	70.6681	6.60122
39.7	2805.52	1529.05	70.6681	6.43922
39.8	2812.59	1529.68	70.6681	6.27722
39.9	2819.66	1530.29	70.6681	6.11522
40	2826.72	1530.89	70.6681	5.95322
40.1	2833.79	1531.47	70.6681	5.79122
40.2	2840.86	1532.03	70.6681	5.62922
40.3	2847.92	1532.58	70.6681	5.46722
40.4	2854.99	1533.11	70.6681	5.30522
40.5	2862.06	1533.62	70.6681	5.14322
40.6	2869.13	1534.12	70.6681	4.98122
40.7	2876.19	1534.6	70.6681	4.81922
40.8	2883.26	1535.07	70.6681	4.65722
40.9	2890.33	1535.52	70.6681	4.49522
41	2897.39	1535.95	70.6681	4.33322
41.1	2904.46	1536.37	70.6681	4.17122
41.2	2911.53	1536.77	70.6681	4.00922
41.3	2918.59	1537.15	70.6681	3.84722
41.4	2925.66	1537.52	70.6681	3.68522
41.5	2932.73	1537.87	70.6681	3.52322
41.6	2939.79	1538.21	70.6681	3.36122
41.7	2946.86	1538.53	70.6681	3.19922
41.8	2953.93	1538.83	70.6681	3.03722
41.9	2960.99	1539.12	70.6681	2.87522
42	2968.06	1539.39	70.6681	2.71322
42.1	2975.13	1539.65	70.6681	2.55122
42.2	2982.19	1539.89	70.6681	2.38922
42.3	2989.26	1540.11	70.6681	2.22722
42.4	2996.33	1540.32	70.6681	2.06522
42.5	3003.39	1540.51	70.6681	1.90322
42.6	3010.46	1540.68	70.6681	1.74122
42.7	3017.53	1540.84	70.6681	1.57922
42.8	3024.6	1540.98	70.6681	1.41722
42.9	3031.66	1541.11	70.6681	1.25522
43	3038.73	1541.22	70.6681	1.09322
43.1	3045.8	1541.31	70.6681	0.931222
43.2	3052.86	1541.39	70.6681	0.769222
43.3	3059.93	1541.45	70.6681	0.607222
43.4	3067	1541.49	70.6681	0.445222
43.5	3074.06	1541.52	70.6681	0.283222
43.6	3081.13	1541.53	70.6681	0.121222
43.7	3088.2	1541.53	70.6681	-0.0407784
43.8	3095.26	1541.51	70.6681	-0.202778
43.9	3102.33	1541.47	70.6681	-0.364778
44	3109.4	1541.42	70.6681	-0.526778
44.1	3116.46	1541.35	70.6681	-0.688778
44.2	3123.53	1541.26	70.6681	-0.850778
44.3	3130.6	1541.16	70.6681	-1.01278
44.4	3137.66	1541.05	70.6681	-1.17478
44.5	3144.73	1540.91	70.6681	-1.33678
44.6	3151.8	1540.76	70.6681	-1.49878
44.7	3158.86	1540.6	70.6681	-1.66078
44.8	3165.93	1540.41	70.6681	-1.82278
44.9	3173	1540.21	70.6681	-1.98478
45	3180.06	1540	70.6681	-2.14678
45.1	3187.13	1539.77	70.6681	-2.30878
45.2	3194.2	1539.52	70.6681	-2.47078
45.3	3201.27	1539.26	70.6681	-2.63278
45.4	3208.33	1538.98	70.6681	-2.79478
45.5	3215.4	1538.68	70.6681	-2.95678
45.6	3222.47	1538.37	70.6681	-3.11878
45.7	3229.53	1538.04	70.6681	-3.28078
45.8	3236.6	1537.7	70.6681	-3.44278
45.9	3243.67	1537.34	70.6681	-3.60478
46	3250.73	1536.96	70.6681	-3.76678
46.1	3257.8	1536.57	70.6681	-3.92878
46.2	3264.87	1536.16	70.6681	-4.09078
46.3	3271.93	1535.73	70.6681	-4.25278
46.4	3279	1535.29	70.6681	-4.41478
46.5	3286.07	1534.84	70.6681	-4.57678
46.6	3293.13	1534.36	70.6681	-4.73878
46.7	3300.2	1533.87	70.6681	-4.90078
46.8	3307.27	1533.37	70.6681	-5.06278
46.9	3314.33	1532.84	70.6681	-5.22478
47	3321.4	1532.3	70.6681	-5.38678
47.1	3328.47	1531.75	70.6681	-5.54878
47.2	3335.53	1531.18	70.6681	-5.71078
47.3	3342.6	1530.59	70.6681	-5.87278
47.4	3349.67	1529.99	70.6681	-6.03478
47.5	3356.74	1529.37	70.6681	-6.19678
47.6	3363.8	1528.73	70.6681	-6.35878
47.7	3370.87	1528.08	70.6681	-6.52078
47.8	3377.94	1527.41	70.6681	-6.68278
47.9	3385	1526.73	70.6681	-6.84478
48	3392.07	1526.03	70.6681	-7.00678
48.1	3399.14	1525.31	70.6681	-7.16878
48.2	3406.2	1524.58	70.6681	-7.33078
48.3	3413.27	1523.83	70.6681	-7.49278
48.4	3420.34	1523.06	70.6681	-7.65478
48.5	3427.4	1522.28	70.6681	-7.81678
48.6	3434.47	1521.48	70.6681	-7.97878
48.7	3441.54	1520.67	70.6681	-8.14078
48.8	3448.6	1519.84	70.6681	-8.30278
48.9	3455.67	1518.99	70.6681	-8.46478
49	3462.74	1518.13	70.6681	-8.62678
49.1	3469.8	1517.25	70.6681	-8.78878
49.2	3476.87	1516.35	70.6681	-8.95078
49.3	3483.94	1515.44	70.6681	-9.11278
49.4	3491	1514.52	70.6681	-9.27478
49.5	3498.07	1513.57	70.6681	-9.43678
49.6	3505.14	1512.61	70.6681	-9.59878
49.7	3512.21	1511.64	70.6681	-9.76078
49.8	3519.27	1510.64	70.6681	-9.92278
49.9	3526.34	1509.64	70.6681	-10.0848
50	3533.41	1508.61	70.6681	-10.2468
50.1	3540.47	1507.57	70.6681	-10.4088
50.2	3547.54	1506.51	70.6681	-10.5708
50.3	3554.61	1505.44	70.6681	-10.7328
50.4	3561.67	1504.35	70.6681	-10.8948
50.5	3568.74	1503.24	70.6681	-11.0568
50.6	3575.81	1502.12	70.6681	-11.2188
50.7	3582.87	1500.98	70.6681	-11.3808
50.8	3589.94	1499.83	70.6681	-11.5428
50.9	3597.01	1498.66	70.6681	-11.7048
51	3604.07	1497.47	70.6681	-11.8668
51.1	3611.14	1496.27	70.6681	-12.0288
51.2	3618.21	1495.05	70.6681	-12.1908
51.3	3625.27	1493.82	70.6681	-12.3528
51.4	3632.34	1492.56	70.6681	-12.5148
51.5	3639.41	1491.3	70.6681	-12.6768
51.6	3646.47	1490.01	70.6681	-12.8388
51.7	3653.54	1488.71	70.6681	-13.0008
51.8	3660.61	1487.4	70.6681	-13.1628
51.9	3667.67	1486.06	70.6681	-13.3248
52	3674.74	1484.72	70.6681	-13.4868
52.1	3681.81	1483.35	70.6681	-13.6488
52.2	3688.88	1481.97	70.6681	-13.8108
52.3	3695.94	1480.57	70.6681	-13.9728
52.4	3703.01	1479.16	70.6681	-14.1348
52.5	3710.08	1477.73	70.6681	-14.2968
52.6	3717.14	1476.28	70.6681	-14.4588
52.7	3724.21	1474.82	70.6681	-14.6208
52.8	3731.28	1473.34	70.6681	-14.7828
52.9	3738.34	1471.85	70.6681	-14.9448
53	3745.41	1470.34	70.6681	-15.1068
53.1	3752.48	1468.81	70.6681	-15.2688
53.2	3759.54	1467.27	70.6681	-15.4308
53.3	3766.61	1465.71	70.6681	-15.5928
53.4	3773.68	1464.13	70.6681	-15.7548
53.5	3780.74	1462.54	70.6681	-15.9168
53.6	3787.81	1460.93	70.6681	-16.0788
53.7	3794.88	1459.31	70.6681	-16.2408
53.8	3801.94	1457.67	70.6681	-16.4028
53.9	3809.01	1456.01	70.6681	-16.5648
54	3816.08	1454.34	70.6681	-16.7268
54.1	3823.14	1452.65	70.6681	-16.8888
54.2	3830.21	1450.95	70.6681	-17.0508
54.3	3837.28	1449.22	70.6681	-17.2128
54.4	3844.35	1447.49	70.6681	-17.3748
54.5	3851.41	1445.73	70.6681	-17.5368
54.6	3858.48	1443.96	70.6681	-17.6988
54.7	3865.55	1442.18	70.6681	-17.8608
54.8	3872.61	1440.38	70.6681	-18.0228
54.9	3879.68	1438.56	70.6681	-18.1848
55	3886.75	1436.72	70.6681	-18.3468
55.1	3893.81	1434.87	70.6681	-18.5088
55.2	3900.88	1433	70.6681	-18.6708
55.3	3907.95	1431.12	70.6681	-18.8328
55.4	3915.01	1429.22	70.6681	-18.9948
55.5	3922.08	1427.31	70.6681	-19.1568
55.6	3929.15	1425.37	70.6681	-19.3188
55.7	3936.21	1423.43	70.6681	-19.4808
55.8	3943.28	1421.46	70.6681	-19.6428
55.9	3950.35	1419.48	70.6681	-19.8048
56	3957.41	1417.48	70.6681	-19.9668
56.1	3964.48	1415.47	70.6681	-20.1288
56.2	3971.55	1413.44	70.6681	-20.2908
56.3	3978.61	1411.4	70.6681	-20.4528
56.4	3985.68	1409.34	70.6681	-20.6148
56.5	3992.75	1407.26	70.6681	-20.7768
56.6	3999.81	1405.16	70.6681	-20.9388
56.7	4006.88	1403.05	70.6681	-21.1008
56.8	4013.95	1400.93	70.6681	-21.2628
56.9	4021.02	1398.79	70.6681	-21.4248
57	4028.08	1396.63	70.6681	-21.5868
57.1	4035.15	1394.45	70.6681	-21.7488
57.2	4042.22	1392.26	70.6681	-21.9108
57.3	4049.28	1390.05	70.6681	-22.0728
57.4	4056.35	1387.83	70.6681	-22.2348
57.5	4063.42	1385.59	70.6681	-22.3968
57.6	4070.48	1383.33	70.6681	-22.5588
57.7	4077.55	1381.06	70.6681	-22.7208
57.8	4084.62	1378.77	70.6681	-22.8828
57.9	4091.68	1376.47	70.6681	-23.0448
58	4098.75	1374.15	70.6681	-23.2068
58.1	4105.82	1371.81	70.6681	-23.3688
58.2	4112.88	1369.46	70.6681	-23.5308
58.3	4119.95	1367.09	70.6681	-23.6928
58.4	4127.02	1364.7	70.6681	-23.8548
58.5	4134.08	1362.3	70.6681	-24.0168
58.6	4141.15	1359.88	70.6681	-24.1788
58.7	4148.22	1357.45	70.6681	-24.3408
58.8	4155.28	1355	70.6681	-24.5028
58.9	4162.35	1352.53	70.6681	-24.6648
59	4169.42	1350.05	70.6681	-24.8268
59.1	4176.49	1347.55	70.6681	-24.9888
59.2	4183.55	1345.04	70.6681	-25.1508
59.3	4190.62	1342.51	70.6681	-25.3128
59.4	4197.69	1339.96	70.6681	-25.4748
59.5	4204.75	1337.39	70.6681	-25.6368
59.6	4211.82	1334.81	70.6681	-25.7988
59.7	4218.89	1332.22	70.6681	-25.9608
59.8	4225.95	1329.61	70.6681	-26.1228
59.9	4233.02	1326.98	70.6681	-26.2848
60	4240.09	1324.33	70.6681	-26.4468
60.1	4247.15	1321.67	70.6681	-26.6088
60.2	4254.22	1319	70.6681	-26.7708
60.3	4261.29	1316.3	70.6681	-26.9328
60.4	4268.35	1313.59	70.6681	-27.0948
60.5	4275.42	1310.87	70.6681	-27.2568
60.6	4282.49	1308.13	70.6681	-27.4188
60.7	4289.55	1305.37	70.6681	-27.5808
60.8	4296.62	1302.59	70.6681	-27.7428
60.9	4303.69	1299.8	70.6681	-27.9048
61	4310.75	1297	70.6681	-28.0668
61.1	4317.82	1294.17	70.6681	-28.2288
61.2	4324.89	1291.33	70.6681	-28.3908
61.3	4331.96	1288.48	70.6681	-28.5528
61.4	4339.02	1285.61	70.6681	-28.7148
61.5	4346.09	1282.72	70.6681	-28.8768
61.6	4353.16	1279.82	70.6681	-29.0388
61.7	4360.22	1276.9	70.6681	-29.2008
61.8	4367.29	1273.96	70.6681	-29.3628
61.9	4374.36	1271.01	70.6681	-29.5248
62	4381.42	1268.04	70.6681	-29.6868
62.1	4388.49	1265.05	70.6681	-29.8488
62.2	4395.56	1262.05	70.6681	-30.0108
62.3	4402.62	1259.03	70.6681	-30.1728
62.4	4409.69	1256	70.6681	-30.3348
62.5	4416.76	1252.95	70.6681	-30.4968
62.6	4423.82	1249.89	70.6681	-30.6588
62.7	4430.89	1246.8	70.6681	-30.8208
62.8	4437.96	1243.71	70.6681	-30.9828
62.9	4445.02	1240.59	70.6681	-31.1448
63	4452.09	1237.46	70.6681	-31.3068
63.1	4459.16	1234.31	70.6681	-31.4688
63.2	4466.22	1231.15	70.6681	-31.6308
63.3	4473.29	1227.97	70.6681	-31.7928
63.4	4480.36	1224.78	70.6681	-31.9548
63.5	4487.42	1221.56	70.6681	-32.1168
63.6	4494.49	1218.34	70.6681	-32.2788
63.7	4501.56	1215.09	70.6681	-32.4408
63.8	4508.63	1211.83	70.6681	-32.6028
63.9	4515.69	1208.55	70.6681	-32.7648
64	4522.76	1205.26	70.6681	-32.9268
64.1	4529.83	1201.95	70.6681	-33.0888
64.2	4536.89	1198.63	70.6681	-33.2508
64.3	4543.96	1195.29	70.6681	-33.4128
64.4	4551.03	1191.93	70.6681	-33.5748
64.5	4558.09	1188.56	70.6681	-33.7368
64.6	4565.16	1185.17	70.6681	-33.8988
64.7	4572.23	1181.76	70.6681	-34.0608
64.8	4579.29	1178.34	70.6681	-34.2228
64.9	4586.36	1174.9	70.6681	-34.3848
65	4593.43	1171.44	70.6681	-34.5468
65.1	4600.49	1167.97	70.6681	-34.7088
65.2	4607.56	1164.49	70.6681	-34.8708
65.3	4614.63	1160.98	70.6681	-35.0328
65.4	4621.69	1157.46	70.6681	-35.1948
65.5	4628.76	1153.93	70.6681	-35.3568
65.6	4635.83	1150.38	70.6681	-35.5188
65.7	4642.89	1146.81	70.6681	-35.6808
65.8	4649.96	1143.22	70.6681	-35.8428
65.9	4657.03	1139.62	70.6681	-36.0048
66	4664.1	1136.01	70.6681	-36.1668
66.1	4671.16	1132.37	70.6681	-36.3288
66.2	4678.23	1128.72	70.6681	-36.4908
66.3	4685.3	1125.06	70.6681	-36.6528
66.4	4692.36	1121.38	70.6681	-36.8148
66.5	4699.43	1117.68	70.6681	-36.9768
66.6	4706.5	1113.97	70.6681	-37.1388
66.7	4713.56	1110.24	70.6681	-37.3008
66.8	4720.63	1106.49	70.6681	-37.4628
66.9	4727.7	1102.73	70.6681	-37.6248
67	4734.76	1098.95	70.6681	-37.7868
67.1	4741.83	1095.15	70.6681	-37.9488
67.2	4748.9	1091.34	70.6681	-38.1108
67.3	4755.96	1087.52	70.6681	-38.2728
67.4	4763.03	1083.67	70.6681	-38.4348
67.5	4770.1	1079.81	70.6681	-38.5968
67.6	4777.16	1075.94	70.6681	-38.7588
67.7	4784.23	1072.04	70.6681	-38.9208
67.8	4791.3	1068.14	70.6681	-39.0828
67.9	4798.36	1064.21	70.6681	-39.2448
68	4805.43	1060.27	70.6681	-39.4068
68.1	4812.5	1056.31	70.6681	-39.5688
68.2	4819.57	1052.34	70.6681	-39.7308
68.3	4826.63	1048.35	70.6681	-39.8928
68.4	4833.7	1044.35	70.6681	-40.0548
68.5	4840.77	1040.32	70.6681	-40.2168
68.6	4847.83	1036.29	70.6681	-40.3788
68.7	4854.9	1032.23	70.6681	-40.5408
68.8	4861.97	1028.16	70.6681	-40.7028
68.9	4869.03	1024.08	70.6681	-40.8648
69	4876.1	1019.97	70.6681	-41.0268
69.1	4883.17	1015.85	70.6681	-41.1888
69.2	4890.23	1011.72	70.6681	-41.3508
69.3	4897.3	1007.57	70.6681	-41.5128
69.4	4904.37	1003.4	70.6681	-41.6748
69.5	4911.43	999.217	70.6681	-41.8368
69.6	4918.5	995.017	70.6681	-41.9988
69.7	4925.57	990.801	70.6681	-42.1608
69.8	4932.63	986.569	70.6681	-42.3228
69.9	4939.7	982.32	70.6681	-42.4848
70	4946.77	978.056	70.6681	-42.6468
70.1	4953.83	973.775	70.6681	-42.8088
70.2	4960.9	969.478	70.6681	-42.9708
70.3	4967.97	965.164	70.6681	-43.1328
70.4	4975.03	960.835	70.6681	-43.2948
70.5	4982.1	956.489	70.6681	-43.4568
70.6	4989.17	952.127	70.6681	-43.6188
70.7	4996.24	947.749	70.6681	-43.7808
70.8	5003.3	943.355	70.6681	-43.9428
70.9	5010.37	938.944	70.6681	-44.1048
71	5017.44	934.518	70.6681	-44.2668
71.1	5024.5	930.075	70.6681	-44.4288
71.2	5031.57	925.616	70.6681	-44.5908
71.3	5038.64	921.14	70.6681	-44.7528
71.4	5045.7	916.649	70.6681	-44.9148
71.5	5052.77	912.141	70.6681	-45.0768
71.6	5059.84	907.617	70.6681	-45.2388
71.7	5066.9	903.077	70.6681	-45.4008
71.8	5073.97	898.521	70.6681	-45.5628
71.9	5081.04	893.949	70.6681	-45.7248
72	5088.1	889.36	70.6681	-45.8868
72.1	5095.17	884.755	70.6681	-46.0488
72.2	5102.24	880.134	70.6681	-46.2108
72.3	5109.3	875.497	70.6681	-46.3728
72.4	5116.37	870.843	70.6681	-46.5348
72.5	5123.44	866.174	70.6681	-46.6968
72.6	5130.5	861.488	70.6681	-46.8588
72.7	5137.57	856.786	70.6681	-47.0208
72.8	5144.64	852.067	70.6681	-47.1828
72.9	5151.71	847.333	70.6681	-47.3448
73	5158.77	842.582	70.6681	-47.5068
73.1	5165.84	837.815	70.6681	-47.6688
73.2	5172.91	833.032	70.6681	-47.8308
73.3	5179.97	828.233	70.6681	-47.9928
73.4	5187.04	823.417	70.6681	-48.1548
73.5	5194.11	818.586	70.6681	-48.3168
73.6	5201.17	813.738	70.6681	-48.4788
73.7	5208.24	808.874	70.6681	-48.6408
73.8	5215.31	803.994	70.6681	-48.8028
73.9	5222.37	799.097	70.6681	-48.9648
74	5229.44	794.184	70.6681	-49.1268
74.1	5236.51	789.256	70.6681	-49.2888
74.2	5243.57	784.31	70.6681	-49.4508
74.3	5250.64	779.349	70.6681	-49.6128
74.4	5257.71	774.372	70.6681	-49.7748
74.5	5264.77	769.378	70.6681	-49.9368
74.6	5271.84	764.368	70.6681	-50.0988
74.7	5278.91	759.342	70.6681	-50.2608
74.8	5285.97	754.3	70.6681	-50.4228
74.9	5293.04	749.241	70.6681	-50.5848
75	5300.11	744.167	70.6681	-50.7468
75.1	5307.17	739.076	70.6681	-50.9088
75.2	5314.24	733.969	70.6681	-51.0708
75.3	5321.31	728.845	70.6681	-51.2328
75.4	5328.38	723.706	70.6681	-51.3948
75.5	5335.44	718.55	70.6681	-51.5568
75.6	5342.51	713.378	70.6681	-51.7188
75.7	5349.58	708.19	70.6681	-51.8808
75.8	5356.64	702.986	70.6681	-52.0428
75.9	5363.71	697.766	70.6681	-52.2048
76	5370.78	692.529	70.6681	-52.3668
76.1	5377.84	687.276	70.6681	-52.5288
76.2	5384.91	682.007	70.6681	-52.6908
76.3	5391.98	676.722	70.6681	-52.8528
76.4	5399.04	671.42	70.6681	-53.0148
76.5	5406.11	666.102	70.6681	-53.1768
76.6	5413.18	660.769	70.6681	-53.3388
76.7	5420.24	655.418	70.6681	-53.5008
76.8	5427.31	650.052	70.6681	-53.6628
76.9	5434.38	644.67	70.6681	-53.8248
77	5441.44	639.271	70.6681	-53.9868
77.1	5448.51	633.856	70.6681	-54.1488
77.2	5455.58	628.425	70.6681	-54.3108
77.3	5462.64	622.978	70.6681	-54.4728
77.4	5469.71	617.514	70.6681	-54.6348
77.5	5476.78	612.035	70.6681	-54.7968
77.6	5483.85	606.539	70.6681	-54.9588
77.7	5490.91	601.027	70.6681	-55.1208
77.8	5497.98	595.498	70.6681	-55.2828
77.9	5505.05	589.954	70.6681	-55.4448
78	5512.11	584.393	70.6681	-55.6068
78.1	5519.18	578.816	70.6681	-55.7688
78.2	5526.25	573.223	70.6681	-55.9308
78.3	5533.31	567.614	70.6681	-56.0928
78.4	5540.38	561.989	70.6681	-56.2548
78.5	5547.45	556.347	70.6681	-56.4168
78.6	5554.51	550.689	70.6681	-56.5788
78.7	5561.58	545.015	70.6681	-56.7408
78.8	5568.65	539.325	70.6681	-56.9028
78.9	5575.71	533.618	70.6681	-57.0648
79	5582.78	527.896	70.6681	-57.2268
79.1	5589.85	522.157	70.6681	-57.3888
79.2	5596.91	516.402	70.6681	-57.5508
79.3	5603.98	510.63	70.6681	-57.7128
79.4	5611.05	504.843	70.6681	-57.8748
79.5	5618.11	499.039	70.6681	-58.0368
79.6	5625.18	493.219	70.6681	-58.1988
79.7	5632.25	487.383	70.6681	-58.3608
79.8	5639.32	481.531	70.6681	-58.5228
79.9	5646.38	475.662	70.6681	-58.6848
80	5653.45	469.778	70.6681	-58.8468
80.1	5660.52	463.877	70.6681	-59.0088
80.2	5667.58	457.96	70.6681	-59.1708
80.3	5674.65	452.026	70.6681	-59.3328
80.4	5681.72	446.077	70.6681	-59.4948
80.5	5688.78	440.111	70.6681	-59.6568
80.6	5695.85	434.129	70.6681	-59.8188
80.7	5702.92	428.131	70.6681	-59.9808
80.8	5709.98	422.117	70.6681	-60.1428
80.9	5717.05	416.087	70.6681	-60.3048
81	5724.12	410.04	70.6681	-60.4668
81.1	5731.18	403.977	70.6681	-60.6288
81.2	5738.25	397.898	70.6681	-60.7908
81.3	5745.32	391.803	70.6681	-60.9528
81.4	5752.38	385.691	70.6681	-61.1148
81.5	5759.45	379.564	70.6681	-61.2768
81.6	5766.52	373.42	70.6681	-61.4388
81.7	5773.58	367.26	70.6681	-61.6008
81.8	5780.65	361.083	70.6681	-61.7628
81.9	5787.72	354.891	70.6681	-61.9248
82	5794.78	348.682	70.6681	-62.0868
82.1	5801.85	342.457	70.6681	-62.2488
82.2	5808.92	336.216	70.6681	-62.4108
82.3	5815.99	329.959	70.6681	-62.5728
82.4	5823.05	323.685	70.6681	-62.7348
82.5	5830.12	317.396	70.6681	-62.8968
82.6	5837.19	311.09	70.6681	-63.0588
82.7	5844.25	304.768	70.6681	-63.2208
82.8	5851.32	298.43	70.6681	-63.3828
82.9	5858.39	292.075	70.6681	-63.5448
83	5865.45	285.704	70.6681	-63.7068
83.1	5872.52	279.318	70.6681	-63.8688
83.2	5879.59	272.914	70.6681	-64.0308
83.3	5886.65	266.495	70.6681	-64.1928
83.4	5893.72	260.06	70.6681	-64.3548
83.5	5900.79	253.608	70.6681	-64.5168
83.6	5907.85	247.14	70.6681	-64.6788
83.7	5914.92	240.656	70.6681	-64.8408
83.8	5921.99	234.156	70.6681	-65.0028
83.9	5929.05	227.639	70.6681	-65.1648
84	5936.12	221.107	70.6681	-65.3268
84.1	5943.19	214.558	70.6681	-65.4888
84.2	5950.25	207.993	70.6681	-65.6508
84.3	5957.32	201.411	70.6681	-65.8128
84.4	5964.39	194.814	70.6681	-65.9748
84.5	5971.46	188.2	70.6681	-66.1368
84.6	5978.52	181.57	70.6681	-66.2988
84.7	5985.59	174.924	70.6681	-66.4608
84.8	5992.66	168.262	70.6681	-66.6228
84.9	5999.72	161.584	70.6681	-66.7848
85	6006.79	154.889	70.6681	-66.9468
85.1	6013.86	148.178	70.6681	-67.1088
85.2	6020.92	141.451	70.6681	-67.2708
85.3	6027.99	134.708	70.6681	-67.4328
85.4	6035.06	127.948	70.6681	-67.5948
85.5	6042.12	121.172	70.6681	-67.7568
85.6	6049.19	114.381	70.6681	-67.9188
85.7	6056.26	107.572	70.6681	-68.0808
85.8	6063.32	100.748	70.6681	-68.2428
85.9	6070.39	93.9077	70.6681	-68.4048
86	6077.46	87.0511	70.6681	-68.5668
86.1	6084.52	80.1782	70.6681	-68.7288
86.2	6091.59	73.2891	70.6681	-68.8908
86.3	6098.66	66.3838	70.6681	-69.0528
86.4	6105.72	59.4623	70.6681	-69.2148
86.5	6112.79	52.5247	70.6681	-69.3768
86.6	6119.86	45.5708	70.6681	-69.5388
86.7	6126.93	38.6007	70.6681	-69.7008
86.8	6133.99	31.6144	70.6681	-69.8628
86.9	6141.06	24.612	70.6681	-70.0248
87	6148.13	17.5933	70.6681	-70.1868
87.1	6155.19	10.5584	70.6681	-70.3488
87.2	6162.26	3.50732	70.6681	-70.5108
