0.000000000	0.000000000	0.000000000	0.000000000
0.001000000	0.019682337	0.005776027	0.003614166
0.002000000	0.039357180	0.011546113	0.007221336
0.003000000	0.059024534	0.017310266	0.010821511
0.004000000	0.078684408	0.023068491	0.014414691
0.005000000	0.098336808	0.028820795	0.018000878
0.006000000	0.117981740	0.034567185	0.021580071
0.007000000	0.137619212	0.040307666	0.025152273
0.008000000	0.157249230	0.046042245	0.028717483
0.009000000	0.176871801	0.051770928	0.032275703
0.010000000	0.196486931	0.057493722	0.035826934
0.011000000	0.216094628	0.063210632	0.039371175
0.012000000	0.235694899	0.068921666	0.042908429
0.013000000	0.255287749	0.074626829	0.046438695
0.014000000	0.274873186	0.080326128	0.049961975
0.015000000	0.294451217	0.086019569	0.053478270
0.016000000	0.314021848	0.091707158	0.056987580
0.017000000	0.333585086	0.097388902	0.060489906
0.018000000	0.353140937	0.103064806	0.063985248
0.019000000	0.372689408	0.108734878	0.067473608
0.020000000	0.392230507	0.114399123	0.070954987
0.021000000	0.411764239	0.120057547	0.074429385
0.022000000	0.431290611	0.125710157	0.077896803
0.023000000	0.450809630	0.131356959	0.081357242
0.024000000	0.470321303	0.136997959	0.084810703
0.025000000	0.489825636	0.142633163	0.088257186
0.026000000	0.509322635	0.148262578	0.091696692
0.027000000	0.528812309	0.153886210	0.095129222
0.028000000	0.548294662	0.159504064	0.098554777
0.029000000	0.567769702	0.165116148	0.101973358
0.030000000	0.587237435	0.170722467	0.105384965
0.031000000	0.606697868	0.176323027	0.108789599
0.032000000	0.626151008	0.181917835	0.112187262
0.033000000	0.645596860	0.187506897	0.115577953
0.034000000	0.665035432	0.193090219	0.118961673
0.035000000	0.684466730	0.198667807	0.122338424
0.036000000	0.703890761	0.204239667	0.125708207
0.037000000	0.723307531	0.209805805	0.129071021
0.038000000	0.742717047	0.215366228	0.132426867
0.039000000	0.762119315	0.220920941	0.135775748
0.040000000	0.781514342	0.226469951	0.139117662
0.041000000	0.800902134	0.232013263	0.142452612
0.042000000	0.820282697	0.237550885	0.145780597
0.043000000	0.839656040	0.243082821	0.149101619
0.044000000	0.859022166	0.248609079	0.152415678
0.045000000	0.878381084	0.254129663	0.155722776
0.046000000	0.897732800	0.259644581	0.159022913
0.047000000	0.917077320	0.265153837	0.162316089
0.048000000	0.936414650	0.270657439	0.165602305
0.049000000	0.955744798	0.276155393	0.168881563
0.050000000	0.975067769	0.281647703	0.172153863
0.051000000	0.994383569	0.287134377	0.175419206
0.052000000	1.013692207	0.292615421	0.178677593
0.053000000	1.032993686	0.298090840	0.181929023
0.054000000	1.052288015	0.303560640	0.185173499
0.055000000	1.071575200	0.309024828	0.188411021
0.056000000	1.090855246	0.314483409	0.191641590
0.057000000	1.110128160	0.319936389	0.194865205
0.058000000	1.129393950	0.325383775	0.198081869
0.059000000	1.148652620	0.330825573	0.201291583
0.060000000	1.167904177	0.336261788	0.204494345
0.061000000	1.187148629	0.341692426	0.207690158
0.062000000	1.206385980	0.347117493	0.210879023
0.063000000	1.225616237	0.352536996	0.214060939
0.064000000	1.244839408	0.357950940	0.217235909
0.065000000	1.264055497	0.363359331	0.220403931
0.066000000	1.283264512	0.368762176	0.223565008
0.067000000	1.302466458	0.374159479	0.226719140
0.068000000	1.321661342	0.379551247	0.229866328
0.069000000	1.340849170	0.384937486	0.233006573
0.070000000	1.360029949	0.390318202	0.236139874
0.071000000	1.379203685	0.395693401	0.239266234
0.072000000	1.398370383	0.401063088	0.242385653
0.073000000	1.417530051	0.406427270	0.245498131
0.074000000	1.436682694	0.411785952	0.248603669
0.075000000	1.455828319	0.417139141	0.251702269
0.076000000	1.474966932	0.422486841	0.254793930
0.077000000	1.494098539	0.427829060	0.257878654
0.078000000	1.513223146	0.433165802	0.260956442
0.079000000	1.532340760	0.438497075	0.264027293
0.080000000	1.551451387	0.443822882	0.267091209
0.081000000	1.570555032	0.449143231	0.270148191
0.082000000	1.589651703	0.454458128	0.273198239
0.083000000	1.608741405	0.459767577	0.276241354
0.084000000	1.627824145	0.465071586	0.279277537
0.085000000	1.646899928	0.470370159	0.282306788
0.086000000	1.665968762	0.475663303	0.285329109
0.087000000	1.685030651	0.480951023	0.288344499
0.088000000	1.704085602	0.486233325	0.291352961
0.089000000	1.723133621	0.491510216	0.294354494
0.090000000	1.742174715	0.496781700	0.297349099
0.091000000	1.761208890	0.502047783	0.300336777
0.092000000	1.780236150	0.507308472	0.303317529
0.093000000	1.799256504	0.512563772	0.306291355
0.094000000	1.818269956	0.517813689	0.309258257
0.095000000	1.837276513	0.523058228	0.312218234
0.096000000	1.856276181	0.528297396	0.315171288
0.097000000	1.875268966	0.533531197	0.318117420
0.098000000	1.894254875	0.538759639	0.321056629
0.099000000	1.913233912	0.543982726	0.323988918
0.100000000	1.932206084	0.549200465	0.326914285
0.101000000	1.951171398	0.554412861	0.329832734
0.102000000	1.970129859	0.559619919	0.332744263
0.103000000	1.989081473	0.564821646	0.335648874
0.104000000	2.008026246	0.570018047	0.338546568
0.105000000	2.026964185	0.575209128	0.341437344
0.106000000	2.045895295	0.580394894	0.344321205
0.107000000	2.064819582	0.585575352	0.347198150
0.108000000	2.083737053	0.590750506	0.350068181
0.109000000	2.102647713	0.595920363	0.352931298
0.110000000	2.121551568	0.601084929	0.355787502
0.111000000	2.140448624	0.606244208	0.358636793
0.112000000	2.159338887	0.611398207	0.361479173
0.113000000	2.178222364	0.616546931	0.364314641
0.114000000	2.197099060	0.621690387	0.367143199
0.115000000	2.215968980	0.626828578	0.369964848
0.116000000	2.234832132	0.631961512	0.372779588
0.117000000	2.253688520	0.637089194	0.375587420
0.118000000	2.272538152	0.642211629	0.378388344
0.119000000	2.291381032	0.647328823	0.381182362
0.120000000	2.310217166	0.652440782	0.383969473
0.121000000	2.329046561	0.657547511	0.386749680
0.122000000	2.347869223	0.662649016	0.389522981
0.123000000	2.366685156	0.667745302	0.392289379
0.124000000	2.385494368	0.672836376	0.395048874
0.125000000	2.404296864	0.677922242	0.397801467
0.126000000	2.423092649	0.683002906	0.400547157
0.127000000	2.441881731	0.688078374	0.403285947
0.128000000	2.460664114	0.693148651	0.406017837
0.129000000	2.479439804	0.698213744	0.408742826
0.130000000	2.498208807	0.703273656	0.411460918
0.131000000	2.516971130	0.708328395	0.414172110
0.132000000	2.535726777	0.713377966	0.416876406
0.133000000	2.554475756	0.718422373	0.419573804
0.134000000	2.573218070	0.723461623	0.422264307
0.135000000	2.591953727	0.728495721	0.424947914
0.136000000	2.610682732	0.733524673	0.427624627
0.137000000	2.629405091	0.738548484	0.430294446
0.138000000	2.648120809	0.743567160	0.432957371
0.139000000	2.666829893	0.748580706	0.435613404
0.140000000	2.685532348	0.753589128	0.438262545
0.141000000	2.704228180	0.758592430	0.440904795
0.142000000	2.722917394	0.763590620	0.443540154
0.143000000	2.741599997	0.768583702	0.446168624
0.144000000	2.760275994	0.773571681	0.448790205
0.145000000	2.778945391	0.778554563	0.451404897
0.146000000	2.797608193	0.783532354	0.454012702
0.147000000	2.816264407	0.788505059	0.456613620
0.148000000	2.834914038	0.793472684	0.459207652
0.149000000	2.853557091	0.798435233	0.461794798
0.150000000	2.872193573	0.803392713	0.464375059
0.151000000	2.890823489	0.808345129	0.466948436
0.152000000	2.909446845	0.813292486	0.469514929
0.153000000	2.928063646	0.818234789	0.472074540
0.154000000	2.946673898	0.823172045	0.474627268
0.155000000	2.965277607	0.828104258	0.477173116
0.156000000	2.983874778	0.833031435	0.479712082
0.157000000	3.002465417	0.837953579	0.482244169
0.158000000	3.021049530	0.842870697	0.484769376
0.159000000	3.039627123	0.847782795	0.487287704
0.160000000	3.058198200	0.852689876	0.489799155
0.161000000	3.076762768	0.857591948	0.492303728
0.162000000	3.095320832	0.862489015	0.494801425
0.163000000	3.113872397	0.867381083	0.497292245
0.164000000	3.132417471	0.872268157	0.499776191
0.165000000	3.150956057	0.877150242	0.502253262
0.166000000	3.169488161	0.882027343	0.504723459
0.167000000	3.188013790	0.886899467	0.507186783
0.168000000	3.206532948	0.891766619	0.509643234
0.169000000	3.225045642	0.896628803	0.512092814
0.170000000	3.243551876	0.901486025	0.514535522
0.171000000	3.262051657	0.906338291	0.516971360
0.172000000	3.280544990	0.911185605	0.519400329
0.173000000	3.299031880	0.916027973	0.521822428
0.174000000	3.317512333	0.920865401	0.524237658
0.175000000	3.335986355	0.925697894	0.526646021
0.176000000	3.354453951	0.930525457	0.529047517
0.177000000	3.372915126	0.935348095	0.531442147
0.178000000	3.391369886	0.940165813	0.533829911
0.179000000	3.409818237	0.944978617	0.536210810
0.180000000	3.428260184	0.949786513	0.538584844
0.181000000	3.446695732	0.954589505	0.540952015
0.182000000	3.465124887	0.959387599	0.543312323
0.183000000	3.483547655	0.964180800	0.545665768
0.184000000	3.501964041	0.968969113	0.548012352
0.185000000	3.520374050	0.973752543	0.550352074
0.186000000	3.538777688	0.978531096	0.552684937
0.187000000	3.557174960	0.983304778	0.555010940
0.188000000	3.575565872	0.988073592	0.557330083
0.189000000	3.593950429	0.992837545	0.559642369
0.190000000	3.612328637	0.997596642	0.561947797
0.191000000	3.630700500	1.002350888	0.564246367
0.192000000	3.649066025	1.007100288	0.566538082
0.193000000	3.667425217	1.011844847	0.568822941
0.194000000	3.685778081	1.016584571	0.571100944
0.195000000	3.704124623	1.021319464	0.573372094
0.196000000	3.722464848	1.026049533	0.575636390
0.197000000	3.740798761	1.030774782	0.577893833
0.198000000	3.759126368	1.035495216	0.580144423
0.199000000	3.777447674	1.040210841	0.582388162
0.200000000	3.795762684	1.044921661	0.584625050
0.201000000	3.814071405	1.049627682	0.586855087
0.202000000	3.832373840	1.054328910	0.589078275
0.203000000	3.850669996	1.059025349	0.591294614
0.204000000	3.868959879	1.063717004	0.593504104
0.205000000	3.887243492	1.068403881	0.595706747
0.206000000	3.905520842	1.073085984	0.597902543
0.207000000	3.923791933	1.077763319	0.600091492
0.208000000	3.942056772	1.082435892	0.602273596
0.209000000	3.960315363	1.087103706	0.604448854
0.210000000	3.978567712	1.091766768	0.606617268
0.211000000	3.996813825	1.096425082	0.608778838
0.212000000	4.015053705	1.101078654	0.610933566
0.213000000	4.033287359	1.105727488	0.613081450
0.214000000	4.051514792	1.110371590	0.615222493
0.215000000	4.069736010	1.115010965	0.617356695
0.216000000	4.087951016	1.119645618	0.619484056
0.217000000	4.106159818	1.124275554	0.621604578
0.218000000	4.124362419	1.128900778	0.623718260
0.219000000	4.142558826	1.133521295	0.625825104
0.220000000	4.160749043	1.138137111	0.627925110
0.221000000	4.178933075	1.142748230	0.630018278
0.222000000	4.197110929	1.147354657	0.632104610
0.223000000	4.215282609	1.151956398	0.634184107
0.224000000	4.233448120	1.156553457	0.636256767
0.225000000	4.251607467	1.161145841	0.638322594
0.226000000	4.269760656	1.165733552	0.640381586
0.227000000	4.287907693	1.170316598	0.642433745
0.228000000	4.306048581	1.174894982	0.644479071
0.229000000	4.324183327	1.179468710	0.646517565
0.230000000	4.342311935	1.184037787	0.648549228
0.231000000	4.360434410	1.188602218	0.650574060
0.232000000	4.378550759	1.193162008	0.652592062
0.233000000	4.396660986	1.197717161	0.654603234
0.234000000	4.414765095	1.202267684	0.656607577
0.235000000	4.432863093	1.206813580	0.658605093
0.236000000	4.450954984	1.211354856	0.660595781
0.237000000	4.469040774	1.215891515	0.662579642
0.238000000	4.487120468	1.220423563	0.664556676
0.239000000	4.505194070	1.224951005	0.666526885
0.240000000	4.523261587	1.229473846	0.668490270
0.241000000	4.541323022	1.233992091	0.670446829
0.242000000	4.559378381	1.238505745	0.672396565
0.243000000	4.577427670	1.243014813	0.674339478
0.244000000	4.595470893	1.247519299	0.676275569
0.245000000	4.613508055	1.252019209	0.678204838
0.246000000	4.631539162	1.256514548	0.680127285
0.247000000	4.649564218	1.261005321	0.682042913
0.248000000	4.667583230	1.265491532	0.683951720
0.249000000	4.685596200	1.269973187	0.685853708
0.250000000	4.703603136	1.274450290	0.687748878
0.251000000	4.721604041	1.278922846	0.689637229
0.252000000	4.739598921	1.283390861	0.691518763
0.253000000	4.757587781	1.287854339	0.693393481
0.254000000	4.775570626	1.292313286	0.695261382
0.255000000	4.793547461	1.296767705	0.697122468
0.256000000	4.811518291	1.301217603	0.698976739
0.257000000	4.829483121	1.305662983	0.700824196
0.258000000	4.847441955	1.310103852	0.702664840
0.259000000	4.865394800	1.314540213	0.704498671
0.260000000	4.883341660	1.318972071	0.706325689
0.261000000	4.901282540	1.323399432	0.708145896
0.262000000	4.919217445	1.327822301	0.709959292
0.263000000	4.937146379	1.332240681	0.711765877
0.264000000	4.955069349	1.336654579	0.713565652
0.265000000	4.972986359	1.341063999	0.715358619
0.266000000	4.990897413	1.345468946	0.717144777
0.267000000	5.008802517	1.349869424	0.718924127
0.268000000	5.026701676	1.354265439	0.720696670
0.269000000	5.044594895	1.358656995	0.722462406
0.270000000	5.062482179	1.363044098	0.724221337
0.271000000	5.080363532	1.367426752	0.725973462
0.272000000	5.098238959	1.371804962	0.727718782
0.273000000	5.116108466	1.376178732	0.729457298
0.274000000	5.133972058	1.380548068	0.731189011
0.275000000	5.151829738	1.384912975	0.732913921
0.276000000	5.169681513	1.389273457	0.734632028
0.277000000	5.187527387	1.393629518	0.736343334
0.278000000	5.205367365	1.397981165	0.738047839
0.279000000	5.223201452	1.402328402	0.739745544
0.280000000	5.241029652	1.406671232	0.741436449
0.281000000	5.258851972	1.411009663	0.743120554
0.282000000	5.276668414	1.415343697	0.744797862
0.283000000	5.294478985	1.419673340	0.746468371
0.284000000	5.312283690	1.423998597	0.748132083
0.285000000	5.330082532	1.428319472	0.749788998
0.286000000	5.347875517	1.432635970	0.751439118
0.287000000	5.365662651	1.436948096	0.753082442
0.288000000	5.383443936	1.441255855	0.754718971
0.289000000	5.401219380	1.445559252	0.756348706
0.290000000	5.418988985	1.449858291	0.757971648
0.291000000	5.436752758	1.454152976	0.759587797
0.292000000	5.454510702	1.458443314	0.761197153
0.293000000	5.472262824	1.462729308	0.762799718
0.294000000	5.490009127	1.467010963	0.764395491
0.295000000	5.507749616	1.471288284	0.765984474
0.296000000	5.525484296	1.475561276	0.767566668
0.297000000	5.543213172	1.479829944	0.769142072
0.298000000	5.560936249	1.484094291	0.770710687
0.299000000	5.578653532	1.488354323	0.772272515
0.300000000	5.596365025	1.492610045	0.773827555
0.301000000	5.614070732	1.496861461	0.775375808
0.302000000	5.631770660	1.501108577	0.776917275
0.303000000	5.649464812	1.505351395	0.778451957
0.304000000	5.667153194	1.509589923	0.779979853
0.305000000	5.684835809	1.513824163	0.781500966
0.306000000	5.702512663	1.518054121	0.783015294
0.307000000	5.720183761	1.522279802	0.784522840
0.308000000	5.737849107	1.526501209	0.786023603
0.309000000	5.755508706	1.530718349	0.787517584
0.310000000	5.773162563	1.534931225	0.789004784
0.311000000	5.790810682	1.539139842	0.790485203
0.312000000	5.808453068	1.543344205	0.791958842
0.313000000	5.826089726	1.547544318	0.793425702
0.314000000	5.843720661	1.551740187	0.794885783
0.315000000	5.861345877	1.555931815	0.796339086
0.316000000	5.878965378	1.560119208	0.797785611
0.317000000	5.896579170	1.564302369	0.799225359
0.318000000	5.914187258	1.568481305	0.800658330
0.319000000	5.931789645	1.572656018	0.802084526
0.320000000	5.949386337	1.576826515	0.803503947
0.321000000	5.966977338	1.580992799	0.804916593
0.322000000	5.984562653	1.585154876	0.806322465
0.323000000	6.002142287	1.589312749	0.807721564
0.324000000	6.019716244	1.593466424	0.809113890
0.325000000	6.037284528	1.597615904	0.810499444
0.326000000	6.054847145	1.601761196	0.811878226
0.327000000	6.072404100	1.605902302	0.813250237
0.328000000	6.089955395	1.610039229	0.814615478
0.329000000	6.107501038	1.614171980	0.815973950
0.330000000	6.125041031	1.618300559	0.817325652
0.331000000	6.142575379	1.622424973	0.818670585
0.332000000	6.160104088	1.626545224	0.820008751
0.333000000	6.177627162	1.630661319	0.821340149
0.334000000	6.195144604	1.634773261	0.822664781
0.335000000	6.212656421	1.638881054	0.823982646
0.336000000	6.230162616	1.642984704	0.825293746
0.337000000	6.247663195	1.647084215	0.826598081
0.338000000	6.265158161	1.651179592	0.827895652
0.339000000	6.282647519	1.655270838	0.829186459
0.340000000	6.300131274	1.659357960	0.830470503
0.341000000	6.317609430	1.663440960	0.831747784
0.342000000	6.335081992	1.667519845	0.833018304
0.343000000	6.352548964	1.671594617	0.834282062
0.344000000	6.370010352	1.675665282	0.835539059
0.345000000	6.387466159	1.679731845	0.836789296
0.346000000	6.404916389	1.683794310	0.838032774
0.347000000	6.422361049	1.687852681	0.839269493
0.348000000	6.439800141	1.691906962	0.840499453
0.349000000	6.457233671	1.695957160	0.841722656
0.350000000	6.474661644	1.700003277	0.842939101
0.351000000	6.492084062	1.704045318	0.844148790
0.352000000	6.509500932	1.708083289	0.845351723
0.353000000	6.526912257	1.712117192	0.846547901
0.354000000	6.544318043	1.716147034	0.847737324
0.355000000	6.561718292	1.720172818	0.848919992
0.356000000	6.579113011	1.724194549	0.850095908
0.357000000	6.596502204	1.728212231	0.851265070
0.358000000	6.613885874	1.732225869	0.852427480
0.359000000	6.631264027	1.736235468	0.853583138
0.360000000	6.648636666	1.740241031	0.854732045
0.361000000	6.666003797	1.744242563	0.855874201
0.362000000	6.683365424	1.748240069	0.857009607
0.363000000	6.700721551	1.752233553	0.858138264
0.364000000	6.718072182	1.756223020	0.859260172
0.365000000	6.735417323	1.760208473	0.860375332
0.366000000	6.752756977	1.764189918	0.861483744
0.367000000	6.770091149	1.768167360	0.862585409
0.368000000	6.787419844	1.772140801	0.863680328
0.369000000	6.804743065	1.776110247	0.864768501
0.370000000	6.822060817	1.780075702	0.865849928
0.371000000	6.839373105	1.784037171	0.866924611
0.372000000	6.856679933	1.787994658	0.867992550
0.373000000	6.873981305	1.791948168	0.869053745
0.374000000	6.891277226	1.795897704	0.870108198
0.375000000	6.908567700	1.799843272	0.871155908
0.376000000	6.925852731	1.803784875	0.872196876
0.377000000	6.943132325	1.807722519	0.873231103
0.378000000	6.960406484	1.811656206	0.874258590
0.379000000	6.977675215	1.815585943	0.875279337
0.380000000	6.994938520	1.819511733	0.876293344
0.381000000	7.012196404	1.823433581	0.877300613
0.382000000	7.029448873	1.827351491	0.878301143
0.383000000	7.046695929	1.831265467	0.879294936
0.384000000	7.063937577	1.835175514	0.880281992
0.385000000	7.081173823	1.839081636	0.881262311
0.386000000	7.098404669	1.842983837	0.882235895
0.387000000	7.115630120	1.846882123	0.883202743
0.388000000	7.132850181	1.850776496	0.884162857
0.389000000	7.150064857	1.854666963	0.885116236
0.390000000	7.167274150	1.858553526	0.886062882
0.391000000	7.184478066	1.862436191	0.887002795
0.392000000	7.201676609	1.866314961	0.887935976
0.393000000	7.218869783	1.870189841	0.888862425
0.394000000	7.236057592	1.874060836	0.889782143
0.395000000	7.253240041	1.877927949	0.890695131
0.396000000	7.270417135	1.881791185	0.891601388
0.397000000	7.287588876	1.885650548	0.892500916
0.398000000	7.304755270	1.889506043	0.893393715
0.399000000	7.321916321	1.893357674	0.894279786
0.400000000	7.339072033	1.897205446	0.895159130
0.401000000	7.356222410	1.901049362	0.896031746
0.402000000	7.373367457	1.904889426	0.896897636
0.403000000	7.390507178	1.908725644	0.897756800
0.404000000	7.407641577	1.912558020	0.898609238
0.405000000	7.424770658	1.916386557	0.899454952
0.406000000	7.441894426	1.920211260	0.900293942
0.407000000	7.459012884	1.924032134	0.901126208
0.408000000	7.476126038	1.927849182	0.901951751
0.409000000	7.493233890	1.931662409	0.902770572
0.410000000	7.510336446	1.935471820	0.903582671
0.411000000	7.527433710	1.939277418	0.904388049
0.412000000	7.544525686	1.943079207	0.905186706
0.413000000	7.561612378	1.946877193	0.905978643
0.414000000	7.578693790	1.950671379	0.906763861
0.415000000	7.595769926	1.954461770	0.907542360
0.416000000	7.612840791	1.958248369	0.908314140
0.417000000	7.629906389	1.962031181	0.909079203
0.418000000	7.646966723	1.965810211	0.909837548
0.419000000	7.664021799	1.969585462	0.910589177
0.420000000	7.681071621	1.973356939	0.911334090
0.421000000	7.698116191	1.977124646	0.912072287
0.422000000	7.715155515	1.980888587	0.912803770
0.423000000	7.732189598	1.984648767	0.913528539
0.424000000	7.749218442	1.988405190	0.914246593
0.425000000	7.766242052	1.992157859	0.914957935
0.426000000	7.783260432	1.995906779	0.915662564
0.427000000	7.800273587	1.999651955	0.916360481
0.428000000	7.817281520	2.003393391	0.917051687
0.429000000	7.834284236	2.007131090	0.917736182
0.430000000	7.851281738	2.010865058	0.918413967
0.431000000	7.868274031	2.014595297	0.919085042
0.432000000	7.885261119	2.018321813	0.919749408
0.433000000	7.902243007	2.022044610	0.920407066
0.434000000	7.919219697	2.025763691	0.921058016
0.435000000	7.936191195	2.029479061	0.921702258
0.436000000	7.953157504	2.033190725	0.922339794
0.437000000	7.970118628	2.036898686	0.922970623
0.438000000	7.987074572	2.040602948	0.923594748
0.439000000	8.004025340	2.044303516	0.924212167
0.440000000	8.020970935	2.048000394	0.924822881
0.441000000	8.037911362	2.051693586	0.925426892
0.442000000	8.054846625	2.055383096	0.926024199
0.443000000	8.071776728	2.059068929	0.926614804
0.444000000	8.088701675	2.062751088	0.927198707
0.445000000	8.105621469	2.066429577	0.927775908
0.446000000	8.122536116	2.070104402	0.928346408
0.447000000	8.139445618	2.073775566	0.928910208
0.448000000	8.156349981	2.077443072	0.929467308
0.449000000	8.173249208	2.081106926	0.930017708
0.450000000	8.190143303	2.084767131	0.930561410
0.451000000	8.207032271	2.088423692	0.931098414
0.452000000	8.223916114	2.092076613	0.931628721
0.453000000	8.240794838	2.095725897	0.932152330
0.454000000	8.257668446	2.099371549	0.932669244
0.455000000	8.274536942	2.103013573	0.933179461
0.456000000	8.291400331	2.106651974	0.933682983
0.457000000	8.308258616	2.110286754	0.934179811
0.458000000	8.325111801	2.113917919	0.934669944
0.459000000	8.341959890	2.117545473	0.935153384
0.460000000	8.358802888	2.121169419	0.935630131
0.461000000	8.375640797	2.124789761	0.936100186
0.462000000	8.392473623	2.128406505	0.936563549
0.463000000	8.409301369	2.132019653	0.937020221
0.464000000	8.426124040	2.135629210	0.937470202
0.465000000	8.442941638	2.139235181	0.937913493
0.466000000	8.459754168	2.142837568	0.938350095
0.467000000	8.476561635	2.146436377	0.938780008
0.468000000	8.493364041	2.150031610	0.939203232
0.469000000	8.510161391	2.153623274	0.939619769
0.470000000	8.526953689	2.157211370	0.940029618
0.471000000	8.543740939	2.160795904	0.940432781
0.472000000	8.560523145	2.164376880	0.940829258
0.473000000	8.577300310	2.167954301	0.941219050
0.474000000	8.594072439	2.171528172	0.941602157
0.475000000	8.610839535	2.175098497	0.941978579
0.476000000	8.627601602	2.178665279	0.942348318
0.477000000	8.644358645	2.182228523	0.942711373
0.478000000	8.661110668	2.185788233	0.943067746
0.479000000	8.677857673	2.189344413	0.943417437
0.480000000	8.694599665	2.192897066	0.943760446
0.481000000	8.711336648	2.196446198	0.944096775
0.482000000	8.728068626	2.199991812	0.944426423
0.483000000	8.744795603	2.203533912	0.944749392
0.484000000	8.761517582	2.207072501	0.945065681
0.485000000	8.778234568	2.210607585	0.945375292
0.486000000	8.794946564	2.214139167	0.945678225
0.487000000	8.811653575	2.217667251	0.945974480
0.488000000	8.828355603	2.221191841	0.946264059
0.489000000	8.845052653	2.224712941	0.946546961
0.490000000	8.861744729	2.228230555	0.946823187
0.491000000	8.878431835	2.231744687	0.947092739
0.492000000	8.895113974	2.235255342	0.947355616
0.493000000	8.911791150	2.238762522	0.947611819
0.494000000	8.928463368	2.242266232	0.947861348
0.495000000	8.945130630	2.245766477	0.948104205
0.496000000	8.961792942	2.249263260	0.948340389
0.497000000	8.978450306	2.252756584	0.948569902
0.498000000	8.995102726	2.256246455	0.948792743
0.499000000	9.011750207	2.259732876	0.949008914
0.500000000	9.028392752	2.263215850	0.949218415
0.501000000	9.045030365	2.266695383	0.949421246
0.502000000	9.061663049	2.270171477	0.949617409
0.503000000	9.078290809	2.273644137	0.949806903
0.504000000	9.094913648	2.277113367	0.949989730
0.505000000	9.111531571	2.280579171	0.950165889
0.506000000	9.128144580	2.284041553	0.950335382
0.507000000	9.144752680	2.287500516	0.950498209
0.508000000	9.161355874	2.290956065	0.950654371
0.509000000	9.177954167	2.294408203	0.950803867
0.510000000	9.194547562	2.297856935	0.950946700
0.511000000	9.211136062	2.301302264	0.951082868
0.512000000	9.227719672	2.304744195	0.951212374
0.513000000	9.244298395	2.308182731	0.951335217
0.514000000	9.260872236	2.311617876	0.951451398
0.515000000	9.277441197	2.315049634	0.951560917
0.516000000	9.294005283	2.318478009	0.951663776
0.517000000	9.310564497	2.321903005	0.951759975
0.518000000	9.327118843	2.325324627	0.951849513
0.519000000	9.343668324	2.328742877	0.951932393
0.520000000	9.360212946	2.332157759	0.952008614
0.521000000	9.376752710	2.335569279	0.952078177
0.522000000	9.393287622	2.338977438	0.952141082
0.523000000	9.409817684	2.342382243	0.952197331
0.524000000	9.426342900	2.345783695	0.952246923
0.525000000	9.442863275	2.349181800	0.952289860
0.526000000	9.459378812	2.352576561	0.952326142
0.527000000	9.475889513	2.355967982	0.952355769
0.528000000	9.492395385	2.359356066	0.952378742
0.529000000	9.508896429	2.362740819	0.952395061
0.530000000	9.525392649	2.366122243	0.952404728
0.531000000	9.541884050	2.369500343	0.952407742
0.532000000	9.558370635	2.372875121	0.952404105
0.533000000	9.574852408	2.376246584	0.952393817
0.534000000	9.591329372	2.379614733	0.952376878
0.535000000	9.607801530	2.382979573	0.952353289
0.536000000	9.624268888	2.386341108	0.952323050
0.537000000	9.640731448	2.389699342	0.952286163
0.538000000	9.657189213	2.393054278	0.952242627
0.539000000	9.673642189	2.396405921	0.952192444
0.540000000	9.690090378	2.399754274	0.952135614
0.541000000	9.706533783	2.403099341	0.952072137
0.542000000	9.722972409	2.406441126	0.952002013
0.543000000	9.739406260	2.409779633	0.951925245
0.544000000	9.755835338	2.413114865	0.951841832
0.545000000	9.772259648	2.416446827	0.951751774
0.546000000	9.788679192	2.419775522	0.951655073
0.547000000	9.805093976	2.423100954	0.951551728
0.548000000	9.821504002	2.426423127	0.951441741
0.549000000	9.837909274	2.429742044	0.951325112
0.550000000	9.854309795	2.433057710	0.951201841
0.551000000	9.870705570	2.436370129	0.951071930
0.552000000	9.887096601	2.439679304	0.950935378
0.553000000	9.903482893	2.442985238	0.950792187
0.554000000	9.919864448	2.446287937	0.950642356
0.555000000	9.936241272	2.449587403	0.950485887
0.556000000	9.952613366	2.452883640	0.950322780
0.557000000	9.968980735	2.456176653	0.950153036
0.558000000	9.985343383	2.459466445	0.949976654
0.559000000	10.001701312	2.462753019	0.949793636
0.560000000	10.018054527	2.466036380	0.949603983
0.561000000	10.034403031	2.469316531	0.949407694
0.562000000	10.050746828	2.472593477	0.949204771
0.563000000	10.067085920	2.475867220	0.948995214
0.564000000	10.083420313	2.479137765	0.948779023
0.565000000	10.099750008	2.482405115	0.948556200
0.566000000	10.116075011	2.485669275	0.948326744
0.567000000	10.132395323	2.488930247	0.948090657
0.568000000	10.148710950	2.492188037	0.947847938
0.569000000	10.165021894	2.495442647	0.947598589
0.570000000	10.181328160	2.498694081	0.947342610
0.571000000	10.197629749	2.501942343	0.947080001
0.572000000	10.213926667	2.505187437	0.946810764
0.573000000	10.230218916	2.508429366	0.946534898
0.574000000	10.246506501	2.511668135	0.946252404
0.575000000	10.262789424	2.514903747	0.945963284
0.576000000	10.279067689	2.518136205	0.945667537
0.577000000	10.295341299	2.521365515	0.945365163
0.578000000	10.311610259	2.524591678	0.945056165
0.579000000	10.327874571	2.527814699	0.944740542
0.580000000	10.344134240	2.531034582	0.944418294
0.581000000	10.360389268	2.534251330	0.944089423
0.582000000	10.376639659	2.537464948	0.943753928
0.583000000	10.392885417	2.540675438	0.943411811
0.584000000	10.409126545	2.543882805	0.943063072
0.585000000	10.425363046	2.547087053	0.942707712
0.586000000	10.441594924	2.550288184	0.942345730
0.587000000	10.457822183	2.553486203	0.941977129
0.588000000	10.474044826	2.556681114	0.941601908
0.589000000	10.490262856	2.559872919	0.941220067
0.590000000	10.506476277	2.563061624	0.940831609
0.591000000	10.522685093	2.566247231	0.940436532
0.592000000	10.538889306	2.569429744	0.940034838
0.593000000	10.555088920	2.572609167	0.939626527
0.594000000	10.571283939	2.575785504	0.939211599
0.595000000	10.587474366	2.578958758	0.938790057
0.596000000	10.603660205	2.582128933	0.938361899
0.597000000	10.619841458	2.585296033	0.937927126
0.598000000	10.636018130	2.588460061	0.937485740
0.599000000	10.652190224	2.591621022	0.937037740
0.600000000	10.668357743	2.594778918	0.936583127
0.601000000	10.684520691	2.597933753	0.936121903
0.602000000	10.700679071	2.601085531	0.935654066
0.603000000	10.716832886	2.604234256	0.935179619
0.604000000	10.732982140	2.607379932	0.934698561
0.605000000	10.749126836	2.610522561	0.934210893
0.606000000	10.765266978	2.613662149	0.933716616
0.607000000	10.781402570	2.616798697	0.933215730
0.608000000	10.797533613	2.619932211	0.932708236
0.609000000	10.813660113	2.623062693	0.932194134
0.610000000	10.829782072	2.626190147	0.931673425
0.611000000	10.845899493	2.629314578	0.931146110
0.612000000	10.862012381	2.632435988	0.930612189
0.613000000	10.878120738	2.635554381	0.930071662
0.614000000	10.894224567	2.638669761	0.929524531
0.615000000	10.910323873	2.641782132	0.928970796
0.616000000	10.926418658	2.644891497	0.928410457
0.617000000	10.942508926	2.647997859	0.927843515
0.618000000	10.958594680	2.651101223	0.927269971
0.619000000	10.974675924	2.654201592	0.926689825
0.620000000	10.990752661	2.657298970	0.926103077
0.621000000	11.006824894	2.660393359	0.925509729
0.622000000	11.022892627	2.663484765	0.924909781
0.623000000	11.038955862	2.666573190	0.924303234
0.624000000	11.055014604	2.669658638	0.923690087
0.625000000	11.071068855	2.672741113	0.923070342
0.626000000	11.087118619	2.675820618	0.922443999
0.627000000	11.103163900	2.678897157	0.921811059
0.628000000	11.119204700	2.681970733	0.921171523
0.629000000	11.135241023	2.685041350	0.920525390
0.630000000	11.151272872	2.688109013	0.919872662
0.631000000	11.167300251	2.691173723	0.919213339
0.632000000	11.183323162	2.694235485	0.918547421
0.633000000	11.199341610	2.697294303	0.917874910
0.634000000	11.215355597	2.700350179	0.917195806
0.635000000	11.231365126	2.703403119	0.916510109
0.636000000	11.247370202	2.706453124	0.915817820
0.637000000	11.263370827	2.709500199	0.915118940
0.638000000	11.279367005	2.712544348	0.914413469
0.639000000	11.295358738	2.715585573	0.913701408
0.640000000	11.311346030	2.718623879	0.912982757
0.641000000	11.327328885	2.721659268	0.912257516
0.642000000	11.343307306	2.724691746	0.911525688
0.643000000	11.359281295	2.727721314	0.910787271
0.644000000	11.375250857	2.730747977	0.910042267
0.645000000	11.391215994	2.733771739	0.909290677
0.646000000	11.407176710	2.736792602	0.908532500
0.647000000	11.423133008	2.739810570	0.907767737
0.648000000	11.439084891	2.742825648	0.906996390
0.649000000	11.455032363	2.745837837	0.906218458
0.650000000	11.470975426	2.748847143	0.905433942
0.651000000	11.486914084	2.751853568	0.904642843
0.652000000	11.502848341	2.754857117	0.903845161
0.653000000	11.518778199	2.757857791	0.903040897
0.654000000	11.534703661	2.760855596	0.902230052
0.655000000	11.550624732	2.763850535	0.901412626
0.656000000	11.566541413	2.766842611	0.900588619
0.657000000	11.582453709	2.769831827	0.899758033
0.658000000	11.598361622	2.772818188	0.898920867
0.659000000	11.614265156	2.775801696	0.898077123
0.660000000	11.630164315	2.778782355	0.897226800
0.661000000	11.646059100	2.781760170	0.896369901
0.662000000	11.661949515	2.784735142	0.895506424
0.663000000	11.677835564	2.787707276	0.894636371
0.664000000	11.693717250	2.790676576	0.893759743
0.665000000	11.709594576	2.793643044	0.892876539
0.666000000	11.725467545	2.796606684	0.891986761
0.667000000	11.741336160	2.799567501	0.891090409
0.668000000	11.757200425	2.802525496	0.890187484
0.669000000	11.773060343	2.805480674	0.889277985
0.670000000	11.788915916	2.808433039	0.888361915
0.671000000	11.804767148	2.811382593	0.887439273
0.672000000	11.820614043	2.814329340	0.886510060
0.673000000	11.836456603	2.817273284	0.885574277
0.674000000	11.852294831	2.820214429	0.884631924
0.675000000	11.868128731	2.823152776	0.883683002
0.676000000	11.883958306	2.826088331	0.882727511
0.677000000	11.899783559	2.829021097	0.881765452
0.678000000	11.915604493	2.831951076	0.880796825
0.679000000	11.931421112	2.834878273	0.879821632
0.680000000	11.947233417	2.837802691	0.878839872
0.681000000	11.963041414	2.840724334	0.877851547
0.682000000	11.978845104	2.843643204	0.876856657
0.683000000	11.994644490	2.846559306	0.875855202
0.684000000	12.010439577	2.849472643	0.874847183
0.685000000	12.026230367	2.852383217	0.873832601
0.686000000	12.042016863	2.855291034	0.872811456
0.687000000	12.057799068	2.858196096	0.871783748
0.688000000	12.073576986	2.861098406	0.870749480
0.689000000	12.089350619	2.863997968	0.869708650
0.690000000	12.105119971	2.866894786	0.868661260
0.691000000	12.120885045	2.869788863	0.867607310
0.692000000	12.136645843	2.872680202	0.866546801
0.693000000	12.152402370	2.875568807	0.865479733
0.694000000	12.168154627	2.878454681	0.864406108
0.695000000	12.183902619	2.881337828	0.863325925
0.696000000	12.199646348	2.884218251	0.862239185
0.697000000	12.215385817	2.887095953	0.861145889
0.698000000	12.231121030	2.889970938	0.860046037
0.699000000	12.246851989	2.892843210	0.858939630
0.700000000	12.262578697	2.895712771	0.857826669
0.701000000	12.278301158	2.898579625	0.856707153
0.702000000	12.294019375	2.901443776	0.855581085
0.703000000	12.309733351	2.904305227	0.854448464
0.704000000	12.325443088	2.907163982	0.853309291
0.705000000	12.341148591	2.910020043	0.852163566
0.706000000	12.356849861	2.912873414	0.851011290
0.707000000	12.372546902	2.915724099	0.849852464
0.708000000	12.388239717	2.918572101	0.848687089
0.709000000	12.403928310	2.921417423	0.847515164
0.710000000	12.419612682	2.924260069	0.846336691
0.711000000	12.435292838	2.927100042	0.845151670
0.712000000	12.450968780	2.929937346	0.843960101
0.713000000	12.466640511	2.932771984	0.842761986
0.714000000	12.482308034	2.935603959	0.841557325
0.715000000	12.497971352	2.938433274	0.840346118
0.716000000	12.513630469	2.941259934	0.839128366
0.717000000	12.529285388	2.944083941	0.837904070
0.718000000	12.544936110	2.946905299	0.836673231
0.719000000	12.560582640	2.949724011	0.835435848
0.720000000	12.576224980	2.952540081	0.834191922
0.721000000	12.591863134	2.955353511	0.832941455
0.722000000	12.607497104	2.958164306	0.831684446
0.723000000	12.623126893	2.960972468	0.830420897
0.724000000	12.638752505	2.963778002	0.829150807
0.725000000	12.654373942	2.966580909	0.827874178
0.726000000	12.669991208	2.969381195	0.826591010
0.727000000	12.685604305	2.972178861	0.825301304
0.728000000	12.701213236	2.974973912	0.824005060
0.729000000	12.716818005	2.977766351	0.822702279
0.730000000	12.732418614	2.980556180	0.821392961
0.731000000	12.748015066	2.983343405	0.820077107
0.732000000	12.763607364	2.986128026	0.818754718
0.733000000	12.779195512	2.988910049	0.817425795
0.734000000	12.794779512	2.991689477	0.816090337
0.735000000	12.810359367	2.994466312	0.814748346
0.736000000	12.825935080	2.997240558	0.813399822
0.737000000	12.841506654	3.000012219	0.812044765
0.738000000	12.857074093	3.002781297	0.810683177
0.739000000	12.872637398	3.005547797	0.809315058
0.740000000	12.888196573	3.008311721	0.807940408
0.741000000	12.903751621	3.011073072	0.806559229
0.742000000	12.919302545	3.013831855	0.805171520
0.743000000	12.934849348	3.016588072	0.803777282
0.744000000	12.950392032	3.019341727	0.802376517
0.745000000	12.965930601	3.022092822	0.800969224
0.746000000	12.981465057	3.024841362	0.799555404
0.747000000	12.996995404	3.027587349	0.798135058
0.748000000	13.012521645	3.030330788	0.796708186
0.749000000	13.028043782	3.033071680	0.795274789
0.750000000	13.043561818	3.035810030	0.793834868
0.751000000	13.059075756	3.038545841	0.792388423
0.752000000	13.074585599	3.041279116	0.790935455
0.753000000	13.090091350	3.044009858	0.789475964
0.754000000	13.105593012	3.046738071	0.788009952
0.755000000	13.121090588	3.049463757	0.786537418
0.756000000	13.136584080	3.052186921	0.785058363
0.757000000	13.152073493	3.054907566	0.783572788
0.758000000	13.167558827	3.057625694	0.782080693
0.759000000	13.183040087	3.060341309	0.780582080
0.760000000	13.198517275	3.063054414	0.779076948
0.761000000	13.213990395	3.065765014	0.777565299
0.762000000	13.229459448	3.068473110	0.776047132
0.763000000	13.244924438	3.071178706	0.774522449
0.764000000	13.260385368	3.073881805	0.772991250
0.765000000	13.275842241	3.076582412	0.771453536
0.766000000	13.291295059	3.079280528	0.769909308
0.767000000	13.306743826	3.081976157	0.768358565
0.768000000	13.322188543	3.084669303	0.766801309
0.769000000	13.337629215	3.087359968	0.765237540
0.770000000	13.353065844	3.090048157	0.763667259
0.771000000	13.368498433	3.092733871	0.762090466
0.772000000	13.383926984	3.095417115	0.760507162
0.773000000	13.399351501	3.098097892	0.758917348
0.774000000	13.414771986	3.100776205	0.757321025
0.775000000	13.430188443	3.103452057	0.755718192
0.776000000	13.445600873	3.106125451	0.754108851
0.777000000	13.461009280	3.108796391	0.752493002
0.778000000	13.476413667	3.111464880	0.750870645
0.779000000	13.491814037	3.114130921	0.749241783
0.780000000	13.507210392	3.116794518	0.747606414
0.781000000	13.522602735	3.119455673	0.745964539
0.782000000	13.537991069	3.122114389	0.744316160
0.783000000	13.553375397	3.124770671	0.742661277
0.784000000	13.568755721	3.127424521	0.740999890
0.785000000	13.584132045	3.130075943	0.739332001
0.786000000	13.599504372	3.132724939	0.737657609
0.787000000	13.614872703	3.135371513	0.735976715
0.788000000	13.630237042	3.138015669	0.734289321
0.789000000	13.645597392	3.140657408	0.732595426
0.790000000	13.660953756	3.143296736	0.730895031
0.791000000	13.676306135	3.145933653	0.729188137
0.792000000	13.691654534	3.148568165	0.727474745
0.793000000	13.706998955	3.151200275	0.725754854
0.794000000	13.722339400	3.153829984	0.724028466
0.795000000	13.737675872	3.156457297	0.722295582
0.796000000	13.753008375	3.159082217	0.720556202
0.797000000	13.768336911	3.161704746	0.718810326
0.798000000	13.783661483	3.164324889	0.717057955
0.799000000	13.798982093	3.166942649	0.715299090
0.800000000	13.814298744	3.169558027	0.713533732
0.801000000	13.829611439	3.172171029	0.711761881
0.802000000	13.844920182	3.174781656	0.709983537
0.803000000	13.860224974	3.177389912	0.708198702
0.804000000	13.875525818	3.179995801	0.706407376
0.805000000	13.890822717	3.182599325	0.704609559
0.806000000	13.906115674	3.185200488	0.702805253
0.807000000	13.921404692	3.187799292	0.700994457
0.808000000	13.936689773	3.190395742	0.699177173
0.809000000	13.951970920	3.192989839	0.697353401
0.810000000	13.967248136	3.195581588	0.695523142
0.811000000	13.982521424	3.198170991	0.693686396
0.812000000	13.997790786	3.200758052	0.691843164
0.813000000	14.013056224	3.203342774	0.689993447
0.814000000	14.028317743	3.205925159	0.688137245
0.815000000	14.043575344	3.208505212	0.686274559
0.816000000	14.058829031	3.211082935	0.684405389
0.817000000	14.074078805	3.213658331	0.682529737
0.818000000	14.089324670	3.216231404	0.680647603
0.819000000	14.104566628	3.218802156	0.678758987
0.820000000	14.119804682	3.221370592	0.676863890
0.821000000	14.135038836	3.223936713	0.674962312
0.822000000	14.150269090	3.226500523	0.673054255
0.823000000	14.165495449	3.229062026	0.671139719
0.824000000	14.180717915	3.231621224	0.669218705
0.825000000	14.195936490	3.234178120	0.667291213
0.826000000	14.211151178	3.236732719	0.665357244
0.827000000	14.226361980	3.239285022	0.663416798
0.828000000	14.241568900	3.241835033	0.661469876
0.829000000	14.256771941	3.244382755	0.659516480
0.830000000	14.271971105	3.246928191	0.657556609
0.831000000	14.287166394	3.249471344	0.655590263
0.832000000	14.302357812	3.252012218	0.653617445
0.833000000	14.317545361	3.254550815	0.651638154
0.834000000	14.332729043	3.257087139	0.649652391
0.835000000	14.347908862	3.259621193	0.647660156
0.836000000	14.363084820	3.262152980	0.645661451
0.837000000	14.378256920	3.264682502	0.643656276
0.838000000	14.393425164	3.267209764	0.641644631
0.839000000	14.408589556	3.269734768	0.639626518
0.840000000	14.423750097	3.272257517	0.637601936
0.841000000	14.438906790	3.274778015	0.635570887
0.842000000	14.454059639	3.277296264	0.633533371
0.843000000	14.469208645	3.279812268	0.631489389
0.844000000	14.484353811	3.282326029	0.629438941
0.845000000	14.499495141	3.284837551	0.627382029
0.846000000	14.514632636	3.287346837	0.625318652
0.847000000	14.529766299	3.289853891	0.623248811
0.848000000	14.544896133	3.292358714	0.621172508
0.849000000	14.560022141	3.294861310	0.619089742
0.850000000	14.575144325	3.297361683	0.617000515
0.851000000	14.590262687	3.299859834	0.614904826
0.852000000	14.605377231	3.302355769	0.612802677
0.853000000	14.620487959	3.304849488	0.610694069
0.854000000	14.635594874	3.307340997	0.608579001
0.855000000	14.650697978	3.309830297	0.606457475
0.856000000	14.665797273	3.312317391	0.604329491
0.857000000	14.680892764	3.314802283	0.602195050
0.858000000	14.695984451	3.317284977	0.600054152
0.859000000	14.711072338	3.319765474	0.597906799
0.860000000	14.726156427	3.322243778	0.595752990
0.861000000	14.741236721	3.324719892	0.593592727
0.862000000	14.756313223	3.327193819	0.591426010
0.863000000	14.771385935	3.329665562	0.589252840
0.864000000	14.786454859	3.332135125	0.587073217
0.865000000	14.801519999	3.334602510	0.584887142
0.866000000	14.816581356	3.337067720	0.582694617
0.867000000	14.831638934	3.339530758	0.580495640
0.868000000	14.846692735	3.341991628	0.578290214
0.869000000	14.861742761	3.344450332	0.576078338
0.870000000	14.876789016	3.346906874	0.573860014
0.871000000	14.891831501	3.349361256	0.571635241
0.872000000	14.906870220	3.351813482	0.569404022
0.873000000	14.921905174	3.354263555	0.567166355
0.874000000	14.936936367	3.356711477	0.564922243
0.875000000	14.951963801	3.359157252	0.562671685
0.876000000	14.966987479	3.361600882	0.560414683
0.877000000	14.982007402	3.364042371	0.558151237
0.878000000	14.997023575	3.366481722	0.555881347
0.879000000	15.012035998	3.368918938	0.553605015
0.880000000	15.027044675	3.371354022	0.551322241
0.881000000	15.042049609	3.373786977	0.549033025
0.882000000	15.057050801	3.376217805	0.546737369
0.883000000	15.072048255	3.378646510	0.544435272
0.884000000	15.087041973	3.381073095	0.542126736
0.885000000	15.102031957	3.383497564	0.539811762
0.886000000	15.117018210	3.385919918	0.537490349
0.887000000	15.132000735	3.388340161	0.535162499
0.888000000	15.146979534	3.390758296	0.532828213
0.889000000	15.161954610	3.393174326	0.530487490
0.890000000	15.176925964	3.395588254	0.528140332
0.891000000	15.191893600	3.398000082	0.525786739
0.892000000	15.206857521	3.400409815	0.523426713
0.893000000	15.221817728	3.402817455	0.521060252
0.894000000	15.236774224	3.405223005	0.518687360
0.895000000	15.251727012	3.407626468	0.516308035
0.896000000	15.266676094	3.410027846	0.513922278
0.897000000	15.281621473	3.412427144	0.511530092
0.898000000	15.296563151	3.414824364	0.509131475
0.899000000	15.311501130	3.417219508	0.506726428
0.900000000	15.326435414	3.419612581	0.504314953
0.901000000	15.341366005	3.422003584	0.501897050
0.902000000	15.356292905	3.424392521	0.499472720
0.903000000	15.371216116	3.426779395	0.497041963
0.904000000	15.386135642	3.429164209	0.494604780
0.905000000	15.401051484	3.431546966	0.492161172
0.906000000	15.415963645	3.433927669	0.489711139
0.907000000	15.430872128	3.436306320	0.487254683
0.908000000	15.445776936	3.438682923	0.484791802
0.909000000	15.460678069	3.441057481	0.482322500
0.910000000	15.475575532	3.443429996	0.479846775
0.911000000	15.490469326	3.445800472	0.477364629
0.912000000	15.505359454	3.448168912	0.474876063
0.913000000	15.520245919	3.450535318	0.472381077
0.914000000	15.535128723	3.452899694	0.469879671
0.915000000	15.550007868	3.455262042	0.467371847
0.916000000	15.564883356	3.457622366	0.464857606
0.917000000	15.579755191	3.459980668	0.462336947
0.918000000	15.594623375	3.462336952	0.459809871
0.919000000	15.609487910	3.464691219	0.457276380
0.920000000	15.624348798	3.467043474	0.454736474
0.921000000	15.639206043	3.469393720	0.452190153
0.922000000	15.654059646	3.471741958	0.449637418
0.923000000	15.668909610	3.474088192	0.447078271
0.924000000	15.683755937	3.476432426	0.444512711
0.925000000	15.698598630	3.478774661	0.441940739
0.926000000	15.713437692	3.481114901	0.439362356
0.927000000	15.728273124	3.483453150	0.436777564
0.928000000	15.743104929	3.485789408	0.434186361
0.929000000	15.757933110	3.488123681	0.431588749
0.930000000	15.772757668	3.490455970	0.428984730
0.931000000	15.787578608	3.492786279	0.426374302
0.932000000	15.802395929	3.495114610	0.423757468
0.933000000	15.817209636	3.497440967	0.421134228
0.934000000	15.832019731	3.499765352	0.418504582
0.935000000	15.846826216	3.502087768	0.415868531
0.936000000	15.861629093	3.504408218	0.413226076
0.937000000	15.876428365	3.506726706	0.410577218
0.938000000	15.891224034	3.509043233	0.407921957
0.939000000	15.906016103	3.511357804	0.405260294
0.940000000	15.920804573	3.513670420	0.402592230
0.941000000	15.935589449	3.515981085	0.399917765
0.942000000	15.950370731	3.518289802	0.397236900
0.943000000	15.965148422	3.520596573	0.394549636
0.944000000	15.979922525	3.522901402	0.391855974
0.945000000	15.994693042	3.525204291	0.389155913
0.946000000	16.009459975	3.527505243	0.386449456
0.947000000	16.024223327	3.529804261	0.383736601
0.948000000	16.038983100	3.532101349	0.381017352
0.949000000	16.053739296	3.534396508	0.378291707
0.950000000	16.068491919	3.536689743	0.375559667
0.951000000	16.083240969	3.538981055	0.372821234
0.952000000	16.097986451	3.541270447	0.370076409
0.953000000	16.112728365	3.543557924	0.367325190
0.954000000	16.127466715	3.545843486	0.364567581
0.955000000	16.142201502	3.548127138	0.361803580
0.956000000	16.156932729	3.550408882	0.359033189
0.957000000	16.171660399	3.552688721	0.356256409
0.958000000	16.186384514	3.554966658	0.353473240
0.959000000	16.201105075	3.557242696	0.350683683
0.960000000	16.215822086	3.559516838	0.347887739
0.961000000	16.230535549	3.561789086	0.345085408
0.962000000	16.245245466	3.564059444	0.342276692
0.963000000	16.259951840	3.566327913	0.339461590
0.964000000	16.274654672	3.568594499	0.336640103
0.965000000	16.289353966	3.570859202	0.333812233
0.966000000	16.304049723	3.573122026	0.330977980
0.967000000	16.318741946	3.575382973	0.328137344
0.968000000	16.333430637	3.577642048	0.325290326
0.969000000	16.348115799	3.579899252	0.322436928
0.970000000	16.362797434	3.582154588	0.319577150
0.971000000	16.377475543	3.584408059	0.316710992
0.972000000	16.392150130	3.586659669	0.313838455
0.973000000	16.406821197	3.588909419	0.310959540
0.974000000	16.421488746	3.591157314	0.308074247
0.975000000	16.436152780	3.593403354	0.305182578
0.976000000	16.450813300	3.595647545	0.302284533
0.977000000	16.465470309	3.597889887	0.299380113
0.978000000	16.480123810	3.600130385	0.296469318
0.979000000	16.494773804	3.602369041	0.293552150
0.980000000	16.509420294	3.604605857	0.290628608
0.981000000	16.524063283	3.606840838	0.287698694
0.982000000	16.538702772	3.609073984	0.284762408
0.983000000	16.553338764	3.611305300	0.281819752
0.984000000	16.567971261	3.613534789	0.278870725
0.985000000	16.582600265	3.615762452	0.275915329
0.986000000	16.597225779	3.617988293	0.272953564
0.987000000	16.611847806	3.620212315	0.269985431
0.988000000	16.626466346	3.622434520	0.267010930
0.989000000	16.641081403	3.624654912	0.264030063
0.990000000	16.655692979	3.626873493	0.261042831
0.991000000	16.670301076	3.629090265	0.258049232
0.992000000	16.684905697	3.631305233	0.255049270
0.993000000	16.699506843	3.633518398	0.252042944
0.994000000	16.714104517	3.635729764	0.249030255
0.995000000	16.728698721	3.637939332	0.246011203
0.996000000	16.743289458	3.640147107	0.242985791
0.997000000	16.757876729	3.642353091	0.239954017
0.998000000	16.772460538	3.644557286	0.236915883
0.999000000	16.787040885	3.646759696	0.233871390
1.000000000	16.801617775	3.648960323	0.230820539
1.001000000	16.816191208	3.651159171	0.227763329
1.002000000	16.830761187	3.653356241	0.224699762
1.003000000	16.845327714	3.655551537	0.221629839
1.004000000	16.859890792	3.657745061	0.218553561
1.005000000	16.874450422	3.659936817	0.215470927
1.006000000	16.889006608	3.662126806	0.212381939
1.007000000	16.903559351	3.664315033	0.209286598
1.008000000	16.918108653	3.666501499	0.206184904
1.009000000	16.932654517	3.668686208	0.203076858
1.010000000	16.947196945	3.670869162	0.199962461
1.011000000	16.961735939	3.673050364	0.196841713
1.012000000	16.976271502	3.675229817	0.193714615
1.013000000	16.990803635	3.677407523	0.190581168
1.014000000	17.005332341	3.679583486	0.187441373
1.015000000	17.019857622	3.681757708	0.184295231
1.016000000	17.034379481	3.683930192	0.181142742
1.017000000	17.048897919	3.686100941	0.177983906
1.018000000	17.063412938	3.688269957	0.174818725
1.019000000	17.077924542	3.690437244	0.171647200
1.020000000	17.092432732	3.692602803	0.168469331
1.021000000	17.106937510	3.694766639	0.165285118
1.022000000	17.121438879	3.696928753	0.162094564
1.023000000	17.135936840	3.699089148	0.158897667
1.024000000	17.150431397	3.701247827	0.155694430
1.025000000	17.164922551	3.703404794	0.152484853
1.026000000	17.179410304	3.705560050	0.149268936
1.027000000	17.193894659	3.707713598	0.146046680
1.028000000	17.208375617	3.709865442	0.142818087
1.029000000	17.222853181	3.712015583	0.139583157
1.030000000	17.237327354	3.714164026	0.136341890
1.031000000	17.251798137	3.716310771	0.133094287
1.032000000	17.266265533	3.718455823	0.129840350
1.033000000	17.280729543	3.720599184	0.126580079
1.034000000	17.295190170	3.722740856	0.123313474
1.035000000	17.309647416	3.724880843	0.120040536
1.036000000	17.324101283	3.727019147	0.116761267
1.037000000	17.338551774	3.729155771	0.113475666
1.038000000	17.352998890	3.731290718	0.110183735
1.039000000	17.367442635	3.733423990	0.106885475
1.040000000	17.381883009	3.735555590	0.103580886
1.041000000	17.396320015	3.737685522	0.100269968
1.042000000	17.410753655	3.739813786	0.096952723
1.043000000	17.425183932	3.741940387	0.093629152
1.044000000	17.439610848	3.744065328	0.090299255
1.045000000	17.454034404	3.746188610	0.086963032
1.046000000	17.468454603	3.748310236	0.083620486
1.047000000	17.482871447	3.750430210	0.080271616
1.048000000	17.497284938	3.752548534	0.076916423
1.049000000	17.511695079	3.754665211	0.073554908
1.050000000	17.526101871	3.756780243	0.070187072
1.051000000	17.540505316	3.758893633	0.066812915
1.052000000	17.554905418	3.761005384	0.063432439
1.053000000	17.569302177	3.763115499	0.060045643
1.054000000	17.583695597	3.765223980	0.056652530
1.055000000	17.598085678	3.767330830	0.053253099
1.056000000	17.612472424	3.769436052	0.049847351
1.057000000	17.626855836	3.771539648	0.046435288
1.058000000	17.641235917	3.773641622	0.043016909
1.059000000	17.655612669	3.775741975	0.039592216
1.060000000	17.669986093	3.777840711	0.036161209
1.061000000	17.684356193	3.779937833	0.032723890
1.062000000	17.698722969	3.782033342	0.029280258
1.063000000	17.713086425	3.784127242	0.025830316
1.064000000	17.727446562	3.786219535	0.022374063
1.065000000	17.741803382	3.788310225	0.018911500
1.066000000	17.756156888	3.790399313	0.015442628
1.067000000	17.770507082	3.792486803	0.011967448
1.068000000	17.784853965	3.794572697	0.008485960
1.069000000	17.799197540	3.796656998	0.004998166
1.070000000	17.813537809	3.798739708	0.001504066
1.071000000	17.827874774	3.800820831	-0.001996339
