0	0	0.00000
0	1	0.00000
0	2	0.00000
0	3	0.00000
0	4	0.00000
0	5	0.00000
0	6	0.00000
0	7	0.00000
0	8	0.00000
0	9	0.00000
0	10	0.00000
0	11	0.00000
0	12	0.00000
0	13	0.00000
0	14	0.00000
0	15	0.00000
0	16	0.00000
0	17	0.00000
0	18	0.00000
0	19	0.00000
0	20	0.00000
0	21	0.00000
0	22	0.00000
0	23	0.00000
0	24	0.00000
0	25	0.00000
0	26	0.00000
0	27	0.00000
0	28	0.00000
0	29	0.00000
0	30	0.00000
0	31	0.00000
0	32	0.00000
0	33	0.00000
0	34	0.00000
0	35	0.00000
0	36	0.00000
0	37	0.00000
0	38	0.00000
0	39	0.00000
0	40	0.00000
0	41	0.00000
0	42	0.00000
0	43	0.00000
0	44	0.00000
0	45	0.00000
0	46	0.00000
0	47	0.00000
0	48	0.00000
0	49	0.00000
0	50	0.00000
0	51	0.00000
0	52	0.00000
0	53	0.00000
0	54	0.00000
0	55	0.00000
1	0	0.00000
1	1	-0.00344
1	2	-0.00691
1	3	-0.01045
1	4	-0.01410
1	5	-0.01788
1	6	-0.02183
1	7	-0.02598
1	8	-0.03034
1	9	-0.03494
1	10	-0.03979
1	11	-0.04487
1	12	-0.05019
1	13	-0.05572
1	14	-0.06140
1	15	-0.06717
1	16	-0.07293
1	17	-0.07859
1	18	-0.08400
1	19	-0.08901
1	20	-0.09346
1	21	-0.09719
1	22	-0.10004
1	23	-0.10186
1	24	-0.10254
1	25	-0.10204
1	26	-0.10040
1	27	-0.09776
1	28	-0.09426
1	29	-0.09009
1	30	-0.08540
1	31	-0.08035
1	32	-0.07510
1	33	-0.06978
1	34	-0.06450
1	35	-0.05933
1	36	-0.05435
1	37	-0.04960
1	38	-0.04510
1	39	-0.04087
1	40	-0.03690
1	41	-0.03321
1	42	-0.02976
1	43	-0.02656
1	44	-0.02358
1	45	-0.02080
1	46	-0.01820
1	47	-0.01577
1	48	-0.01349
1	49	-0.01133
1	50	-0.00928
1	51	-0.00732
1	52	-0.00543
1	53	-0.00359
1	54	-0.00179
1	55	0.00000
2	0	0.00000
2	1	-0.00684
2	2	-0.01374
2	3	-0.02079
2	4	-0.02806
2	5	-0.03559
2	6	-0.04347
2	7	-0.05174
2	8	-0.06045
2	9	-0.06964
2	10	-0.07933
2	11	-0.08951
2	12	-0.10018
2	13	-0.11127
2	14	-0.12270
2	15	-0.13433
2	16	-0.14598
2	17	-0.15743
2	18	-0.16839
2	19	-0.17857
2	20	-0.18764
2	21	-0.19527
2	22	-0.20111
2	23	-0.20487
2	24	-0.20626
2	25	-0.20520
2	26	-0.20181
2	27	-0.19636
2	28	-0.18921
2	29	-0.18069
2	30	-0.17114
2	31	-0.16091
2	32	-0.15028
2	33	-0.13953
2	34	-0.12887
2	35	-0.11848
2	36	-0.10847
2	37	-0.09894
2	38	-0.08993
2	39	-0.08146
2	40	-0.07354
2	41	-0.06616
2	42	-0.05928
2	43	-0.05289
2	44	-0.04695
2	45	-0.04141
2	46	-0.03624
2	47	-0.03140
2	48	-0.02686
2	49	-0.02256
2	50	-0.01848
2	51	-0.01457
2	52	-0.01081
2	53	-0.00715
2	54	-0.00356
2	55	0.00000
3	0	0.00000
3	1	-0.01017
3	2	-0.02044
3	3	-0.03093
3	4	-0.04174
3	5	-0.05297
3	6	-0.06471
3	7	-0.07706
3	8	-0.09008
3	9	-0.10384
3	10	-0.11837
3	11	-0.13368
3	12	-0.14974
3	13	-0.16650
3	14	-0.18381
3	15	-0.20148
3	16	-0.21924
3	17	-0.23674
3	18	-0.25357
3	19	-0.26924
3	20	-0.28326
3	21	-0.29512
3	22	-0.30428
3	23	-0.31022
3	24	-0.31245
3	25	-0.31070
3	26	-0.30527
3	27	-0.29669
3	28	-0.28552
3	29	-0.27231
3	30	-0.25758
3	31	-0.24186
3	32	-0.22559
3	33	-0.20918
3	34	-0.19298
3	35	-0.17723
3	36	-0.16212
3	37	-0.14776
3	38	-0.13421
3	39	-0.12151
3	40	-0.10965
3	41	-0.09860
3	42	-0.08833
3	43	-0.07878
3	44	-0.06991
3	45	-0.06165
3	46	-0.05395
3	47	-0.04674
3	48	-0.03997
3	49	-0.03357
3	50	-0.02750
3	51	-0.02168
3	52	-0.01608
3	53	-0.01064
3	54	-0.00529
3	55	0.00000
4	0	0.00000
4	1	-0.01339
4	2	-0.02692
4	3	-0.04074
4	4	-0.05500
4	5	-0.06983
4	6	-0.08536
4	7	-0.10170
4	8	-0.11898
4	9	-0.13726
4	10	-0.15662
4	11	-0.17708
4	12	-0.19862
4	13	-0.22116
4	14	-0.24455
4	15	-0.26853
4	16	-0.29276
4	17	-0.31674
4	18	-0.33990
4	19	-0.36157
4	20	-0.38106
4	21	-0.39767
4	22	-0.41067
4	23	-0.41930
4	24	-0.42261
4	25	-0.41987
4	26	-0.41187
4	27	-0.39960
4	28	-0.38387
4	29	-0.36544
4	30	-0.34503
4	31	-0.32334
4	32	-0.30102
4	33	-0.27864
4	34	-0.25664
4	35	-0.23536
4	36	-0.21502
4	37	-0.19576
4	38	-0.17766
4	39	-0.16072
4	40	-0.14494
4	41	-0.13026
4	42	-0.11664
4	43	-0.10400
4	44	-0.09226
4	45	-0.08134
4	46	-0.07116
4	47	-0.06164
4	48	-0.05270
4	49	-0.04427
4	50	-0.03625
4	51	-0.02859
4	52	-0.02120
4	53	-0.01402
4	54	-0.00698
4	55	0.00000
5	0	0.00000
5	1	-0.01646
5	2	-0.03311
5	3	-0.05012
5	4	-0.06769
5	5	-0.08599
5	6	-0.10518
5	7	-0.12542
5	8	-0.14686
5	9	-0.16962
5	10	-0.19378
5	11	-0.21941
5	12	-0.24650
5	13	-0.27498
5	14	-0.30469
5	15	-0.33535
5	16	-0.36651
5	17	-0.39757
5	18	-0.42772
5	19	-0.45607
5	20	-0.48172
5	21	-0.50383
5	22	-0.52143
5	23	-0.53369
5	24	-0.53881
5	25	-0.53431
5	26	-0.52275
5	27	-0.50598
5	28	-0.48491
5	29	-0.46055
5	30	-0.43376
5	31	-0.40546
5	32	-0.37653
5	33	-0.34770
5	34	-0.31958
5	35	-0.29254
5	36	-0.26684
5	37	-0.24262
5	38	-0.21993
5	39	-0.19878
5	40	-0.17912
5	41	-0.16088
5	42	-0.14398
5	43	-0.12831
5	44	-0.11378
5	45	-0.10029
5	46	-0.08772
5	47	-0.07597
5	48	-0.06494
5	49	-0.05453
5	50	-0.04466
5	51	-0.03521
5	52	-0.02611
5	53	-0.01727
5	54	-0.00859
5	55	0.00000
6	0	0.00000
6	1	-0.01935
6	2	-0.03892
6	3	-0.05895
6	4	-0.07965
6	5	-0.10125
6	6	-0.12395
6	7	-0.14794
6	8	-0.17343
6	9	-0.20056
6	10	-0.22948
6	11	-0.26027
6	12	-0.29298
6	13	-0.32757
6	14	-0.36389
6	15	-0.40166
6	16	-0.44038
6	17	-0.47929
6	18	-0.51734
6	19	-0.55327
6	20	-0.58594
6	21	-0.61450
6	22	-0.63753
6	23	-0.65521
6	24	-0.66465
6	25	-0.65581
6	26	-0.63882
6	27	-0.61666
6	28	-0.58925
6	29	-0.55807
6	30	-0.52401
6	31	-0.48822
6	32	-0.45191
6	33	-0.41608
6	34	-0.38142
6	35	-0.34837
6	36	-0.31717
6	37	-0.28793
6	38	-0.26067
6	39	-0.23534
6	40	-0.21187
6	41	-0.19016
6	42	-0.17007
6	43	-0.15149
6	44	-0.13428
6	45	-0.11831
6	46	-0.10345
6	47	-0.08957
6	48	-0.07655
6	49	-0.06428
6	50	-0.05263
6	51	-0.04149
6	52	-0.03077
6	53	-0.02034
6	54	-0.01012
6	55	0.00000
7	0	0.00000
7	1	-0.02201
7	2	-0.04429
7	3	-0.06711
7	4	-0.09072
7	5	-0.11541
7	6	-0.14141
7	7	-0.16898
7	8	-0.19835
7	9	-0.22973
7	10	-0.26330
7	11	-0.29922
7	12	-0.33759
7	13	-0.37842
7	14	-0.42164
7	15	-0.46702
7	16	-0.51405
7	17	-0.56188
7	18	-0.60908
7	19	-0.65373
7	20	-0.69426
7	21	-0.73069
7	22	-0.75898
7	23	-0.78497
7	24	-0.80877
7	25	-0.78547
7	26	-0.76007
7	27	-0.73259
7	28	-0.69736
7	29	-0.65848
7	30	-0.61599
7	31	-0.57150
7	32	-0.52682
7	33	-0.48328
7	34	-0.44166
7	35	-0.40236
7	36	-0.36555
7	37	-0.33127
7	38	-0.29947
7	39	-0.27005
7	40	-0.24288
7	41	-0.21780
7	42	-0.19466
7	43	-0.17329
7	44	-0.15353
7	45	-0.13522
7	46	-0.11820
7	47	-0.10231
7	48	-0.08742
7	49	-0.07339
7	50	-0.06008
7	51	-0.04736
7	52	-0.03512
7	53	-0.02322
7	54	-0.01155
7	55	0.00000
8	0	0.00000
8	1	-0.02440
8	2	-0.04912
8	3	-0.07446
8	4	-0.10073
8	5	-0.12825
8	6	-0.15731
8	7	-0.18822
8	8	-0.22126
8	9	-0.25669
8	10	-0.29478
8	11	-0.33573
8	12	-0.37972
8	13	-0.42688
8	14	-0.47725
8	15	-0.53071
8	16	-0.58694
8	17	-0.64510
8	18	-0.70335
8	19	-0.75833
8	20	-0.80667
8	21	-0.85502
8	22	-0.88273
8	23	-0.91693
8	24	-1.00000
8	25	-0.91721
8	26	-0.88339
8	27	-0.85627
8	28	-0.80912
8	29	-0.76248
8	30	-0.70999
8	31	-0.65495
8	32	-0.60059
8	33	-0.54857
8	34	-0.49958
8	35	-0.45385
8	36	-0.41140
8	37	-0.37213
8	38	-0.33590
8	39	-0.30252
8	40	-0.27179
8	41	-0.24351
8	42	-0.21748
8	43	-0.19349
8	44	-0.17134
8	45	-0.15084
8	46	-0.13180
8	47	-0.11406
8	48	-0.09744
8	49	-0.08178
8	50	-0.06694
8	51	-0.05277
8	52	-0.03912
8	53	-0.02586
8	54	-0.01287
8	55	0.00000
9	0	0.00000
9	1	-0.02648
9	2	-0.05332
9	3	-0.08087
9	4	-0.10949
9	5	-0.13954
9	6	-0.17137
9	7	-0.20533
9	8	-0.24176
9	9	-0.28101
9	10	-0.32338
9	11	-0.36919
9	12	-0.41870
9	13	-0.47215
9	14	-0.52975
9	15	-0.59165
9	16	-0.65790
9	17	-0.72821
9	18	-0.80090
9	19	-0.86957
9	20	-0.91906
9	21	-1.00000
9	22	-1.00000
9	23	-1.00000
9	24	-1.00000
9	25	-1.00000
9	26	-1.00000
9	27	-1.00000
9	28	-0.92036
9	29	-0.87234
9	30	-0.80652
9	31	-0.73774
9	32	-0.67203
9	33	-0.61082
9	34	-0.55424
9	35	-0.50207
9	36	-0.45407
9	37	-0.40996
9	38	-0.36947
9	39	-0.33232
9	40	-0.29825
9	41	-0.26698
9	42	-0.23826
9	43	-0.21185
9	44	-0.18750
9	45	-0.16499
9	46	-0.14412
9	47	-0.12468
9	48	-0.10649
9	49	-0.08936
9	50	-0.07314
9	51	-0.05764
9	52	-0.04273
9	53	-0.02825
9	54	-0.01405
9	55	0.00000
10	0	0.00000
10	1	-0.02820
10	2	-0.05681
10	3	-0.08622
10	4	-0.11683
10	5	-0.14906
10	6	-0.18330
10	7	-0.21997
10	8	-0.25946
10	9	-0.30220
10	10	-0.34856
10	11	-0.39894
10	12	-0.45372
10	13	-0.51326
10	14	-0.57794
10	15	-0.64822
10	16	-0.72480
10	17	-0.80896
10	18	-0.90246
10	19	-1.00000
10	20	-1.00000
10	21	-1.00000
10	22	-1.00000
10	23	-1.00000
10	24	-1.00000
10	25	-1.00000
10	26	-1.00000
10	27	-1.00000
10	28	-1.00000
10	29	-1.00000
10	30	-0.90599
10	31	-0.81746
10	32	-0.73896
10	33	-0.66845
10	34	-0.60447
10	35	-0.54613
10	36	-0.49285
10	37	-0.44417
10	38	-0.39970
10	39	-0.35906
10	40	-0.32190
10	41	-0.28790
10	42	-0.25674
10	43	-0.22814
10	44	-0.20181
10	45	-0.17752
10	46	-0.15501
10	47	-0.13406
10	48	-0.11448
10	49	-0.09605
10	50	-0.07859
10	51	-0.06194
10	52	-0.04591
10	53	-0.03035
10	54	-0.01510
10	55	0.00000
11	0	0.00000
11	1	-0.02952
11	2	-0.05949
11	3	-0.09036
11	4	-0.12256
11	5	-0.15655
11	6	-0.19280
11	7	-0.23177
11	8	-0.27393
11	9	-0.31975
11	10	-0.36972
11	11	-0.42431
11	12	-0.48399
11	13	-0.54924
11	14	-0.62054
11	15	-0.69850
11	16	-0.78413
11	17	-0.88035
11	18	-1.00000
11	19	-1.00000
11	20	-1.00000
11	21	-1.00000
11	22	-1.00000
11	23	-1.00000
11	24	-1.00000
11	25	-1.00000
11	26	-1.00000
11	27	-1.00000
11	28	-1.00000
11	29	-1.00000
11	30	-1.00000
11	31	-0.88716
11	32	-0.79790
11	33	-0.71956
11	34	-0.64905
11	35	-0.58512
11	36	-0.52702
11	37	-0.47418
11	38	-0.42610
11	39	-0.38231
11	40	-0.34240
11	41	-0.30597
11	42	-0.27266
11	43	-0.24214
11	44	-0.21410
11	45	-0.18825
11	46	-0.16433
11	47	-0.14209
11	48	-0.12130
11	49	-0.10176
11	50	-0.08325
11	51	-0.06560
11	52	-0.04862
11	53	-0.03214
11	54	-0.01599
11	55	0.00000
12	0	0.00000
12	1	-0.03040
12	2	-0.06129
12	3	-0.09315
12	4	-0.12649
12	5	-0.16180
12	6	-0.19959
12	7	-0.24039
12	8	-0.28473
12	9	-0.33316
12	10	-0.38625
12	11	-0.44457
12	12	-0.50869
12	13	-0.57916
12	14	-0.65649
12	15	-0.74109
12	16	-0.83289
12	17	-0.92831
12	18	-1.00000
12	19	-1.00000
12	20	-1.00000
12	21	-1.00000
12	22	-1.00000
12	23	-1.00000
12	24	-1.00000
12	25	-1.00000
12	26	-1.00000
12	27	-1.00000
12	28	-1.00000
12	29	-1.00000
12	30	-1.00000
12	31	-0.93327
12	32	-0.84591
12	33	-0.76285
12	34	-0.68706
12	35	-0.61828
12	36	-0.55594
12	37	-0.49943
12	38	-0.44819
12	39	-0.40168
12	40	-0.35941
12	41	-0.32092
12	42	-0.28580
12	43	-0.25367
12	44	-0.22420
12	45	-0.19706
12	46	-0.17196
12	47	-0.14865
12	48	-0.12688
12	49	-0.10642
12	50	-0.08706
12	51	-0.06860
12	52	-0.05084
12	53	-0.03361
12	54	-0.01672
12	55	0.00000
13	0	0.00000
13	1	-0.03079
13	2	-0.06211
13	3	-0.09448
13	4	-0.12845
13	5	-0.16456
13	6	-0.20337
13	7	-0.24546
13	8	-0.29143
13	9	-0.34191
13	10	-0.39756
13	11	-0.45904
13	12	-0.52704
13	13	-0.60222
13	14	-0.68517
13	15	-0.77648
13	16	-0.87802
13	17	-1.00000
13	18	-1.00000
13	19	-1.00000
13	20	-1.00000
13	21	-1.00000
13	22	-1.00000
13	23	-1.00000
13	24	-1.00000
13	25	-1.00000
13	26	-1.00000
13	27	-1.00000
13	28	-1.00000
13	29	-1.00000
13	30	-1.00000
13	31	-1.00000
13	32	-0.88961
13	33	-0.79888
13	34	-0.71804
13	35	-0.64501
13	36	-0.57902
13	37	-0.51942
13	38	-0.46556
13	39	-0.41682
13	40	-0.37264
13	41	-0.33250
13	42	-0.29595
13	43	-0.26256
13	44	-0.23196
13	45	-0.20381
13	46	-0.17782
13	47	-0.15368
13	48	-0.13115
13	49	-0.10999
13	50	-0.08997
13	51	-0.07089
13	52	-0.05253
13	53	-0.03472
13	54	-0.01727
13	55	0.00000
14	0	0.00000
14	1	-0.03065
14	2	-0.06187
14	3	-0.09421
14	4	-0.12827
14	5	-0.16461
14	6	-0.20386
14	7	-0.24665
14	8	-0.29363
14	9	-0.34551
14	10	-0.40303
14	11	-0.46698
14	12	-0.53821
14	13	-0.61752
14	14	-0.70547
14	15	-0.80164
14	16	-0.90270
14	17	-1.00000
14	18	-1.00000
14	19	-1.00000
14	20	-1.00000
14	21	-1.00000
14	22	-1.00000
14	23	-1.00000
14	24	-1.00000
14	25	-1.00000
14	26	-1.00000
14	27	-1.00000
14	28	-1.00000
14	29	-1.00000
14	30	-1.00000
14	31	-1.00000
14	32	-0.91366
14	33	-0.82503
14	34	-0.74120
14	35	-0.66470
14	36	-0.59572
14	37	-0.53367
14	38	-0.47780
14	39	-0.42740
14	40	-0.38182
14	41	-0.34050
14	42	-0.30292
14	43	-0.26865
14	44	-0.23727
14	45	-0.20843
14	46	-0.18181
14	47	-0.15711
14	48	-0.13406
14	49	-0.11242
14	50	-0.09195
14	51	-0.07244
14	52	-0.05368
14	53	-0.03548
14	54	-0.01765
14	55	0.00000
15	0	0.00000
15	1	-0.02995
15	2	-0.06050
15	3	-0.09224
15	4	-0.12579
15	5	-0.16177
15	6	-0.20083
15	7	-0.24364
15	8	-0.29093
15	9	-0.34346
15	10	-0.40206
15	11	-0.46766
15	12	-0.54130
15	13	-0.62418
15	14	-0.71757
15	15	-0.82191
15	16	-0.93115
15	17	-1.00000
15	18	-1.00000
15	19	-1.00000
15	20	-1.00000
15	21	-1.00000
15	22	-1.00000
15	23	-1.00000
15	24	-1.00000
15	25	-1.00000
15	26	-1.00000
15	27	-1.00000
15	28	-1.00000
15	29	-1.00000
15	30	-1.00000
15	31	-1.00000
15	32	-0.94001
15	33	-0.84637
15	34	-0.75702
15	35	-0.67688
15	36	-0.60549
15	37	-0.54173
15	38	-0.48457
15	39	-0.43316
15	40	-0.38676
15	41	-0.34475
15	42	-0.30660
15	43	-0.27184
15	44	-0.24003
15	45	-0.21082
15	46	-0.18387
15	47	-0.15888
15	48	-0.13556
15	49	-0.11367
15	50	-0.09297
15	51	-0.07324
15	52	-0.05428
15	53	-0.03587
15	54	-0.01784
15	55	0.00000
16	0	0.00000
16	1	-0.02866
16	2	-0.05793
16	3	-0.08846
16	4	-0.12088
16	5	-0.15584
16	6	-0.19403
16	7	-0.23617
16	8	-0.28299
16	9	-0.33534
16	10	-0.39409
16	11	-0.46029
16	12	-0.53515
16	13	-0.62034
16	14	-0.71871
16	15	-0.83726
16	16	-1.00000
16	17	-1.00000
16	18	-1.00000
16	19	-1.00000
16	20	-1.00000
16	21	-1.00000
16	22	-1.00000
16	23	-1.00000
16	24	-1.00000
16	25	-1.00000
16	26	-1.00000
16	27	-1.00000
16	28	-1.00000
16	29	-1.00000
16	30	-1.00000
16	31	-1.00000
16	32	-1.00000
16	33	-0.86344
16	34	-0.76361
16	35	-0.68031
16	36	-0.60763
16	37	-0.54319
16	38	-0.48560
16	39	-0.43390
16	40	-0.38730
16	41	-0.34515
16	42	-0.30690
16	43	-0.27206
16	44	-0.24021
16	45	-0.21096
16	46	-0.18398
16	47	-0.15897
16	48	-0.13563
16	49	-0.11373
16	50	-0.09302
16	51	-0.07328
16	52	-0.05431
16	53	-0.03589
16	54	-0.01785
16	55	0.00000
17	0	0.00000
17	1	-0.02674
17	2	-0.05412
17	3	-0.08279
17	4	-0.11343
17	5	-0.14669
17	6	-0.18330
17	7	-0.22399
17	8	-0.26954
17	9	-0.32080
17	10	-0.37869
17	11	-0.44425
17	12	-0.51867
17	13	-0.60331
17	14	-0.69967
17	15	-0.80843
17	16	-0.92373
17	17	-1.00000
17	18	-1.00000
17	19	-1.00000
17	20	-1.00000
17	21	-1.00000
17	22	-1.00000
17	23	-1.00000
17	24	-1.00000
17	25	-1.00000
17	26	-1.00000
17	27	-1.00000
17	28	-1.00000
17	29	-1.00000
17	30	-1.00000
17	31	-1.00000
17	32	-0.93855
17	33	-0.84379
17	34	-0.75368
17	35	-0.67312
17	36	-0.60155
17	37	-0.53779
17	38	-0.48075
17	39	-0.42953
17	40	-0.38338
17	41	-0.34165
17	42	-0.30378
17	43	-0.26930
17	44	-0.23778
17	45	-0.20883
17	46	-0.18213
17	47	-0.15737
17	48	-0.13428
17	49	-0.11260
17	50	-0.09210
17	51	-0.07256
17	52	-0.05377
17	53	-0.03554
17	54	-0.01768
17	55	0.00000
18	0	0.00000
18	1	-0.02417
18	2	-0.04901
18	3	-0.07517
18	4	-0.10333
18	5	-0.13420
18	6	-0.16849
18	7	-0.20695
18	8	-0.25038
18	9	-0.29963
18	10	-0.35562
18	11	-0.41936
18	12	-0.49196
18	13	-0.57458
18	14	-0.66822
18	15	-0.77307
18	16	-0.88648
18	17	-1.00000
18	18	-1.00000
18	19	-1.00000
18	20	-1.00000
18	21	-1.00000
18	22	-1.00000
18	23	-1.00000
18	24	-1.00000
18	25	-1.00000
18	26	-1.00000
18	27	-1.00000
18	28	-1.00000
18	29	-1.00000
18	30	-1.00000
18	31	-1.00000
18	32	-0.91042
18	33	-0.81947
18	34	-0.73419
18	35	-0.65693
18	36	-0.58766
18	37	-0.52566
18	38	-0.47008
18	39	-0.42011
18	40	-0.37505
18	41	-0.33429
18	42	-0.29729
18	43	-0.26358
18	44	-0.23276
18	45	-0.20446
18	46	-0.17834
18	47	-0.15411
18	48	-0.13151
18	49	-0.11029
18	50	-0.09022
18	51	-0.07108
18	52	-0.05268
18	53	-0.03482
18	54	-0.01732
18	55	0.00000
19	0	0.00000
19	1	-0.02095
19	2	-0.04257
19	3	-0.06554
19	4	-0.09054
19	5	-0.11829
19	6	-0.14951
19	7	-0.18494
19	8	-0.22540
19	9	-0.27171
19	10	-0.32479
19	11	-0.38561
19	12	-0.45524
19	13	-0.53481
19	14	-0.62558
19	15	-0.72915
19	16	-0.84913
19	17	-1.00000
19	18	-1.00000
19	19	-1.00000
19	20	-1.00000
19	21	-1.00000
19	22	-1.00000
19	23	-1.00000
19	24	-1.00000
19	25	-1.00000
19	26	-1.00000
19	27	-1.00000
19	28	-1.00000
19	29	-1.00000
19	30	-1.00000
19	31	-1.00000
19	32	-0.88366
19	33	-0.78949
19	34	-0.70670
19	35	-0.63274
19	36	-0.56650
19	37	-0.50712
19	38	-0.45379
19	39	-0.40577
19	40	-0.36242
19	41	-0.32316
19	42	-0.28750
19	43	-0.25498
19	44	-0.22523
19	45	-0.19789
19	46	-0.17265
19	47	-0.14923
19	48	-0.12737
19	49	-0.10683
19	50	-0.08740
19	51	-0.06886
19	52	-0.05104
19	53	-0.03374
19	54	-0.01678
19	55	0.00000
20	0	0.00000
20	1	-0.01705
20	2	-0.03478
20	3	-0.05387
20	4	-0.07501
20	5	-0.09891
20	6	-0.12630
20	7	-0.15792
20	8	-0.19456
20	9	-0.23703
20	10	-0.28622
20	11	-0.34306
20	12	-0.40857
20	13	-0.48384
20	14	-0.57013
20	15	-0.66881
20	16	-0.78088
20	17	-0.90291
20	18	-1.00000
20	19	-1.00000
20	20	-1.00000
20	21	-1.00000
20	22	-1.00000
20	23	-1.00000
20	24	-1.00000
20	25	-1.00000
20	26	-1.00000
20	27	-1.00000
20	28	-1.00000
20	29	-1.00000
20	30	-1.00000
20	31	-0.92750
20	32	-0.83473
20	33	-0.74813
20	34	-0.67038
20	35	-0.60082
20	36	-0.53849
20	37	-0.48253
20	38	-0.43218
20	39	-0.38676
20	40	-0.34569
20	41	-0.30844
20	42	-0.27455
20	43	-0.24362
20	44	-0.21529
20	45	-0.18923
20	46	-0.16515
20	47	-0.14279
20	48	-0.12190
20	49	-0.10226
20	50	-0.08368
20	51	-0.06594
20	52	-0.04888
20	53	-0.03231
20	54	-0.01608
20	55	0.00000
21	0	0.00000
21	1	-0.01247
21	2	-0.02563
21	3	-0.04015
21	4	-0.05672
21	5	-0.07605
21	6	-0.09886
21	7	-0.12588
21	8	-0.15788
21	9	-0.19564
21	10	-0.24001
21	11	-0.29185
21	12	-0.35212
21	13	-0.42186
21	14	-0.50231
21	15	-0.59507
21	16	-0.70267
21	17	-0.83078
21	18	-1.00000
21	19	-1.00000
21	20	-1.00000
21	21	-1.00000
21	22	-1.00000
21	23	-1.00000
21	24	-1.00000
21	25	-1.00000
21	26	-1.00000
21	27	-1.00000
21	28	-1.00000
21	29	-1.00000
21	30	-1.00000
21	31	-0.87526
21	32	-0.77963
21	33	-0.69791
21	34	-0.62588
21	35	-0.56167
21	36	-0.50411
21	37	-0.45234
21	38	-0.40564
21	39	-0.36341
21	40	-0.32514
21	41	-0.29035
21	42	-0.25865
21	43	-0.22967
21	44	-0.20308
21	45	-0.17859
21	46	-0.15593
21	47	-0.13487
21	48	-0.11518
21	49	-0.09665
21	50	-0.07910
21	51	-0.06235
21	52	-0.04622
21	53	-0.03056
21	54	-0.01520
21	55	0.00000
22	0	0.00000
22	1	-0.00722
22	2	-0.01512
22	3	-0.02437
22	4	-0.03567
22	5	-0.04971
22	6	-0.06720
22	7	-0.08886
22	8	-0.11543
22	9	-0.14765
22	10	-0.18631
22	11	-0.23222
22	12	-0.28620
22	13	-0.34917
22	14	-0.42217
22	15	-0.50648
22	16	-0.60396
22	17	-0.71752
22	18	-0.85127
22	19	-1.00000
22	20	-1.00000
22	21	-1.00000
22	22	-1.00000
22	23	-1.00000
22	24	-1.00000
22	25	-1.00000
22	26	-1.00000
22	27	-1.00000
22	28	-1.00000
22	29	-1.00000
22	30	-0.89126
22	31	-0.79390
22	32	-0.71064
22	33	-0.63799
22	34	-0.57356
22	35	-0.51587
22	36	-0.46395
22	37	-0.41707
22	38	-0.37462
22	39	-0.33611
22	40	-0.30110
22	41	-0.26919
22	42	-0.24003
22	43	-0.21332
22	44	-0.18876
22	45	-0.16611
22	46	-0.14512
22	47	-0.12558
22	48	-0.10729
22	49	-0.09006
22	50	-0.07373
22	51	-0.05813
22	52	-0.04310
22	53	-0.02850
22	54	-0.01418
22	55	0.00000
23	0	0.00000
23	1	-0.00129
23	2	-0.00324
23	3	-0.00655
23	4	-0.01188
23	5	-0.01993
23	6	-0.03138
23	7	-0.04694
23	8	-0.06731
23	9	-0.09322
23	10	-0.12538
23	11	-0.16450
23	12	-0.21129
23	13	-0.26647
23	14	-0.33072
23	15	-0.40474
23	16	-0.48915
23	17	-0.58409
23	18	-0.68757
23	19	-0.79026
23	20	-0.86744
23	21	-1.00000
23	22	-1.00000
23	23	-1.00000
23	24	-1.00000
23	25	-1.00000
23	26	-1.00000
23	27	-1.00000
23	28	-0.89835
23	29	-0.84331
23	30	-0.77115
23	31	-0.69843
23	32	-0.63104
23	33	-0.56986
23	34	-0.51448
23	35	-0.46430
23	36	-0.41876
23	37	-0.37736
23	38	-0.33967
23	39	-0.30532
23	40	-0.27395
23	41	-0.24526
23	42	-0.21897
23	43	-0.19481
23	44	-0.17255
23	45	-0.15197
23	46	-0.13286
23	47	-0.11504
23	48	-0.09833
23	49	-0.08258
23	50	-0.06763
23	51	-0.05334
23	52	-0.03956
23	53	-0.02616
23	54	-0.01302
23	55	0.00000
24	0	0.00000
24	1	0.00532
24	2	0.00998
24	3	0.01330
24	4	0.01462
24	5	0.01326
24	6	0.00855
24	7	-0.00020
24	8	-0.01367
24	9	-0.03254
24	10	-0.05748
24	11	-0.08911
24	12	-0.12801
24	13	-0.17468
24	14	-0.22949
24	15	-0.29261
24	16	-0.36382
24	17	-0.44209
24	18	-0.52468
24	19	-0.60601
24	20	-0.67949
24	21	-0.75278
24	22	-0.78468
24	23	-0.80125
24	24	-0.81047
24	25	-0.81440
24	26	-0.81189
24	27	-0.79700
24	28	-0.75008
24	29	-0.70375
24	30	-0.65161
24	31	-0.59763
24	32	-0.54522
24	33	-0.49592
24	34	-0.45021
24	35	-0.40810
24	36	-0.36942
24	37	-0.33393
24	38	-0.30138
24	39	-0.27153
24	40	-0.24413
24	41	-0.21895
24	42	-0.19578
24	43	-0.17441
24	44	-0.15466
24	45	-0.13635
24	46	-0.11931
24	47	-0.10338
24	48	-0.08843
24	49	-0.07430
24	50	-0.06088
24	51	-0.04803
24	52	-0.03563
24	53	-0.02357
24	54	-0.01173
24	55	0.00000
25	0	0.00000
25	1	0.01259
25	2	0.02453
25	3	0.03515
25	4	0.04380
25	5	0.04981
25	6	0.05252
25	7	0.05127
25	8	0.04537
25	9	0.03420
25	10	0.01711
25	11	-0.00645
25	12	-0.03696
25	13	-0.07475
25	14	-0.11995
25	15	-0.17238
25	16	-0.23144
25	17	-0.29578
25	18	-0.36304
25	19	-0.42963
25	20	-0.49173
25	21	-0.54696
25	22	-0.58469
25	23	-0.60983
25	24	-0.62623
25	25	-0.63525
25	26	-0.63614
25	27	-0.62603
25	28	-0.60122
25	29	-0.57001
25	30	-0.53390
25	31	-0.49526
25	32	-0.45628
25	33	-0.41839
25	34	-0.38234
25	35	-0.34848
25	36	-0.31689
25	37	-0.28757
25	38	-0.26041
25	39	-0.23529
25	40	-0.21208
25	41	-0.19062
25	42	-0.17078
25	43	-0.15239
25	44	-0.13533
25	45	-0.11946
25	46	-0.10464
25	47	-0.09076
25	48	-0.07769
25	49	-0.06532
25	50	-0.05355
25	51	-0.04226
25	52	-0.03136
25	53	-0.02075
25	54	-0.01033
25	55	0.00000
26	0	0.00000
26	1	0.02052
26	2	0.04039
26	3	0.05897
26	4	0.07561
26	5	0.08966
26	6	0.10046
26	7	0.10736
26	8	0.10970
26	9	0.10685
26	10	0.09818
26	11	0.08316
26	12	0.06138
26	13	0.03259
26	14	-0.00317
26	15	-0.04554
26	16	-0.09377
26	17	-0.14657
26	18	-0.20206
26	19	-0.25773
26	20	-0.31084
26	21	-0.35863
26	22	-0.39730
26	23	-0.42717
26	24	-0.44935
26	25	-0.46424
26	26	-0.47140
26	27	-0.46974
26	28	-0.45877
26	29	-0.44116
26	30	-0.41873
26	31	-0.39324
26	32	-0.36627
26	33	-0.33902
26	34	-0.31230
26	35	-0.28657
26	36	-0.26211
26	37	-0.23903
26	38	-0.21739
26	39	-0.19715
26	40	-0.17828
26	41	-0.16069
26	42	-0.14431
26	43	-0.12905
26	44	-0.11481
26	45	-0.10151
26	46	-0.08904
26	47	-0.07732
26	48	-0.06625
26	49	-0.05575
26	50	-0.04573
26	51	-0.03611
26	52	-0.02681
26	53	-0.01774
26	54	-0.00883
26	55	0.00000
27	0	0.00000
27	1	0.02909
27	2	0.05755
27	3	0.08474
27	4	0.11002
27	5	0.13276
27	6	0.15231
27	7	0.16802
27	8	0.17923
27	9	0.18530
27	10	0.18559
27	11	0.17954
27	12	0.16671
27	13	0.14690
27	14	0.12022
27	15	0.08715
27	16	0.04849
27	17	0.00533
27	18	-0.04088
27	19	-0.08840
27	20	-0.13528
27	21	-0.17942
27	22	-0.21869
27	23	-0.25222
27	24	-0.27974
27	25	-0.30097
27	26	-0.31548
27	27	-0.32278
27	28	-0.32295
27	29	-0.31714
27	30	-0.30662
27	31	-0.29268
27	32	-0.27652
27	33	-0.25913
27	34	-0.24125
27	35	-0.22340
27	36	-0.20593
27	37	-0.18907
27	38	-0.17295
27	39	-0.15765
27	40	-0.14318
27	41	-0.12955
27	42	-0.11673
27	43	-0.10468
27	44	-0.09337
27	45	-0.08272
27	46	-0.07269
27	47	-0.06322
27	48	-0.05424
27	49	-0.04569
27	50	-0.03752
27	51	-0.02965
27	52	-0.02202
27	53	-0.01458
27	54	-0.00726
27	55	0.00000
28	0	0.00000
28	1	0.03830
28	2	0.07597
28	3	0.11241
28	4	0.14697
28	5	0.17904
28	6	0.20799
28	7	0.23316
28	8	0.25391
28	9	0.26954
28	10	0.27935
28	11	0.28270
28	12	0.27904
28	13	0.26807
28	14	0.25000
28	15	0.22545
28	16	0.19523
28	17	0.16028
28	18	0.12160
28	19	0.08028
28	20	0.03754
28	21	-0.00509
28	22	-0.04583
28	23	-0.08328
28	24	-0.11641
28	25	-0.14444
28	26	-0.16675
28	27	-0.18295
28	28	-0.19311
28	29	-0.19782
28	30	-0.19792
28	31	-0.19435
28	32	-0.18801
28	33	-0.17973
28	34	-0.17016
28	35	-0.15984
28	36	-0.14915
28	37	-0.13837
28	38	-0.12771
28	39	-0.11731
28	40	-0.10725
28	41	-0.09760
28	42	-0.08837
28	43	-0.07959
28	44	-0.07125
28	45	-0.06332
28	46	-0.05579
28	47	-0.04863
28	48	-0.04180
28	49	-0.03527
28	50	-0.02899
28	51	-0.02293
28	52	-0.01705
28	53	-0.01129
28	54	-0.00562
28	55	0.00000
29	0	0.00000
29	1	0.04813
29	2	0.09564
29	3	0.14194
29	4	0.18642
29	5	0.22846
29	6	0.26744
29	7	0.30274
29	8	0.33370
29	9	0.35958
29	10	0.37958
29	11	0.39287
29	12	0.39866
29	13	0.39634
29	14	0.38628
29	15	0.36941
29	16	0.34671
29	17	0.31896
29	18	0.28673
29	19	0.25037
29	20	0.21027
29	21	0.16736
29	22	0.12374
29	23	0.08136
29	24	0.04181
29	25	0.00637
29	26	-0.02412
29	27	-0.04916
29	28	-0.06872
29	29	-0.08312
29	30	-0.09291
29	31	-0.09878
29	32	-0.10145
29	33	-0.10161
29	34	-0.09984
29	35	-0.09665
29	36	-0.09245
29	37	-0.08755
29	38	-0.08221
29	39	-0.07662
29	40	-0.07092
29	41	-0.06521
29	42	-0.05958
29	43	-0.05406
29	44	-0.04870
29	45	-0.04352
29	46	-0.03852
29	47	-0.03371
29	48	-0.02907
29	49	-0.02459
29	50	-0.02026
29	51	-0.01605
29	52	-0.01194
29	53	-0.00792
29	54	-0.00395
29	55	0.00000
30	0	0.00000
30	1	0.05856
30	2	0.11653
30	3	0.17331
30	4	0.22830
30	5	0.28092
30	6	0.33057
30	7	0.37667
30	8	0.41857
30	9	0.45551
30	10	0.48652
30	11	0.51052
30	12	0.52642
30	13	0.53233
30	14	0.52936
30	15	0.51921
30	16	0.50322
30	17	0.48213
30	18	0.45599
30	19	0.42422
30	20	0.38579
30	21	0.34051
30	22	0.29209
30	23	0.24314
30	24	0.19593
30	25	0.15221
30	26	0.11308
30	27	0.07913
30	28	0.05050
30	29	0.02699
30	30	0.00820
30	31	-0.00641
30	32	-0.01742
30	33	-0.02541
30	34	-0.03094
30	35	-0.03448
30	36	-0.03644
30	37	-0.03718
30	38	-0.03697
30	39	-0.03605
30	40	-0.03459
30	41	-0.03276
30	42	-0.03066
30	43	-0.02838
30	44	-0.02599
30	45	-0.02354
30	46	-0.02107
30	47	-0.01861
30	48	-0.01617
30	49	-0.01376
30	50	-0.01139
30	51	-0.00906
30	52	-0.00676
30	53	-0.00449
30	54	-0.00224
30	55	0.00000
31	0	0.00000
31	1	0.06959
31	2	0.13860
31	3	0.20646
31	4	0.27256
31	5	0.33635
31	6	0.39726
31	7	0.45480
31	8	0.50841
31	9	0.55735
31	10	0.60047
31	11	0.63629
31	12	0.66416
31	13	0.67721
31	14	0.67961
31	15	0.67485
31	16	0.66485
31	17	0.65033
31	18	0.63089
31	19	0.60472
31	20	0.56816
31	21	0.51679
31	22	0.46098
31	23	0.40319
31	24	0.34657
31	25	0.29345
31	26	0.24511
31	27	0.20212
31	28	0.16459
31	29	0.13237
31	30	0.10511
31	31	0.08237
31	32	0.06361
31	33	0.04832
31	34	0.03598
31	35	0.02613
31	36	0.01834
31	37	0.01226
31	38	0.00756
31	39	0.00400
31	40	0.00135
31	41	-0.00057
31	42	-0.00192
31	43	-0.00280
31	44	-0.00333
31	45	-0.00358
31	46	-0.00361
31	47	-0.00349
31	48	-0.00324
31	49	-0.00290
31	50	-0.00249
31	51	-0.00204
31	52	-0.00155
31	53	-0.00105
31	54	-0.00053
31	55	0.00000
32	0	0.00000
32	1	0.08120
32	2	0.16184
32	3	0.24135
32	4	0.31915
32	5	0.39465
32	6	0.46734
32	7	0.53684
32	8	0.60290
32	9	0.66503
32	10	0.72170
32	11	0.77001
32	12	0.81673
32	13	0.83274
32	14	0.83702
32	15	0.83572
32	16	0.83101
32	17	0.82346
32	18	0.81250
32	19	0.79564
32	20	0.76533
32	21	0.69752
32	22	0.63185
32	23	0.56206
32	24	0.49371
32	25	0.42991
32	26	0.37179
32	27	0.31963
32	28	0.27338
32	29	0.23279
32	30	0.19752
32	31	0.16715
32	32	0.14117
32	33	0.11909
32	34	0.10041
32	35	0.08466
32	36	0.07142
32	37	0.06030
32	38	0.05097
32	39	0.04314
32	40	0.03656
32	41	0.03103
32	42	0.02637
32	43	0.02241
32	44	0.01905
32	45	0.01617
32	46	0.01368
32	47	0.01151
32	48	0.00960
32	49	0.00790
32	50	0.00636
32	51	0.00495
32	52	0.00363
32	53	0.00239
32	54	0.00118
32	55	0.00000
33	0	0.00000
33	1	0.09336
33	2	0.18620
33	3	0.27796
33	4	0.36802
33	5	0.45575
33	6	0.54060
33	7	0.62233
33	8	0.70133
33	9	0.77817
33	10	0.85130
33	11	0.90533
33	12	1.00000
33	13	1.00000
33	14	1.00000
33	15	1.00000
33	16	1.00000
33	17	1.00000
33	18	1.00000
33	19	1.00000
33	20	1.00000
33	21	0.87609
33	22	0.80686
33	23	0.71948
33	24	0.63630
33	25	0.56068
33	26	0.49251
33	27	0.43125
33	28	0.37649
33	29	0.32789
33	30	0.28505
33	31	0.24753
33	32	0.21484
33	33	0.18646
33	34	0.16191
33	35	0.14069
33	36	0.12237
33	37	0.10655
33	38	0.09287
33	39	0.08102
33	40	0.07074
33	41	0.06178
33	42	0.05394
33	43	0.04704
33	44	0.04095
33	45	0.03552
33	46	0.03065
33	47	0.02625
33	48	0.02224
33	49	0.01854
33	50	0.01509
33	51	0.01184
33	52	0.00875
33	53	0.00578
33	54	0.00287
33	55	0.00000
34	0	0.00000
34	1	0.10605
34	2	0.21164
34	3	0.31626
34	4	0.41924
34	5	0.51975
34	6	0.61696
34	7	0.71057
34	8	0.80191
34	9	0.89502
34	10	1.00000
34	11	1.00000
34	12	1.00000
34	13	1.00000
34	14	1.00000
34	15	1.00000
34	16	1.00000
34	17	1.00000
34	18	1.00000
34	19	1.00000
34	20	1.00000
34	21	1.00000
34	22	1.00000
34	23	0.87270
34	24	0.77132
34	25	0.68401
34	26	0.60633
34	27	0.53637
34	28	0.47345
34	29	0.41722
34	30	0.36725
34	31	0.32308
34	32	0.28419
34	33	0.25002
34	34	0.22007
34	35	0.19382
34	36	0.17082
34	37	0.15065
34	38	0.13294
34	39	0.11735
34	40	0.10358
34	41	0.09140
34	42	0.08056
34	43	0.07087
34	44	0.06218
34	45	0.05431
34	46	0.04716
34	47	0.04061
34	48	0.03456
34	49	0.02892
34	50	0.02361
34	51	0.01858
34	52	0.01376
34	53	0.00909
34	54	0.00452
34	55	0.00000
35	0	0.00000
35	1	0.11918
35	2	0.23806
35	3	0.35621
35	4	0.47292
35	5	0.58704
35	6	0.69694
35	7	0.80105
35	8	0.90074
35	9	1.00000
35	10	1.00000
35	11	1.00000
35	12	1.00000
35	13	1.00000
35	14	1.00000
35	15	1.00000
35	16	1.00000
35	17	1.00000
35	18	1.00000
35	19	1.00000
35	20	1.00000
35	21	1.00000
35	22	1.00000
35	23	1.00000
35	24	0.89226
35	25	0.79773
35	26	0.71242
35	27	0.63443
35	28	0.56374
35	29	0.50028
35	30	0.44366
35	31	0.39336
35	32	0.34880
35	33	0.30937
35	34	0.27452
35	35	0.24370
35	36	0.21644
35	37	0.19230
35	38	0.17088
35	39	0.15184
35	40	0.13486
35	41	0.11967
35	42	0.10603
35	43	0.09372
35	44	0.08257
35	45	0.07240
35	46	0.06307
35	47	0.05447
35	48	0.04646
35	49	0.03896
35	50	0.03187
35	51	0.02511
35	52	0.01862
35	53	0.01231
35	54	0.00612
35	55	0.00000
36	0	0.00000
36	1	0.13261
36	2	0.26521
36	3	0.39760
36	4	0.52918
36	5	0.65854
36	6	0.78273
36	7	0.89594
36	8	1.00000
36	9	1.00000
36	10	1.00000
36	11	1.00000
36	12	1.00000
36	13	1.00000
36	14	1.00000
36	15	1.00000
36	16	1.00000
36	17	1.00000
36	18	1.00000
36	19	1.00000
36	20	1.00000
36	21	1.00000
36	22	1.00000
36	23	1.00000
36	24	1.00000
36	25	0.90223
36	26	0.81118
36	27	0.72519
36	28	0.64682
36	29	0.57648
36	30	0.51374
36	31	0.45791
36	32	0.40828
36	33	0.36416
36	34	0.32493
36	35	0.29003
36	36	0.25895
36	37	0.23123
36	38	0.20645
36	39	0.18427
36	40	0.16434
36	41	0.14639
36	42	0.13016
36	43	0.11542
36	44	0.10197
36	45	0.08964
36	46	0.07827
36	47	0.06772
36	48	0.05786
36	49	0.04859
36	50	0.03979
36	51	0.03139
36	52	0.02328
36	53	0.01540
36	54	0.00766
36	55	0.00000
37	0	0.00000
37	1	0.14606
37	2	0.29257
37	3	0.43981
37	4	0.58765
37	5	0.73521
37	6	0.87949
37	7	1.00000
37	8	1.00000
37	9	1.00000
37	10	1.00000
37	11	1.00000
37	12	1.00000
37	13	1.00000
37	14	1.00000
37	15	1.00000
37	16	1.00000
37	17	1.00000
37	18	1.00000
37	19	1.00000
37	20	1.00000
37	21	1.00000
37	22	1.00000
37	23	1.00000
37	24	1.00000
37	25	1.00000
37	26	0.90488
37	27	0.80835
37	28	0.72185
37	29	0.64509
37	30	0.57692
37	31	0.51627
37	32	0.46224
37	33	0.41404
37	34	0.37101
37	35	0.33254
37	36	0.29809
37	37	0.26720
37	38	0.23944
37	39	0.21444
37	40	0.19185
37	41	0.17140
37	42	0.15280
37	43	0.13582
37	44	0.12026
37	45	0.10592
37	46	0.09264
37	47	0.08028
37	48	0.06868
37	49	0.05773
37	50	0.04733
37	51	0.03736
37	52	0.02773
37	53	0.01835
37	54	0.00913
37	55	0.00000
38	0	0.00000
38	1	0.15904
38	2	0.31920
38	3	0.48144
38	4	0.64639
38	5	0.81518
38	6	1.00000
38	7	1.00000
38	8	1.00000
38	9	1.00000
38	10	1.00000
38	11	1.00000
38	12	1.00000
38	13	1.00000
38	14	1.00000
38	15	1.00000
38	16	1.00000
38	17	1.00000
38	18	1.00000
38	19	1.00000
38	20	1.00000
38	21	1.00000
38	22	1.00000
38	23	1.00000
38	24	1.00000
38	25	1.00000
38	26	1.00000
38	27	0.88146
38	28	0.78713
38	29	0.70513
38	30	0.63257
38	31	0.56800
38	32	0.51035
38	33	0.45877
38	34	0.41254
38	35	0.37102
38	36	0.33369
38	37	0.30004
38	38	0.26967
38	39	0.24218
38	40	0.21724
38	41	0.19454
38	42	0.17381
38	43	0.15481
38	44	0.13732
38	45	0.12115
38	46	0.10611
38	47	0.09206
38	48	0.07885
38	49	0.06634
38	50	0.05443
38	51	0.04299
38	52	0.03192
38	53	0.02113
38	54	0.01052
38	55	0.00000
39	0	0.00000
39	1	0.17092
39	2	0.34375
39	3	0.52034
39	4	0.70130
39	5	0.87912
39	6	1.00000
39	7	1.00000
39	8	1.00000
39	9	1.00000
39	10	1.00000
39	11	1.00000
39	12	1.00000
39	13	1.00000
39	14	1.00000
39	15	1.00000
39	16	1.00000
39	17	1.00000
39	18	1.00000
39	19	1.00000
39	20	1.00000
39	21	1.00000
39	22	1.00000
39	23	1.00000
39	24	1.00000
39	25	1.00000
39	26	1.00000
39	27	0.93038
39	28	0.84006
39	29	0.75573
39	30	0.68024
39	31	0.61281
39	32	0.55241
39	33	0.49816
39	34	0.44934
39	35	0.40533
39	36	0.36558
39	37	0.32962
39	38	0.29701
39	39	0.26738
39	40	0.24038
39	41	0.21571
39	42	0.19310
39	43	0.17229
39	44	0.15307
39	45	0.13523
39	46	0.11860
39	47	0.10301
39	48	0.08831
39	49	0.07436
39	50	0.06105
39	51	0.04824
39	52	0.03584
39	53	0.02373
39	54	0.01182
39	55	0.00000
40	0	0.00000
40	1	0.18088
40	2	0.36456
40	3	0.55486
40	4	0.75934
40	5	1.00000
40	6	1.00000
40	7	1.00000
40	8	1.00000
40	9	1.00000
40	10	1.00000
40	11	1.00000
40	12	1.00000
40	13	1.00000
40	14	1.00000
40	15	1.00000
40	16	1.00000
40	17	1.00000
40	18	1.00000
40	19	1.00000
40	20	1.00000
40	21	1.00000
40	22	1.00000
40	23	1.00000
40	24	1.00000
40	25	1.00000
40	26	1.00000
40	27	1.00000
40	28	0.88702
40	29	0.79749
40	30	0.71984
40	31	0.65059
40	32	0.58831
40	33	0.53212
40	34	0.48134
40	35	0.43537
40	36	0.39369
40	37	0.35584
40	38	0.32138
40	39	0.28995
40	40	0.26120
40	41	0.23484
40	42	0.21058
40	43	0.18818
40	44	0.16743
40	45	0.14811
40	46	0.13004
40	47	0.11306
40	48	0.09701
40	49	0.08175
40	50	0.06716
40	51	0.05310
40	52	0.03946
40	53	0.02614
40	54	0.01302
40	55	0.00000
41	0	0.00000
41	1	0.18804
41	2	0.37874
41	3	0.57519
41	4	0.78121
41	5	1.00000
41	6	1.00000
41	7	1.00000
41	8	1.00000
41	9	1.00000
41	10	1.00000
41	11	1.00000
41	12	1.00000
41	13	1.00000
41	14	1.00000
41	15	1.00000
41	16	1.00000
41	17	1.00000
41	18	1.00000
41	19	1.00000
41	20	1.00000
41	21	1.00000
41	22	1.00000
41	23	1.00000
41	24	1.00000
41	25	1.00000
41	26	1.00000
41	27	1.00000
41	28	0.91052
41	29	0.82738
41	30	0.75104
41	31	0.68140
41	32	0.61812
41	33	0.56067
41	34	0.50852
41	35	0.46112
41	36	0.41798
41	37	0.37865
41	38	0.34272
41	39	0.30983
41	40	0.27964
41	41	0.25185
41	42	0.22620
41	43	0.20244
41	44	0.18035
41	45	0.15973
41	46	0.14040
41	47	0.12218
41	48	0.10492
41	49	0.08849
41	50	0.07273
41	51	0.05753
41	52	0.04277
41	53	0.02834
41	54	0.01412
41	55	0.00000
42	0	0.00000
42	1	0.19254
42	2	0.38718
42	3	0.58594
42	4	0.79033
42	5	1.00000
42	6	1.00000
42	7	1.00000
42	8	1.00000
42	9	1.00000
42	10	1.00000
42	11	1.00000
42	12	1.00000
42	13	1.00000
42	14	1.00000
42	15	1.00000
42	16	1.00000
42	17	1.00000
42	18	1.00000
42	19	1.00000
42	20	1.00000
42	21	1.00000
42	22	1.00000
42	23	1.00000
42	24	1.00000
42	25	1.00000
42	26	1.00000
42	27	1.00000
42	28	0.92768
42	29	0.85046
42	30	0.77552
42	31	0.70586
42	32	0.64208
42	33	0.58393
42	34	0.53095
42	35	0.48261
42	36	0.43847
42	37	0.39807
42	38	0.36103
42	39	0.32700
42	40	0.29566
42	41	0.26672
42	42	0.23992
42	43	0.21502
42	44	0.19180
42	45	0.17007
42	46	0.14964
42	47	0.13034
42	48	0.11202
42	49	0.09453
42	50	0.07775
42	51	0.06153
42	52	0.04576
42	53	0.03032
42	54	0.01511
42	55	0.00000
43	0	0.00000
43	1	0.19494
43	2	0.39151
43	3	0.59105
43	4	0.79416
43	5	1.00000
43	6	1.00000
43	7	1.00000
43	8	1.00000
43	9	1.00000
43	10	1.00000
43	11	1.00000
43	12	1.00000
43	13	1.00000
43	14	1.00000
43	15	1.00000
43	16	1.00000
43	17	1.00000
43	18	1.00000
43	19	1.00000
43	20	1.00000
43	21	1.00000
43	22	1.00000
43	23	1.00000
43	24	1.00000
43	25	1.00000
43	26	1.00000
43	27	1.00000
43	28	0.94974
43	29	0.87127
43	30	0.79474
43	31	0.72445
43	32	0.66041
43	33	0.60203
43	34	0.54871
43	35	0.49992
43	36	0.45520
43	37	0.41413
43	38	0.37634
43	39	0.34149
43	40	0.30929
43	41	0.27946
43	42	0.25175
43	43	0.22592
43	44	0.20177
43	45	0.17911
43	46	0.15775
43	47	0.13752
43	48	0.11828
43	49	0.09988
43	50	0.08219
43	51	0.06508
43	52	0.04842
43	53	0.03209
43	54	0.01599
43	55	0.00000
44	0	0.00000
44	1	0.19571
44	2	0.39287
44	3	0.59260
44	4	0.79526
44	5	1.00000
44	6	1.00000
44	7	1.00000
44	8	1.00000
44	9	1.00000
44	10	1.00000
44	11	1.00000
44	12	1.00000
44	13	1.00000
44	14	1.00000
44	15	1.00000
44	16	1.00000
44	17	1.00000
44	18	1.00000
44	19	1.00000
44	20	1.00000
44	21	1.00000
44	22	1.00000
44	23	1.00000
44	24	1.00000
44	25	1.00000
44	26	1.00000
44	27	1.00000
44	28	1.00000
44	29	0.89016
44	30	0.80769
44	31	0.73678
44	32	0.67309
44	33	0.61508
44	34	0.56195
44	35	0.51317
44	36	0.46828
44	37	0.42690
44	38	0.38869
44	39	0.35334
44	40	0.32055
44	41	0.29008
44	42	0.26169
44	43	0.23515
44	44	0.21026
44	45	0.18684
44	46	0.16471
44	47	0.14372
44	48	0.12370
44	49	0.10453
44	50	0.08606
44	51	0.06817
44	52	0.05073
44	53	0.03364
44	54	0.01676
44	55	0.00000
45	0	0.00000
45	1	0.19504
45	2	0.39167
45	3	0.59122
45	4	0.79427
45	5	1.00000
45	6	1.00000
45	7	1.00000
45	8	1.00000
45	9	1.00000
45	10	1.00000
45	11	1.00000
45	12	1.00000
45	13	1.00000
45	14	1.00000
45	15	1.00000
45	16	1.00000
45	17	1.00000
45	18	1.00000
45	19	1.00000
45	20	1.00000
45	21	1.00000
45	22	1.00000
45	23	1.00000
45	24	1.00000
45	25	1.00000
45	26	1.00000
45	27	1.00000
45	28	0.95525
45	29	0.88167
45	30	0.80911
45	31	0.74188
45	32	0.68008
45	33	0.62323
45	34	0.57085
45	35	0.52252
45	36	0.47785
45	37	0.43651
45	38	0.39819
45	39	0.36261
45	40	0.32950
45	41	0.29863
45	42	0.26977
45	43	0.24272
45	44	0.21728
45	45	0.19328
45	46	0.17055
45	47	0.14893
45	48	0.12829
45	49	0.10847
45	50	0.08935
45	51	0.07080
45	52	0.05271
45	53	0.03496
45	54	0.01742
45	55	0.00000
46	0	0.00000
46	1	0.19276
46	2	0.38755
46	3	0.58633
46	4	0.79059
46	5	1.00000
46	6	1.00000
46	7	1.00000
46	8	1.00000
46	9	1.00000
46	10	1.00000
46	11	1.00000
46	12	1.00000
46	13	1.00000
46	14	1.00000
46	15	1.00000
46	16	1.00000
46	17	1.00000
46	18	1.00000
46	19	1.00000
46	20	1.00000
46	21	1.00000
46	22	1.00000
46	23	1.00000
46	24	1.00000
46	25	1.00000
46	26	1.00000
46	27	1.00000
46	28	0.93934
46	29	0.87215
46	30	0.80519
46	31	0.74156
46	32	0.68213
46	33	0.62692
46	34	0.57571
46	35	0.52820
46	36	0.48409
46	37	0.44310
46	38	0.40495
46	39	0.36941
46	40	0.33622
46	41	0.30516
46	42	0.27605
46	43	0.24867
46	44	0.22286
46	45	0.19845
46	46	0.17527
46	47	0.15318
46	48	0.13204
46	49	0.11171
46	50	0.09207
46	51	0.07299
46	52	0.05436
46	53	0.03605
46	54	0.01797
46	55	0.00000
47	0	0.00000
47	1	0.18845
47	2	0.37945
47	3	0.57597
47	4	0.78176
47	5	1.00000
47	6	1.00000
47	7	1.00000
47	8	1.00000
47	9	1.00000
47	10	1.00000
47	11	1.00000
47	12	1.00000
47	13	1.00000
47	14	1.00000
47	15	1.00000
47	16	1.00000
47	17	1.00000
47	18	1.00000
47	19	1.00000
47	20	1.00000
47	21	1.00000
47	22	1.00000
47	23	1.00000
47	24	1.00000
47	25	1.00000
47	26	1.00000
47	27	1.00000
47	28	0.92995
47	29	0.86240
47	30	0.79793
47	31	0.73704
47	32	0.67995
47	33	0.62661
47	34	0.57686
47	35	0.53047
47	36	0.48721
47	37	0.44684
47	38	0.40912
47	39	0.37384
47	40	0.34079
47	41	0.30976
47	42	0.28058
47	43	0.25307
47	44	0.22705
47	45	0.20238
47	46	0.17890
47	47	0.15648
47	48	0.13498
47	49	0.11426
47	50	0.09422
47	51	0.07473
47	52	0.05567
47	53	0.03693
47	54	0.01841
47	55	0.00000
48	0	0.00000
48	1	0.18161
48	2	0.36583
48	3	0.55633
48	4	0.76048
48	5	1.00000
48	6	1.00000
48	7	1.00000
48	8	1.00000
48	9	1.00000
48	10	1.00000
48	11	1.00000
48	12	1.00000
48	13	1.00000
48	14	1.00000
48	15	1.00000
48	16	1.00000
48	17	1.00000
48	18	1.00000
48	19	1.00000
48	20	1.00000
48	21	1.00000
48	22	1.00000
48	23	1.00000
48	24	1.00000
48	25	1.00000
48	26	1.00000
48	27	1.00000
48	28	0.91807
48	29	0.84958
48	30	0.78708
48	31	0.72873
48	32	0.67402
48	33	0.62272
48	34	0.57465
48	35	0.52963
48	36	0.48745
48	37	0.44792
48	38	0.41085
48	39	0.37605
48	40	0.34333
48	41	0.31252
48	42	0.28345
48	43	0.25596
48	44	0.22990
48	45	0.20512
48	46	0.18148
48	47	0.15886
48	48	0.13712
48	49	0.11615
48	50	0.09582
48	51	0.07603
48	52	0.05665
48	53	0.03760
48	54	0.01875
48	55	0.00000
49	0	0.00000
49	1	0.17213
49	2	0.34595
49	3	0.52304
49	4	0.70382
49	5	0.88062
49	6	1.00000
49	7	1.00000
49	8	1.00000
49	9	1.00000
49	10	1.00000
49	11	1.00000
49	12	1.00000
49	13	1.00000
49	14	1.00000
49	15	1.00000
49	16	1.00000
49	17	1.00000
49	18	1.00000
49	19	1.00000
49	20	1.00000
49	21	1.00000
49	22	1.00000
49	23	1.00000
49	24	1.00000
49	25	1.00000
49	26	1.00000
49	27	0.95534
49	28	0.89273
49	29	0.83078
49	30	0.77209
49	31	0.71678
49	32	0.66467
49	33	0.61559
49	34	0.56940
49	35	0.52593
49	36	0.48504
49	37	0.44655
49	38	0.41032
49	39	0.37618
49	40	0.34397
49	41	0.31354
49	42	0.28474
49	43	0.25742
49	44	0.23146
49	45	0.20671
49	46	0.18305
49	47	0.16036
49	48	0.13851
49	49	0.11739
49	50	0.09689
49	51	0.07691
49	52	0.05733
49	53	0.03805
49	54	0.01898
49	55	0.00000
50	0	0.00000
50	1	0.16098
50	2	0.32278
50	3	0.48607
50	4	0.65114
50	5	0.81867
50	6	1.00000
50	7	1.00000
50	8	1.00000
50	9	1.00000
50	10	1.00000
50	11	1.00000
50	12	1.00000
50	13	1.00000
50	14	1.00000
50	15	1.00000
50	16	1.00000
50	17	1.00000
50	18	1.00000
50	19	1.00000
50	20	1.00000
50	21	1.00000
50	22	1.00000
50	23	1.00000
50	24	1.00000
50	25	1.00000
50	26	1.00000
50	27	0.92863
50	28	0.86674
50	29	0.80870
50	30	0.75373
50	31	0.70164
50	32	0.65229
50	33	0.60558
50	34	0.56141
50	35	0.51966
50	36	0.48021
50	37	0.44293
50	38	0.40770
50	39	0.37437
50	40	0.34282
50	41	0.31292
50	42	0.28454
50	43	0.25754
50	44	0.23181
50	45	0.20722
50	46	0.18366
50	47	0.16101
50	48	0.13916
50	49	0.11801
50	50	0.09745
50	51	0.07738
50	52	0.05770
50	53	0.03830
50	54	0.01910
50	55	0.00000
51	0	0.00000
51	1	0.14900
51	2	0.29813
51	3	0.44731
51	4	0.59601
51	5	0.74292
51	6	0.88449
51	7	1.00000
51	8	1.00000
51	9	1.00000
51	10	1.00000
51	11	1.00000
51	12	1.00000
51	13	1.00000
51	14	1.00000
51	15	1.00000
51	16	1.00000
51	17	1.00000
51	18	1.00000
51	19	1.00000
51	20	1.00000
51	21	1.00000
51	22	1.00000
51	23	1.00000
51	24	1.00000
51	25	1.00000
51	26	0.94935
51	27	0.89243
51	28	0.83690
51	29	0.78356
51	30	0.73250
51	31	0.68374
51	32	0.63727
51	33	0.59304
51	34	0.55101
51	35	0.51109
51	36	0.47321
51	37	0.43727
51	38	0.40316
51	39	0.37079
51	40	0.34004
51	41	0.31079
51	42	0.28295
51	43	0.25639
51	44	0.23101
51	45	0.20670
51	46	0.18335
51	47	0.16085
51	48	0.13912
51	49	0.11804
51	50	0.09752
51	51	0.07747
51	52	0.05778
51	53	0.03837
51	54	0.01914
51	55	0.00000
52	0	0.00000
52	1	0.13689
52	2	0.27342
52	3	0.40902
52	4	0.54267
52	5	0.67251
52	6	0.79503
52	7	0.90385
52	8	1.00000
52	9	1.00000
52	10	1.00000
52	11	1.00000
52	12	1.00000
52	13	1.00000
52	14	1.00000
52	15	1.00000
52	16	1.00000
52	17	1.00000
52	18	1.00000
52	19	1.00000
52	20	1.00000
52	21	1.00000
52	22	1.00000
52	23	1.00000
52	24	1.00000
52	25	0.95317
52	26	0.90498
52	27	0.85483
52	28	0.80489
52	29	0.75613
52	30	0.70896
52	31	0.66355
52	32	0.62000
52	33	0.57831
52	34	0.53848
52	35	0.50049
52	36	0.46427
52	37	0.42976
52	38	0.39690
52	39	0.36558
52	40	0.33574
52	41	0.30727
52	42	0.28007
52	43	0.25406
52	44	0.22914
52	45	0.20521
52	46	0.18218
52	47	0.15994
52	48	0.13842
52	49	0.11751
52	50	0.09713
52	51	0.07718
52	52	0.05758
52	53	0.03824
52	54	0.01908
52	55	0.00000
53	0	0.00000
53	1	0.12515
53	2	0.24965
53	3	0.37269
53	4	0.49315
53	5	0.60941
53	6	0.71926
53	7	0.82038
53	8	0.91313
53	9	1.00000
53	10	1.00000
53	11	1.00000
53	12	1.00000
53	13	1.00000
53	14	1.00000
53	15	1.00000
53	16	1.00000
53	17	1.00000
53	18	1.00000
53	19	1.00000
53	20	1.00000
53	21	1.00000
53	22	1.00000
53	23	1.00000
53	24	0.95301
53	25	0.90771
53	26	0.86255
53	27	0.81702
53	28	0.77169
53	29	0.72711
53	30	0.68365
53	31	0.64152
53	32	0.60086
53	33	0.56171
53	34	0.52413
53	35	0.48811
53	36	0.45362
53	37	0.42062
53	38	0.38908
53	39	0.35891
53	40	0.33007
53	41	0.30246
53	42	0.27601
53	43	0.25065
53	44	0.22628
53	45	0.20283
53	46	0.18021
53	47	0.15832
53	48	0.13710
53	49	0.11646
53	50	0.09630
53	51	0.07655
53	52	0.05713
53	53	0.03795
53	54	0.01893
53	55	0.00000
54	0	0.00000
54	1	0.11406
54	2	0.22733
54	3	0.33894
54	4	0.44783
54	5	0.55272
54	6	0.65222
54	7	0.74527
54	8	0.83213
54	9	0.91498
54	10	1.00000
54	11	1.00000
54	12	1.00000
54	13	1.00000
54	14	1.00000
54	15	1.00000
54	16	1.00000
54	17	1.00000
54	18	1.00000
54	19	1.00000
54	20	1.00000
54	21	1.00000
54	22	1.00000
54	23	0.94881
54	24	0.90433
54	25	0.86211
54	26	0.82050
54	27	0.77901
54	28	0.73774
54	29	0.69698
54	30	0.65701
54	31	0.61803
54	32	0.58019
54	33	0.54356
54	34	0.50822
54	35	0.47419
54	36	0.44147
54	37	0.41004
54	38	0.37987
54	39	0.35093
54	40	0.32315
54	41	0.29649
54	42	0.27088
54	43	0.24624
54	44	0.22251
54	45	0.19962
54	46	0.17749
54	47	0.15605
54	48	0.13521
54	49	0.11491
54	50	0.09506
54	51	0.07559
54	52	0.05643
54	53	0.03749
54	54	0.01871
54	55	0.00000
55	0	0.00000
55	1	0.10374
55	2	0.20667
55	3	0.30791
55	4	0.40651
55	5	0.50143
55	6	0.59164
55	7	0.67634
55	8	0.75515
55	9	0.82779
55	10	0.89219
55	11	0.93579
55	12	1.00000
55	13	1.00000
55	14	1.00000
55	15	1.00000
55	16	1.00000
55	17	1.00000
55	18	1.00000
55	19	1.00000
55	20	1.00000
55	21	0.95418
55	22	0.92723
55	23	0.89091
55	24	0.85340
55	25	0.81588
55	26	0.77835
55	27	0.74077
55	28	0.70327
55	29	0.66607
55	30	0.62939
55	31	0.59341
55	32	0.55829
55	33	0.52413
55	34	0.49101
55	35	0.45896
55	36	0.42802
55	37	0.39819
55	38	0.36944
55	39	0.34177
55	40	0.31513
55	41	0.28947
55	42	0.26476
55	43	0.24092
55	44	0.21791
55	45	0.19565
55	46	0.17409
55	47	0.15316
55	48	0.13279
55	49	0.11291
55	50	0.09344
55	51	0.07433
55	52	0.05550
55	53	0.03689
55	54	0.01841
55	55	0.00000
56	0	0.00000
56	1	0.09425
56	2	0.18770
56	3	0.27952
56	4	0.36887
56	5	0.45484
56	6	0.53658
56	7	0.61331
56	8	0.68434
56	9	0.74883
56	10	0.80519
56	11	0.85098
56	12	0.89166
56	13	0.90990
56	14	0.91947
56	15	0.92489
56	16	0.92783
56	17	0.92884
56	18	0.92784
56	19	0.92392
56	20	0.91418
56	21	0.88948
56	22	0.86382
56	23	0.83422
56	24	0.80248
56	25	0.76967
56	26	0.73624
56	27	0.70245
56	28	0.66851
56	29	0.63464
56	30	0.60105
56	31	0.56794
56	32	0.53543
56	33	0.50366
56	34	0.47271
56	35	0.44263
56	36	0.41347
56	37	0.38524
56	38	0.35795
56	39	0.33158
56	40	0.30612
56	41	0.28152
56	42	0.25776
56	43	0.23478
56	44	0.21254
56	45	0.19099
56	46	0.17007
56	47	0.14971
56	48	0.12987
56	49	0.11048
56	50	0.09147
56	51	0.07279
56	52	0.05437
56	53	0.03614
56	54	0.01804
56	55	0.00000
57	0	0.00000
57	1	0.08555
57	2	0.17034
57	3	0.25362
57	4	0.33460
57	5	0.41249
57	6	0.48653
57	7	0.55596
57	8	0.62007
57	9	0.67802
57	10	0.72876
57	11	0.77129
57	12	0.80574
57	13	0.82849
57	14	0.84308
57	15	0.85226
57	16	0.85758
57	17	0.85969
57	18	0.85860
57	19	0.85365
57	20	0.84333
57	21	0.82575
57	22	0.80434
57	23	0.77965
57	24	0.75263
57	25	0.72407
57	26	0.69450
57	27	0.66427
57	28	0.63367
57	29	0.60292
57	30	0.57226
57	31	0.54185
57	32	0.51184
57	33	0.48237
57	34	0.45353
57	35	0.42539
57	36	0.39799
57	37	0.37137
57	38	0.34553
57	39	0.32049
57	40	0.29623
57	41	0.27273
57	42	0.24997
57	43	0.22790
57	44	0.20649
57	45	0.18570
57	46	0.16547
57	47	0.14576
57	48	0.12651
57	49	0.10767
57	50	0.08918
57	51	0.07099
57	52	0.05304
57	53	0.03526
57	54	0.01760
57	55	0.00000
58	0	0.00000
58	1	0.07761
58	2	0.15451
58	3	0.23002
58	4	0.30341
58	5	0.37400
58	6	0.44107
58	7	0.50395
58	8	0.56197
58	9	0.61440
58	10	0.66052
58	11	0.69969
58	12	0.73151
58	13	0.75525
58	14	0.77210
58	15	0.78351
58	16	0.79053
58	17	0.79373
58	18	0.79323
58	19	0.78875
58	20	0.77973
58	21	0.76584
58	22	0.74816
58	23	0.72742
58	24	0.70432
58	25	0.67949
58	26	0.65342
58	27	0.62648
58	28	0.59896
58	29	0.57113
58	30	0.54320
58	31	0.51534
58	32	0.48772
58	33	0.46046
58	34	0.43366
58	35	0.40740
58	36	0.38173
58	37	0.35670
58	38	0.33232
58	39	0.30862
58	40	0.28559
58	41	0.26321
58	42	0.24148
58	43	0.22036
58	44	0.19983
58	45	0.17984
58	46	0.16036
58	47	0.14134
58	48	0.12274
58	49	0.10451
58	50	0.08660
58	51	0.06895
58	52	0.05153
58	53	0.03426
58	54	0.01710
58	55	0.00000
59	0	0.00000
59	1	0.07036
59	2	0.14008
59	3	0.20852
59	4	0.27504
59	5	0.33901
59	6	0.39980
59	7	0.45681
59	8	0.50944
59	9	0.55710
59	10	0.59925
59	11	0.63543
59	12	0.66535
59	13	0.68889
59	14	0.70656
59	15	0.71914
59	16	0.72730
59	17	0.73148
59	18	0.73185
59	19	0.72840
59	20	0.72100
59	21	0.70971
59	22	0.69504
59	23	0.67754
59	24	0.65774
59	25	0.63616
59	26	0.61321
59	27	0.58925
59	28	0.56458
59	29	0.53945
59	30	0.51406
59	31	0.48861
59	32	0.46324
59	33	0.43809
59	34	0.41325
59	35	0.38881
59	36	0.36483
59	37	0.34137
59	38	0.31844
59	39	0.29608
59	40	0.27428
59	41	0.25305
59	42	0.23238
59	43	0.21224
59	44	0.19261
59	45	0.17347
59	46	0.15478
59	47	0.13650
59	48	0.11860
59	49	0.10103
59	50	0.08374
59	51	0.06670
59	52	0.04985
59	53	0.03315
59	54	0.01655
59	55	0.00000
60	0	0.00000
60	1	0.06376
60	2	0.12693
60	3	0.18895
60	4	0.24922
60	5	0.30720
60	6	0.36232
60	7	0.41405
60	8	0.46187
60	9	0.50531
60	10	0.54394
60	11	0.57744
60	12	0.60559
60	13	0.62839
60	14	0.64611
60	15	0.65919
60	16	0.66805
60	17	0.67302
60	18	0.67430
60	19	0.67198
60	20	0.66615
60	21	0.65696
60	22	0.64476
60	23	0.62995
60	24	0.61296
60	25	0.59418
60	26	0.57400
60	27	0.55274
60	28	0.53066
60	29	0.50801
60	30	0.48500
60	31	0.46179
60	32	0.43855
60	33	0.41540
60	34	0.39244
60	35	0.36976
60	36	0.34743
60	37	0.32550
60	38	0.30400
60	39	0.28297
60	40	0.26242
60	41	0.24234
60	42	0.22274
60	43	0.20360
60	44	0.18492
60	45	0.16665
60	46	0.14879
60	47	0.13129
60	48	0.11413
60	49	0.09726
60	50	0.08065
60	51	0.06425
60	52	0.04804
60	53	0.03195
60	54	0.01595
60	55	0.00000
61	0	0.00000
61	1	0.05773
61	2	0.11494
61	3	0.17110
61	4	0.22571
61	5	0.27824
61	6	0.32823
61	7	0.37519
61	8	0.41869
61	9	0.45833
61	10	0.49378
61	11	0.52478
61	12	0.55117
61	13	0.57297
61	14	0.59032
61	15	0.60346
61	16	0.61270
61	17	0.61826
61	18	0.62034
61	19	0.61909
61	20	0.61466
61	21	0.60723
61	22	0.59709
61	23	0.58455
61	24	0.56994
61	25	0.55362
61	26	0.53589
61	27	0.51703
61	28	0.49731
61	29	0.47694
61	30	0.45612
61	31	0.43501
61	32	0.41377
61	33	0.39251
61	34	0.37135
61	35	0.35036
61	36	0.32963
61	37	0.30919
61	38	0.28910
61	39	0.26939
61	40	0.25007
61	41	0.23115
61	42	0.21263
61	43	0.19452
61	44	0.17679
61	45	0.15944
61	46	0.14243
61	47	0.12575
61	48	0.10936
61	49	0.09323
61	50	0.07733
61	51	0.06163
61	52	0.04608
61	53	0.03066
61	54	0.01531
61	55	0.00000
62	0	0.00000
62	1	0.05223
62	2	0.10400
62	3	0.15483
62	4	0.20426
62	5	0.25184
62	6	0.29716
62	7	0.33979
62	8	0.37937
62	9	0.41555
62	10	0.44807
62	11	0.47671
62	12	0.50136
62	13	0.52200
62	14	0.53871
62	15	0.55165
62	16	0.56101
62	17	0.56697
62	18	0.56971
62	19	0.56938
62	20	0.56616
62	21	0.56022
62	22	0.55181
62	23	0.54120
62	24	0.52865
62	25	0.51446
62	26	0.49890
62	27	0.48220
62	28	0.46461
62	29	0.44632
62	30	0.42752
62	31	0.40837
62	32	0.38900
62	33	0.36953
62	34	0.35008
62	35	0.33072
62	36	0.31152
62	37	0.29254
62	38	0.27383
62	39	0.25541
62	40	0.23731
62	41	0.21955
62	42	0.20213
62	43	0.18505
62	44	0.16830
62	45	0.15187
62	46	0.13575
62	47	0.11991
62	48	0.10432
62	49	0.08897
62	50	0.07383
62	51	0.05885
62	52	0.04401
62	53	0.02928
62	54	0.01462
62	55	0.00000
63	0	0.00000
63	1	0.04721
63	2	0.09399
63	3	0.13994
63	4	0.18465
63	5	0.22772
63	6	0.26877
63	7	0.30745
63	8	0.34343
63	9	0.37644
63	10	0.40623
63	11	0.43264
63	12	0.45556
63	13	0.47496
63	14	0.49088
63	15	0.50343
63	16	0.51272
63	17	0.51891
63	18	0.52215
63	19	0.52258
63	20	0.52036
63	21	0.51569
63	22	0.50875
63	23	0.49978
63	24	0.48901
63	25	0.47668
63	26	0.46303
63	27	0.44827
63	28	0.43260
63	29	0.41621
63	30	0.39928
63	31	0.38194
63	32	0.36432
63	33	0.34655
63	34	0.32872
63	35	0.31091
63	36	0.29319
63	37	0.27562
63	38	0.25825
63	39	0.24111
63	40	0.22423
63	41	0.20762
63	42	0.19129
63	43	0.17525
63	44	0.15949
63	45	0.14400
63	46	0.12878
63	47	0.11381
63	48	0.09906
63	49	0.08451
63	50	0.07015
63	51	0.05593
63	52	0.04184
63	53	0.02784
63	54	0.01390
63	55	0.00000
64	0	0.00000
64	1	0.04260
64	2	0.08482
64	3	0.12630
64	4	0.16668
64	5	0.20561
64	6	0.24275
64	7	0.27780
64	8	0.31048
64	9	0.34054
64	10	0.36778
64	11	0.39206
64	12	0.41328
64	13	0.43140
64	14	0.44643
64	15	0.45845
64	16	0.46753
64	17	0.47380
64	18	0.47739
64	19	0.47841
64	20	0.47703
64	21	0.47341
64	22	0.46772
64	23	0.46016
64	24	0.45093
64	25	0.44023
64	26	0.42827
64	27	0.41524
64	28	0.40131
64	29	0.38666
64	30	0.37144
64	31	0.35578
64	32	0.33981
64	33	0.32363
64	34	0.30733
64	35	0.29101
64	36	0.27471
64	37	0.25851
64	38	0.24245
64	39	0.22656
64	40	0.21087
64	41	0.19540
64	42	0.18016
64	43	0.16516
64	44	0.15040
64	45	0.13587
64	46	0.12157
64	47	0.10748
64	48	0.09359
64	49	0.07988
64	50	0.06632
64	51	0.05289
64	52	0.03957
64	53	0.02633
64	54	0.01315
64	55	0.00000
65	0	0.00000
65	1	0.03836
65	2	0.07639
65	3	0.11377
65	4	0.15016
65	5	0.18528
65	6	0.21882
65	7	0.25052
65	8	0.28014
65	9	0.30746
65	10	0.33230
65	11	0.35454
65	12	0.37410
65	13	0.39092
65	14	0.40500
65	15	0.41639
65	16	0.42516
65	17	0.43139
65	18	0.43518
65	19	0.43666
65	20	0.43595
65	21	0.43320
65	22	0.42856
65	23	0.42221
65	24	0.41431
65	25	0.40504
65	26	0.39458
65	27	0.38310
65	28	0.37075
65	29	0.35768
65	30	0.34404
65	31	0.32994
65	32	0.31550
65	33	0.30082
65	34	0.28598
65	35	0.27107
65	36	0.25614
65	37	0.24126
65	38	0.22647
65	39	0.21180
65	40	0.19729
65	41	0.18295
65	42	0.16879
65	43	0.15484
65	44	0.14108
65	45	0.12752
65	46	0.11415
65	47	0.10096
65	48	0.08795
65	49	0.07508
65	50	0.06235
65	51	0.04974
65	52	0.03722
65	53	0.02477
65	54	0.01237
65	55	0.00000
66	0	0.00000
66	1	0.03446
66	2	0.06862
66	3	0.10221
66	4	0.13493
66	5	0.16653
66	6	0.19674
66	7	0.22533
66	8	0.25210
66	9	0.27684
66	10	0.29942
66	11	0.31972
66	12	0.33765
66	13	0.35317
66	14	0.36627
66	15	0.37697
66	16	0.38533
66	17	0.39140
66	18	0.39529
66	19	0.39709
66	20	0.39690
66	21	0.39487
66	22	0.39112
66	23	0.38580
66	24	0.37906
66	25	0.37105
66	26	0.36192
66	27	0.35182
66	28	0.34090
66	29	0.32928
66	30	0.31709
66	31	0.30443
66	32	0.29143
66	33	0.27816
66	34	0.26471
66	35	0.25114
66	36	0.23753
66	37	0.22393
66	38	0.21037
66	39	0.19690
66	40	0.18353
66	41	0.17031
66	42	0.15723
66	43	0.14431
66	44	0.13156
66	45	0.11897
66	46	0.10655
66	47	0.09427
66	48	0.08215
66	49	0.07015
66	50	0.05827
66	51	0.04649
66	52	0.03480
66	53	0.02316
66	54	0.01157
66	55	0.00000
67	0	0.00000
67	1	0.03084
67	2	0.06143
67	3	0.09150
67	4	0.12083
67	5	0.14916
67	6	0.17627
67	7	0.20197
67	8	0.22607
67	9	0.24840
67	10	0.26883
67	11	0.28726
67	12	0.30361
67	13	0.31783
67	14	0.32993
67	15	0.33989
67	16	0.34777
67	17	0.35361
67	18	0.35749
67	19	0.35949
67	20	0.35971
67	21	0.35826
67	22	0.35525
67	23	0.35081
67	24	0.34508
67	25	0.33817
67	26	0.33023
67	27	0.32138
67	28	0.31175
67	29	0.30145
67	30	0.29059
67	31	0.27929
67	32	0.26762
67	33	0.25568
67	34	0.24354
67	35	0.23127
67	36	0.21892
67	37	0.20654
67	38	0.19418
67	39	0.18188
67	40	0.16965
67	41	0.15752
67	42	0.14551
67	43	0.13362
67	44	0.12188
67	45	0.11026
67	46	0.09879
67	47	0.08744
67	48	0.07622
67	49	0.06510
67	50	0.05409
67	51	0.04317
67	52	0.03231
67	53	0.02151
67	54	0.01075
67	55	0.00000
68	0	0.00000
68	1	0.02748
68	2	0.05474
68	3	0.08156
68	4	0.10771
68	5	0.13300
68	6	0.15723
68	7	0.18022
68	8	0.20181
68	9	0.22185
68	10	0.24024
68	11	0.25687
68	12	0.27169
68	13	0.28464
68	14	0.29571
68	15	0.30491
68	16	0.31225
68	17	0.31778
68	18	0.32157
68	19	0.32368
68	20	0.32419
68	21	0.32320
68	22	0.32081
68	23	0.31713
68	24	0.31226
68	25	0.30633
68	26	0.29944
68	27	0.29172
68	28	0.28326
68	29	0.27417
68	30	0.26456
68	31	0.25450
68	32	0.24409
68	33	0.23341
68	34	0.22251
68	35	0.21147
68	36	0.20033
68	37	0.18914
68	38	0.17795
68	39	0.16678
68	40	0.15566
68	41	0.14461
68	42	0.13366
68	43	0.12280
68	44	0.11205
68	45	0.10142
68	46	0.09090
68	47	0.08048
68	48	0.07017
68	49	0.05996
68	50	0.04983
68	51	0.03977
68	52	0.02977
68	53	0.01982
68	54	0.00990
68	55	0.00000
69	0	0.00000
69	1	0.02435
69	2	0.04850
69	3	0.07227
69	4	0.09547
69	5	0.11791
69	6	0.13942
69	7	0.15986
69	8	0.17908
69	9	0.19697
69	10	0.21340
69	11	0.22831
69	12	0.24163
69	13	0.25333
69	14	0.26337
69	15	0.27177
69	16	0.27854
69	17	0.28371
69	18	0.28733
69	19	0.28946
69	20	0.29017
69	21	0.28955
69	22	0.28767
69	23	0.28463
69	24	0.28052
69	25	0.27544
69	26	0.26950
69	27	0.26279
69	28	0.25540
69	29	0.24743
69	30	0.23896
69	31	0.23007
69	32	0.22084
69	33	0.21134
69	34	0.20163
69	35	0.19176
69	36	0.18179
69	37	0.17175
69	38	0.16168
69	39	0.15162
69	40	0.14159
69	41	0.13162
69	42	0.12170
69	43	0.11187
69	44	0.10212
69	45	0.09246
69	46	0.08290
69	47	0.07342
69	48	0.06403
69	49	0.05473
69	50	0.04549
69	51	0.03631
69	52	0.02719
69	53	0.01810
69	54	0.00904
69	55	0.00000
70	0	0.00000
70	1	0.02141
70	2	0.04265
70	3	0.06356
70	4	0.08397
70	5	0.10373
70	6	0.12269
70	7	0.14073
70	8	0.15770
70	9	0.17352
70	10	0.18809
70	11	0.20134
70	12	0.21321
70	13	0.22366
70	14	0.23268
70	15	0.24026
70	16	0.24642
70	17	0.25118
70	18	0.25458
70	19	0.25666
70	20	0.25750
70	21	0.25715
70	22	0.25568
70	23	0.25319
70	24	0.24974
70	25	0.24542
70	26	0.24033
70	27	0.23453
70	28	0.22812
70	29	0.22118
70	30	0.21377
70	31	0.20598
70	32	0.19786
70	33	0.18948
70	34	0.18090
70	35	0.17216
70	36	0.16331
70	37	0.15438
70	38	0.14542
70	39	0.13644
70	40	0.12748
70	41	0.11855
70	42	0.10967
70	43	0.10085
70	44	0.09210
70	45	0.08342
70	46	0.07481
70	47	0.06628
70	48	0.05782
70	49	0.04942
70	50	0.04109
70	51	0.03280
70	52	0.02456
70	53	0.01636
70	54	0.00817
70	55	0.00000
71	0	0.00000
71	1	0.01864
71	2	0.03714
71	3	0.05535
71	4	0.07313
71	5	0.09036
71	6	0.10690
71	7	0.12264
71	8	0.13748
71	9	0.15133
71	10	0.16410
71	11	0.17574
71	12	0.18619
71	13	0.19543
71	14	0.20343
71	15	0.21018
71	16	0.21570
71	17	0.22001
71	18	0.22313
71	19	0.22512
71	20	0.22600
71	21	0.22586
71	22	0.22473
71	23	0.22270
71	24	0.21983
71	25	0.21619
71	26	0.21185
71	27	0.20689
71	28	0.20138
71	29	0.19539
71	30	0.18898
71	31	0.18221
71	32	0.17515
71	33	0.16784
71	34	0.16033
71	35	0.15267
71	36	0.14490
71	37	0.13706
71	38	0.12916
71	39	0.12125
71	40	0.11334
71	41	0.10544
71	42	0.09758
71	43	0.08977
71	44	0.08200
71	45	0.07429
71	46	0.06665
71	47	0.05906
71	48	0.05153
71	49	0.04406
71	50	0.03663
71	51	0.02925
71	52	0.02191
71	53	0.01459
71	54	0.00729
71	55	0.00000
72	0	0.00000
72	1	0.01601
72	2	0.03191
72	3	0.04756
72	4	0.06285
72	5	0.07766
72	6	0.09190
72	7	0.10546
72	8	0.11826
72	9	0.13021
72	10	0.14125
72	11	0.15133
72	12	0.16040
72	13	0.16844
72	14	0.17541
72	15	0.18133
72	16	0.18620
72	17	0.19002
72	18	0.19283
72	19	0.19466
72	20	0.19555
72	21	0.19554
72	22	0.19469
72	23	0.19305
72	24	0.19068
72	25	0.18765
72	26	0.18400
72	27	0.17981
72	28	0.17513
72	29	0.17002
72	30	0.16454
72	31	0.15874
72	32	0.15267
72	33	0.14638
72	34	0.13991
72	35	0.13330
72	36	0.12657
72	37	0.11978
72	38	0.11293
72	39	0.10605
72	40	0.09917
72	41	0.09230
72	42	0.08545
72	43	0.07863
72	44	0.07185
72	45	0.06511
72	46	0.05843
72	47	0.05179
72	48	0.04519
72	49	0.03864
72	50	0.03214
72	51	0.02566
72	52	0.01922
72	53	0.01280
72	54	0.00640
72	55	0.00000
73	0	0.00000
73	1	0.01351
73	2	0.02692
73	3	0.04013
73	4	0.05303
73	5	0.06555
73	6	0.07758
73	7	0.08904
73	8	0.09987
73	9	0.11000
73	10	0.11937
73	11	0.12793
73	12	0.13564
73	13	0.14250
73	14	0.14846
73	15	0.15354
73	16	0.15773
73	17	0.16105
73	18	0.16352
73	19	0.16515
73	20	0.16599
73	21	0.16607
73	22	0.16544
73	23	0.16413
73	24	0.16221
73	25	0.15971
73	26	0.15669
73	27	0.15321
73	28	0.14930
73	29	0.14502
73	30	0.14042
73	31	0.13554
73	32	0.13042
73	33	0.12511
73	34	0.11963
73	35	0.11403
73	36	0.10832
73	37	0.10255
73	38	0.09672
73	39	0.09087
73	40	0.08500
73	41	0.07913
73	42	0.07328
73	43	0.06745
73	44	0.06165
73	45	0.05588
73	46	0.05015
73	47	0.04446
73	48	0.03881
73	49	0.03319
73	50	0.02760
73	51	0.02205
73	52	0.01651
73	53	0.01100
73	54	0.00550
73	55	0.00000
74	0	0.00000
74	1	0.01111
74	2	0.02214
74	3	0.03300
74	4	0.04362
74	5	0.05391
74	6	0.06382
74	7	0.07327
74	8	0.08219
74	9	0.09055
74	10	0.09828
74	11	0.10536
74	12	0.11176
74	13	0.11744
74	14	0.12240
74	15	0.12664
74	16	0.13014
74	17	0.13294
74	18	0.13502
74	19	0.13643
74	20	0.13719
74	21	0.13732
74	22	0.13685
74	23	0.13584
74	24	0.13431
74	25	0.13230
74	26	0.12986
74	27	0.12703
74	28	0.12384
74	29	0.12035
74	30	0.11658
74	31	0.11258
74	32	0.10837
74	33	0.10400
74	34	0.09948
74	35	0.09486
74	36	0.09014
74	37	0.08537
74	38	0.08054
74	39	0.07569
74	40	0.07082
74	41	0.06595
74	42	0.06109
74	43	0.05624
74	44	0.05142
74	45	0.04662
74	46	0.04185
74	47	0.03710
74	48	0.03239
74	49	0.02770
74	50	0.02304
74	51	0.01841
74	52	0.01379
74	53	0.00918
74	54	0.00459
74	55	0.00000
75	0	0.00000
75	1	0.00879
75	2	0.01752
75	3	0.02611
75	4	0.03452
75	5	0.04267
75	6	0.05052
75	7	0.05801
75	8	0.06509
75	9	0.07172
75	10	0.07786
75	11	0.08349
75	12	0.08857
75	13	0.09311
75	14	0.09707
75	15	0.10046
75	16	0.10327
75	17	0.10552
75	18	0.10722
75	19	0.10837
75	20	0.10901
75	21	0.10915
75	22	0.10882
75	23	0.10806
75	24	0.10688
75	25	0.10532
75	26	0.10342
75	27	0.10120
75	28	0.09870
75	29	0.09595
75	30	0.09298
75	31	0.08981
75	32	0.08649
75	33	0.08302
75	34	0.07945
75	35	0.07577
75	36	0.07203
75	37	0.06823
75	38	0.06439
75	39	0.06053
75	40	0.05665
75	41	0.05277
75	42	0.04889
75	43	0.04502
75	44	0.04116
75	45	0.03732
75	46	0.03351
75	47	0.02971
75	48	0.02594
75	49	0.02219
75	50	0.01846
75	51	0.01475
75	52	0.01105
75	53	0.00736
75	54	0.00368
75	55	0.00000
76	0	0.00000
76	1	0.00654
76	2	0.01303
76	3	0.01942
76	4	0.02567
76	5	0.03174
76	6	0.03758
76	7	0.04316
76	8	0.04843
76	9	0.05337
76	10	0.05795
76	11	0.06215
76	12	0.06595
76	13	0.06934
76	14	0.07231
76	15	0.07485
76	16	0.07696
76	17	0.07866
76	18	0.07995
76	19	0.08083
76	20	0.08133
76	21	0.08146
76	22	0.08123
76	23	0.08068
76	24	0.07983
76	25	0.07869
76	26	0.07729
76	27	0.07565
76	28	0.07380
76	29	0.07177
76	30	0.06956
76	31	0.06721
76	32	0.06474
76	33	0.06216
76	34	0.05950
76	35	0.05676
76	36	0.05397
76	37	0.05114
76	38	0.04827
76	39	0.04538
76	40	0.04248
76	41	0.03958
76	42	0.03667
76	43	0.03377
76	44	0.03089
76	45	0.02801
76	46	0.02515
76	47	0.02230
76	48	0.01947
76	49	0.01666
76	50	0.01386
76	51	0.01107
76	52	0.00829
76	53	0.00552
76	54	0.00276
76	55	0.00000
77	0	0.00000
77	1	0.00433
77	2	0.00863
77	3	0.01287
77	4	0.01701
77	5	0.02104
77	6	0.02491
77	7	0.02861
77	8	0.03210
77	9	0.03538
77	10	0.03842
77	11	0.04121
77	12	0.04374
77	13	0.04599
77	14	0.04797
77	15	0.04966
77	16	0.05108
77	17	0.05221
77	18	0.05308
77	19	0.05367
77	20	0.05401
77	21	0.05411
77	22	0.05397
77	23	0.05362
77	24	0.05306
77	25	0.05231
77	26	0.05139
77	27	0.05032
77	28	0.04910
77	29	0.04775
77	30	0.04629
77	31	0.04474
77	32	0.04310
77	33	0.04139
77	34	0.03963
77	35	0.03781
77	36	0.03596
77	37	0.03407
77	38	0.03217
77	39	0.03025
77	40	0.02832
77	41	0.02638
77	42	0.02445
77	43	0.02252
77	44	0.02060
77	45	0.01868
77	46	0.01677
77	47	0.01488
77	48	0.01299
77	49	0.01111
77	50	0.00925
77	51	0.00739
77	52	0.00553
77	53	0.00369
77	54	0.00184
77	55	0.00000
78	0	0.00000
78	1	0.00216
78	2	0.00430
78	3	0.00641
78	4	0.00848
78	5	0.01048
78	6	0.01241
78	7	0.01425
78	8	0.01600
78	9	0.01763
78	10	0.01915
78	11	0.02054
78	12	0.02180
78	13	0.02293
78	14	0.02392
78	15	0.02476
78	16	0.02547
78	17	0.02604
78	18	0.02647
78	19	0.02677
78	20	0.02695
78	21	0.02700
78	22	0.02693
78	23	0.02676
78	24	0.02648
78	25	0.02611
78	26	0.02566
78	27	0.02512
78	28	0.02452
78	29	0.02385
78	30	0.02312
78	31	0.02235
78	32	0.02153
78	33	0.02068
78	34	0.01980
78	35	0.01890
78	36	0.01797
78	37	0.01703
78	38	0.01608
78	39	0.01512
78	40	0.01416
78	41	0.01319
78	42	0.01223
78	43	0.01126
78	44	0.01030
78	45	0.00934
78	46	0.00839
78	47	0.00744
78	48	0.00650
78	49	0.00556
78	50	0.00463
78	51	0.00370
78	52	0.00277
78	53	0.00184
78	54	0.00092
78	55	0.00000
79	0	0.00000
79	1	0.00000
79	2	0.00000
79	3	0.00000
79	4	0.00000
79	5	0.00000
79	6	0.00000
79	7	0.00000
79	8	0.00000
79	9	0.00000
79	10	0.00000
79	11	0.00000
79	12	0.00000
79	13	0.00000
79	14	0.00000
79	15	0.00000
79	16	0.00000
79	17	0.00000
79	18	0.00000
79	19	0.00000
79	20	0.00000
79	21	0.00000
79	22	0.00000
79	23	0.00000
79	24	0.00000
79	25	0.00000
79	26	0.00000
79	27	0.00000
79	28	0.00000
79	29	0.00000
79	30	0.00000
79	31	0.00000
79	32	0.00000
79	33	0.00000
79	34	0.00000
79	35	0.00000
79	36	0.00000
79	37	0.00000
79	38	0.00000
79	39	0.00000
79	40	0.00000
79	41	0.00000
79	42	0.00000
79	43	0.00000
79	44	0.00000
79	45	0.00000
79	46	0.00000
79	47	0.00000
79	48	0.00000
79	49	0.00000
79	50	0.00000
79	51	0.00000
79	52	0.00000
79	53	0.00000
79	54	0.00000
79	55	0.00000
