-0.12431	0.00000	0.00000	0.00000	0.00000	0.00000	0.00000	0.00000	0.00000	0.00000	0.00000	0.00000	0.00000	0.00000	0.00000	0.00000	0.00000	0.00000	0.00000	0.00000	0.00000	0.00000	0.00000	0.00000	0.00000	0.00000	0.00000	0.00000	0.00000	0.00000	0.00000	
0.11092	0.17869	0.20088	0.20577	0.20220	0.19344	0.18096	0.16556	0.14780	0.12820	0.10742	0.08641	0.06660	0.04996	0.03879	0.03501	0.03940	0.05122	0.06857	0.08919	0.11111	0.13295	0.15385	0.17327	0.19094	0.20670	0.22058	0.23287	0.24444	0.25775	0.28033	
0.33864	0.37279	0.38617	0.38621	0.37718	0.36125	0.33955	0.31273	0.28130	0.24591	0.20760	0.16815	0.13041	0.09840	0.07678	0.06945	0.07797	0.10082	0.13414	0.17330	0.21428	0.25428	0.29161	0.32538	0.35521	0.38105	0.40310	0.42180	0.43806	0.45377	0.47313	
0.50477	0.52002	0.52345	0.51802	0.50538	0.48626	0.46080	0.42884	0.39025	0.34524	0.29483	0.24137	0.18906	0.14400	0.11326	0.10279	0.11494	0.14738	0.19419	0.24825	0.30345	0.35560	0.40239	0.44289	0.47709	0.50544	0.52859	0.54727	0.56232	0.57488	0.58692	
0.60204	0.60690	0.60460	0.59666	0.58362	0.56537	0.54118	0.50998	0.47062	0.42243	0.36592	0.30364	0.24089	0.18572	0.14764	0.13459	0.14971	0.18984	0.24699	0.31158	0.37547	0.43334	0.48267	0.52303	0.55521	0.58054	0.60035	0.61574	0.62748	0.63622	0.64272	
0.64841	0.64791	0.64293	0.63438	0.62256	0.60709	0.58681	0.55988	0.52414	0.47774	0.42030	0.35407	0.28504	0.22295	0.17949	0.16450	0.18185	0.22758	0.29173	0.36248	0.43001	0.48831	0.53517	0.57111	0.59809	0.61840	0.63399	0.64614	0.65544	0.66199	0.66576	
0.66697	0.66376	0.65718	0.64814	0.63719	0.62417	0.60792	0.58618	0.55592	0.51417	0.45935	0.39303	0.32140	0.25542	0.20856	0.19230	0.21111	0.26035	0.32837	0.40154	0.46881	0.52406	0.56581	0.59582	0.61721	0.63311	0.64580	0.65645	0.66518	0.67149	0.67464	
0.67413	0.66925	0.66102	0.65070	0.63941	0.62748	0.61402	0.59671	0.57195	0.53581	0.48553	0.42175	0.35044	0.28318	0.23475	0.21784	0.23741	0.28826	0.35747	0.43012	0.49458	0.54499	0.58091	0.60528	0.62221	0.63533	0.64697	0.65795	0.66781	0.67530	0.67902	
0.67796	0.67165	0.66134	0.64888	0.63608	0.62387	0.61177	0.59756	0.57739	0.54662	0.50155	0.44184	0.37292	0.30652	0.25809	0.24110	0.26079	0.31162	0.37987	0.44996	0.51016	0.55521	0.58568	0.60549	0.61941	0.63131	0.64339	0.65604	0.66815	0.67771	0.68261	
0.68138	0.67355	0.66075	0.64550	0.63035	0.61689	0.60503	0.59271	0.57599	0.54985	0.50988	0.45495	0.38978	0.32584	0.27871	0.26209	0.28139	0.33088	0.39657	0.46277	0.51809	0.55798	0.58384	0.60026	0.61239	0.62417	0.63766	0.65282	0.66789	0.68008	0.68651	
0.68523	0.67573	0.66007	0.64154	0.62352	0.60819	0.59584	0.58452	0.57027	0.54788	0.51256	0.46257	0.40196	0.34162	0.29677	0.28092	0.29940	0.34654	0.40853	0.47008	0.52040	0.55564	0.57779	0.59180	0.60300	0.61536	0.63082	0.64902	0.66756	0.68280	0.69101	
0.68973	0.67841	0.65958	0.63740	0.61612	0.59856	0.58527	0.57435	0.56182	0.54239	0.51114	0.46596	0.41032	0.35436	0.31249	0.29769	0.31505	0.35910	0.41664	0.47317	0.51865	0.54984	0.56905	0.58139	0.59222	0.60558	0.62337	0.64497	0.66738	0.68600	0.69621	
0.69496	0.68168	0.65943	0.63330	0.60849	0.58843	0.57390	0.56298	0.55161	0.53451	0.50678	0.46616	0.41564	0.36450	0.32611	0.31254	0.32856	0.36904	0.42170	0.47306	0.51398	0.54168	0.55859	0.56978	0.58063	0.59525	0.61561	0.64090	0.66748	0.68980	0.70219	
0.70099	0.68567	0.65979	0.62945	0.60087	0.57811	0.56213	0.55092	0.54030	0.52503	0.50033	0.46398	0.41857	0.37247	0.33783	0.32562	0.34016	0.37680	0.42434	0.47058	0.50724	0.53192	0.54702	0.55747	0.56860	0.58468	0.60780	0.63701	0.66804	0.69429	0.70900	
0.70790	0.69047	0.66081	0.62608	0.59352	0.56788	0.55027	0.53853	0.52833	0.51451	0.49246	0.46007	0.41965	0.37865	0.34788	0.33708	0.35008	0.38274	0.42512	0.46636	0.49907	0.52113	0.53480	0.54481	0.55646	0.57418	0.60023	0.63354	0.66922	0.69958	0.71674	
0.71576	0.69622	0.66271	0.62343	0.58673	0.55803	0.53859	0.52609	0.51606	0.50337	0.48365	0.45496	0.41934	0.38336	0.35645	0.34706	0.35851	0.38721	0.42451	0.46092	0.48996	0.50971	0.52226	0.53209	0.54448	0.56402	0.59317	0.63075	0.67123	0.70580	0.72546	
0.72465	0.70305	0.66570	0.62182	0.58083	0.54887	0.52737	0.51388	0.50377	0.49196	0.47431	0.44907	0.41803	0.38689	0.36372	0.35570	0.36564	0.39048	0.42288	0.45469	0.48030	0.49799	0.50968	0.51959	0.53295	0.55454	0.58698	0.62895	0.67429	0.71309	0.73526	
0.73465	0.71112	0.67005	0.62159	0.57621	0.54077	0.51693	0.50217	0.49173	0.48057	0.46478	0.44275	0.41603	0.38948	0.36986	0.36314	0.37164	0.39281	0.42054	0.44802	0.47043	0.48629	0.49733	0.50757	0.52219	0.54609	0.58203	0.62850	0.67867	0.72161	0.74622	
0.74586	0.72060	0.67606	0.62316	0.57334	0.53417	0.50766	0.49128	0.48023	0.46950	0.45536	0.43630	0.41361	0.39133	0.37501	0.36950	0.37664	0.39439	0.41778	0.44120	0.46064	0.47487	0.48550	0.49636	0.51258	0.53914	0.57881	0.62982	0.68467	0.73152	0.75842	
0.75836	0.73168	0.68408	0.62703	0.57280	0.52965	0.50005	0.48163	0.46960	0.45904	0.44633	0.42997	0.41099	0.39262	0.37931	0.37488	0.38079	0.39541	0.41480	0.43449	0.45122	0.46404	0.47452	0.48636	0.50462	0.53426	0.57790	0.63342	0.69265	0.74301	0.77195	
0.77224	0.74456	0.69449	0.63380	0.57531	0.52797	0.49480	0.47377	0.46030	0.44955	0.43797	0.42403	0.40837	0.39351	0.38288	0.37940	0.38419	0.39601	0.41182	0.42813	0.44245	0.45415	0.46484	0.47814	0.49900	0.53220	0.58004	0.63988	0.70298	0.75627	0.78689	
0.78758	0.75944	0.70772	0.64415	0.58180	0.53016	0.49290	0.46858	0.45300	0.44153	0.43066	0.41872	0.40594	0.39413	0.38582	0.38317	0.38699	0.39635	0.40902	0.42240	0.43471	0.44571	0.45713	0.47255	0.49671	0.53399	0.58614	0.64989	0.71610	0.77150	0.80331	
0.80446	0.77651	0.72423	0.65887	0.59339	0.53759	0.49581	0.46742	0.44887	0.43588	0.42504	0.41448	0.40401	0.39471	0.38832	0.38634	0.38933	0.39665	0.40670	0.41773	0.42863	0.43961	0.45257	0.47098	0.49922	0.54102	0.59733	0.66426	0.73245	0.78888	0.82127	
0.82293	0.79596	0.74445	0.67883	0.61145	0.55207	0.50565	0.47247	0.44990	0.43429	0.42243	0.41231	0.40329	0.39580	0.39085	0.38937	0.39172	0.39746	0.40560	0.41512	0.42554	0.43754	0.45314	0.47560	0.50865	0.55510	0.61497	0.68383	0.75245	0.80857	0.84079	
0.84302	0.81792	0.76880	0.70489	0.63747	0.57586	0.52531	0.48705	0.45954	0.44000	0.42570	0.41466	0.40586	0.39920	0.39504	0.39383	0.39576	0.40058	0.40780	0.41702	0.42834	0.44277	0.46231	0.48973	0.52788	0.57846	0.64056	0.70947	0.77650	0.83066	0.86186	
0.86471	0.84246	0.79755	0.73779	0.67297	0.61145	0.55842	0.51580	0.48315	0.45876	0.44063	0.42707	0.41697	0.40986	0.40565	0.40442	0.40623	0.41097	0.41855	0.42899	0.44280	0.46104	0.48544	0.51802	0.56056	0.61363	0.67562	0.74190	0.80485	0.85517	0.88442	
0.88796	0.86954	0.83080	0.77800	0.71913	0.66120	0.60884	0.56429	0.52796	0.49918	0.47683	0.45980	0.44721	0.43852	0.43346	0.43194	0.43391	0.43938	0.44843	0.46130	0.47853	0.50098	0.52978	0.56606	0.61055	0.66295	0.72132	0.78156	0.83753	0.88198	0.90835	
0.91273	0.89906	0.86837	0.82545	0.77640	0.72655	0.67960	0.63762	0.60147	0.57123	0.54660	0.52713	0.51241	0.50212	0.49608	0.49418	0.49640	0.50274	0.51329	0.52822	0.54784	0.57256	0.60281	0.63894	0.68087	0.72787	0.77809	0.82837	0.87426	0.91075	0.93340	
0.93903	0.93079	0.90973	0.87941	0.84402	0.80713	0.77126	0.73794	0.70803	0.68194	0.65984	0.64178	0.62776	0.61777	0.61182	0.60991	0.61203	0.61817	0.62833	0.64249	0.66065	0.68281	0.70892	0.73881	0.77210	0.80802	0.84519	0.88154	0.91436	0.94086	0.95905	
0.96732	0.96453	0.95402	0.93835	0.91976	0.90007	0.88054	0.86196	0.84484	0.82951	0.81620	0.80509	0.79630	0.78996	0.78614	0.78490	0.78624	0.79016	0.79658	0.80543	0.81660	0.82994	0.84528	0.86239	0.88096	0.90052	0.92037	0.93950	0.95672	0.97117	0.98367	
1.00000	1.00000	1.00000	1.00000	1.00000	1.00000	1.00000	1.00000	1.00000	1.00000	1.00000	1.00000	1.00000	1.00000	1.00000	1.00000	1.00000	1.00000	1.00000	1.00000	1.00000	1.00000	1.00000	1.00000	1.00000	1.00000	1.00000	1.00000	1.00000	1.00000	1.00000	
