100.028	-0.457742	-0.693362
100.196	-0.116062	-0.741374
100.363	0.216279	-0.732779
100.531	0.529589	-0.669962
100.699	0.814462	-0.5569
100.866	1.06146	-0.399148
101.034	1.26151	-0.203825
101.201	1.40696	0.0205326
101.369	1.49311	0.264332
101.536	1.51937	0.517525
101.704	1.48957	0.770339
101.871	1.41113	1.01396
102.039	1.29333	1.24102
102.206	1.14543	1.44569
102.374	0.975244	1.62361
102.542	0.788404	1.77157
102.709	0.588275	1.88707
102.877	0.376313	1.96804
103.044	0.152612	2.01252
103.212	-0.0834749	2.01849
103.379	-0.332712	1.98381
103.547	-0.595302	1.90625
103.714	-0.87009	1.78364
103.882	-1.15359	1.61419
104.05	-1.43887	1.39696
104.217	-1.71471	1.13253
104.385	-1.96548	0.82375
104.552	-2.17297	0.476316
104.72	-2.32037	0.0989486
104.887	-2.3976	-0.297307
105.055	-2.40563	-0.700608
105.222	-2.35696	-1.10026
105.39	-2.27196	-1.4884
105.558	-2.17309	-1.86083
105.725	-2.08002	-2.21695
105.893	-2.00689	-2.55898
106.06	-1.96181	-2.89104
106.228	-1.94736	3.06508
106.395	-1.96131	2.73799
106.563	-1.99705	2.40661
106.73	-2.0437	2.06815
106.898	-2.08646	1.72197
107.065	-2.10765	1.37018
107.233	-2.08915	1.01791
107.401	-2.01581	0.67317
107.568	-1.87907	0.345965
107.736	-1.67882	0.0470494
107.903	-1.42286	-0.213493
108.071	-1.12416	-0.427367
108.238	-0.797546	-0.588646
108.406	-0.457186	-0.693863
108.573	-0.11548	-0.741779
108.741	0.216871	-0.733085
108.909	0.530181	-0.670168
109.076	0.815043	-0.557008
109.244	1.06202	-0.399161
109.411	1.26203	-0.203747
109.579	1.40744	0.0206941
109.746	1.49353	0.264569
109.914	1.51972	0.517826
110.081	1.48986	0.770694
110.249	1.41137	1.01436
110.417	1.29353	1.24145
110.584	1.1456	1.44615
110.752	0.975401	1.6241
110.919	0.788563	1.77209
111.087	0.588448	1.88762
111.254	0.376509	1.96862
111.422	0.152838	2.01313
111.589	-0.0832171	2.01914
111.757	-0.332422	1.98451
111.924	-0.594985	1.907
112.092	-0.869755	1.78444
112.26	-1.15325	1.61505
112.427	-1.43857	1.39787
112.595	-1.71446	1.1335
112.762	-1.96534	0.824745
112.93	-2.17297	0.477324
113.097	-2.32052	0.099945
113.265	-2.3979	-0.296349
113.432	-2.40605	-0.69971
113.6	-2.35744	-1.09944
113.768	-2.27245	-1.48766
113.935	-2.17354	-1.86017
114.103	-2.0804	-2.21636
114.27	-2.00719	-2.55845
114.438	-1.96201	-2.89055
114.605	-1.94747	3.06554
114.773	-1.96135	2.73844
114.94	-1.99702	2.40706
115.108	-2.04363	2.06861
115.276	-2.08637	1.72245
115.443	-2.10757	1.37067
115.611	-2.0891	1.01842
115.778	-2.01582	0.673679
115.946	-1.87915	0.346467
116.113	-1.67897	0.0475324
116.281	-1.42308	-0.213041
116.448	-1.12444	-0.426956
116.616	-0.79786	-0.588285
116.783	-0.457526	-0.693557
116.951	-0.115836	-0.741531
117.119	0.216509	-0.732898
117.286	0.529819	-0.670042
117.454	0.814688	-0.556942
117.621	1.06168	-0.399153
117.789	1.26171	-0.203795
117.956	1.40715	0.0205953
118.124	1.49327	0.264424
118.291	1.5195	0.517642
118.459	1.48968	0.770477
118.627	1.41122	1.01412
118.794	1.29341	1.24118
118.962	1.14549	1.44587
119.129	0.975305	1.6238
119.297	0.788466	1.77177
119.464	0.588343	1.88728
119.632	0.376389	1.96827
119.799	0.1527	2.01276
119.967	-0.0833746	2.01874
120.135	-0.332599	1.98408
120.302	-0.595179	1.90654
120.47	-0.86996	1.78395
120.637	-1.15346	1.61452
120.805	-1.43875	1.39732
120.972	-1.71461	1.13291
121.14	-1.96542	0.824137
121.307	-2.17297	0.476708
121.475	-2.32043	0.099336
121.642	-2.39772	-0.296935
121.81	-2.4058	-0.700259
121.978	-2.35715	-1.09994
122.145	-2.27215	-1.48811
122.313	-2.17327	-1.86058
122.48	-2.08017	-2.21672
122.648	-2.00701	-2.55877
122.815	-1.96189	-2.89085
122.983	-1.9474	3.06526
123.15	-1.96132	2.73816
123.318	-1.99704	2.40679
123.486	-2.04367	2.06833
123.653	-2.08642	1.72216
123.821	-2.10762	1.37037
123.988	-2.08913	1.01811
124.156	-2.01582	0.673368
124.323	-1.8791	0.34616
124.491	-1.67888	0.0472371
124.658	-1.42295	-0.213318
124.826	-1.12427	-0.427207
124.993	-0.797668	-0.588506
125.161	-0.457318	-0.693744
125.329	-0.115618	-0.741683
125.496	0.216731	-0.733012
125.664	0.53004	-0.670119
125.831	0.814905	-0.556982
125.999	1.06189	-0.399158
126.166	1.26191	-0.203766
126.334	1.40732	0.0206557
126.501	1.49343	0.264512
126.669	1.51964	0.517755
126.837	1.48979	0.77061
127.004	1.41131	1.01427
127.172	1.29348	1.24135
127.339	1.14556	1.44604
127.507	0.975364	1.62399
127.674	0.788525	1.77196
127.842	0.588407	1.88749
128.009	0.376462	1.96848
128.177	0.152784	2.01299
128.345	-0.0832783	2.01899
128.512	-0.332491	1.98434
128.68	-0.59506	1.90682
128.847	-0.869834	1.78425
129.015	-1.15333	1.61484
129.182	-1.43864	1.39766
129.35	-1.71452	1.13327
129.517	-1.96537	0.824509
129.685	-2.17297	0.477084
129.852	-2.32048	0.0997083
130.02	-2.39783	-0.296577
130.188	-2.40595	-0.699923
130.355	-2.35733	-1.09963
130.523	-2.27233	-1.48784
130.69	-2.17344	-1.86033
130.858	-2.08031	-2.2165
131.025	-2.00712	-2.55857
131.193	-1.96196	-2.89066
131.36	-1.94744	3.06543
131.528	-1.96134	2.73833
131.696	-1.99703	2.40696
131.863	-2.04365	2.0685
132.031	-2.08639	1.72233
132.198	-2.10759	1.37055
132.366	-2.08911	1.0183
132.533	-2.01582	0.673558
132.701	-1.87913	0.346347
132.868	-1.67894	0.0474176
133.036	-1.42303	-0.213149
133.204	-1.12437	-0.427054
133.371	-0.797786	-0.588371
133.539	-0.457445	-0.69363
133.706	-0.115751	-0.74159
133.874	0.216595	-0.732942
134.041	0.529905	-0.670072
134.209	0.814772	-0.556958
134.376	1.06176	-0.399155
134.544	1.26179	-0.203784
134.711	1.40722	0.0206188
134.879	1.49333	0.264458
135.047	1.51955	0.517686
135.214	1.48972	0.770529
135.382	1.41126	1.01418
135.549	1.29343	1.24125
135.717	1.14552	1.44593
135.884	0.975328	1.62388
136.052	0.788489	1.77184
136.219	0.588368	1.88736
136.387	0.376418	1.96835
136.555	0.152733	2.01285
136.722	-0.0833372	2.01884
136.89	-0.332557	1.98418
137.057	-0.595133	1.90665
137.225	-0.869911	1.78407
137.392	-1.15341	1.61465
137.56	-1.43871	1.39745
137.727	-1.71458	1.13305
137.895	-1.9654	0.824281
138.063	-2.17297	0.476854
138.23	-2.32045	0.0994807
138.398	-2.39776	-0.296796
138.565	-2.40586	-0.700128
138.733	-2.35722	-1.09982
138.9	-2.27222	-1.48801
139.068	-2.17334	-1.86048
139.235	-2.08023	-2.21663
139.403	-2.00705	-2.5587
139.57	-1.96192	-2.89078
139.738	-1.94742	3.06533
139.906	-1.96133	2.73823
140.073	-1.99703	2.40685
140.241	-2.04366	2.0684
140.408	-2.08641	1.72223
140.576	-2.10761	1.37044
140.743	-2.08912	1.01818
140.911	-2.01582	0.673442
141.078	-1.87911	0.346233
141.246	-1.6789	0.0473072
141.414	-1.42298	-0.213252
141.581	-1.12431	-0.427148
141.749	-0.797714	-0.588454
141.916	-0.457367	-0.6937
142.084	-0.11567	-0.741647
142.251	0.216678	-0.732985
142.419	0.529988	-0.670101
142.586	0.814854	-0.556973
142.754	1.06184	-0.399157
142.922	1.26186	-0.203773
143.089	1.40728	0.0206413
143.257	1.49339	0.264491
143.424	1.5196	0.517728
143.592	1.48977	0.770578
143.759	1.41129	1.01423
143.927	1.29346	1.24131
144.094	1.14554	1.446
144.262	0.97535	1.62394
144.429	0.788511	1.77192
144.597	0.588392	1.88744
144.765	0.376445	1.96843
144.932	0.152764	2.01293
145.1	-0.0833012	2.01893
145.267	-0.332517	1.98428
145.435	-0.595088	1.90675
145.602	-0.869864	1.78418
145.77	-1.15336	1.61477
145.937	-1.43867	1.39758
146.105	-1.71454	1.13318
146.273	-1.96538	0.82442
146.44	-2.17297	0.476995
146.608	-2.32047	0.0996198
146.775	-2.3978	-0.296662
146.943	-2.40591	-0.700003
147.11	-2.35729	-1.09971
147.278	-2.27229	-1.4879
147.445	-2.1734	-1.86039
147.613	-2.08028	-2.21655
147.781	-2.00709	-2.55862
147.948	-1.96195	-2.89071
148.116	-1.94743	3.06539
148.283	-1.96133	2.73829
148.451	-1.99703	2.40692
148.618	-2.04365	2.06846
148.786	-2.0864	1.72229
148.953	-2.1076	1.37051
149.121	-2.08911	1.01825
149.288	-2.01582	0.673513
149.456	-1.87912	0.346303
149.624	-1.67893	0.0473747
149.791	-1.42301	-0.213189
149.959	-1.12435	-0.42709
150.126	-0.797758	-0.588403
150.294	-0.457415	-0.693657
150.461	-0.11572	-0.741612
150.629	0.216627	-0.732959
150.796	0.529937	-0.670083
150.964	0.814804	-0.556964
151.132	1.06179	-0.399156
151.299	1.26182	-0.203779
151.467	1.40724	0.0206276
151.634	1.49336	0.264471
151.802	1.51957	0.517702
151.969	1.48974	0.770548
152.137	1.41127	1.0142
152.304	1.29344	1.24127
152.472	1.14553	1.44596
152.64	0.975336	1.6239
152.807	0.788497	1.77187
152.975	0.588377	1.88739
153.142	0.376428	1.96838
153.31	0.152745	2.01288
153.477	-0.0833232	2.01887
153.645	-0.332542	1.98422
153.812	-0.595115	1.90669
153.98	-0.869893	1.78411
154.147	-1.15339	1.61469
154.315	-1.43869	1.3975
154.483	-1.71456	1.1331
154.65	-1.96539	0.824335
154.818	-2.17297	0.476909
154.985	-2.32046	0.0995348
155.153	-2.39778	-0.296744
155.32	-2.40588	-0.70008
155.488	-2.35725	-1.09978
155.655	-2.27224	-1.48797
155.823	-2.17336	-1.86044
155.991	-2.08025	-2.2166
156.158	-2.00707	-2.55867
156.326	-1.96193	-2.89075
156.493	-1.94742	3.06535
156.661	-1.96133	2.73825
156.828	-1.99703	2.40688
156.996	-2.04366	2.06842
157.163	-2.0864	1.72225
157.331	-2.1076	1.37047
157.499	-2.08912	1.01821
157.666	-2.01582	0.673469
157.834	-1.87912	0.34626
158.001	-1.67891	0.0473335
158.169	-1.42299	-0.213227
158.336	-1.12432	-0.427125
158.504	-0.797731	-0.588434
158.671	-0.457386	-0.693683
158.839	-0.115689	-0.741633
159.006	0.216658	-0.732975
159.174	0.529968	-0.670094
159.342	0.814834	-0.556969
159.509	1.06182	-0.399157
159.677	1.26184	-0.203775
159.844	1.40727	0.020636
160.012	1.49338	0.264484
160.179	1.51959	0.517718
160.347	1.48976	0.770567
160.514	1.41128	1.01422
160.682	1.29345	1.24129
160.85	1.14554	1.44598
161.017	0.975345	1.62393
161.185	0.788506	1.7719
161.352	0.588386	1.88742
161.52	0.376438	1.96841
161.687	0.152757	2.01291
161.855	-0.0833097	2.01891
162.022	-0.332526	1.98426
162.19	-0.595099	1.90673
162.358	-0.869875	1.78415
162.525	-1.15337	1.61474
162.693	-1.43868	1.39755
162.86	-1.71455	1.13315
163.028	-1.96539	0.824387
163.195	-2.17297	0.476961
163.363	-2.32046	0.0995868
163.53	-2.39779	-0.296694
163.698	-2.4059	-0.700033
163.865	-2.35727	-1.09973
164.033	-2.27227	-1.48793
164.201	-2.17338	-1.86041
164.368	-2.08027	-2.21657
164.536	-2.00708	-2.55864
164.703	-1.96194	-2.89072
164.871	-1.94743	3.06538
165.038	-1.96133	2.73828
165.206	-1.99703	2.4069
165.373	-2.04366	2.06845
165.541	-2.0864	1.72228
165.709	-2.1076	1.37049
165.876	-2.08911	1.01824
166.044	-2.01582	0.673496
166.211	-1.87912	0.346286
166.379	-1.67892	0.0473587
166.546	-1.423	-0.213204
166.714	-1.12434	-0.427104
166.881	-0.797747	-0.588415
167.049	-0.457403	-0.693667
167.217	-0.115708	-0.74162
167.384	0.216639	-0.732965
167.552	0.529949	-0.670088
167.719	0.814816	-0.556966
167.887	1.0618	-0.399156
168.054	1.26183	-0.203778
168.222	1.40725	0.0206308
168.389	1.49336	0.264476
168.557	1.51958	0.517708
168.724	1.48975	0.770555
168.892	1.41128	1.01421
169.06	1.29345	1.24128
169.227	1.14553	1.44597
169.395	0.97534	1.62391
169.562	0.788501	1.77188
169.73	0.588381	1.8874
169.897	0.376432	1.96839
170.065	0.152749	2.01289
170.232	-0.083318	2.01889
170.4	-0.332536	1.98424
170.568	-0.595109	1.90671
170.735	-0.869886	1.78413
170.903	-1.15338	1.61471
171.07	-1.43869	1.39752
171.238	-1.71456	1.13312
171.405	-1.96539	0.824356
171.573	-2.17297	0.476929
171.74	-2.32046	0.099555
171.908	-2.39778	-0.296724
172.076	-2.40589	-0.700062
172.243	-2.35726	-1.09976
172.411	-2.27225	-1.48795
172.578	-2.17337	-1.86043
172.746	-2.08025	-2.21659
172.913	-2.00707	-2.55866
173.081	-1.96193	-2.89074
173.248	-1.94743	3.06536
173.416	-1.96133	2.73826
173.583	-1.99703	2.40689
173.751	-2.04366	2.06843
173.919	-2.0864	1.72226
174.086	-2.1076	1.37048
174.254	-2.08912	1.01822
174.421	-2.01582	0.67348
174.589	-1.87912	0.34627
174.756	-1.67892	0.0473433
174.924	-1.423	-0.213218
175.091	-1.12433	-0.427117
175.259	-0.797737	-0.588427
175.427	-0.457393	-0.693677
175.594	-0.115696	-0.741628
175.762	0.216651	-0.732971
175.929	0.529961	-0.670092
176.097	0.814827	-0.556968
176.264	1.06181	-0.399156
176.432	1.26184	-0.203776
176.599	1.40726	0.020634
176.767	1.49337	0.264481
176.934	1.51959	0.517714
177.102	1.48975	0.770562
177.27	1.41128	1.01422
177.437	1.29345	1.24129
177.605	1.14554	1.44598
177.772	0.975343	1.62392
177.94	0.788504	1.77189
178.107	0.588384	1.88741
178.275	0.376436	1.9684
178.442	0.152754	2.0129
178.61	-0.0833129	2.0189
178.778	-0.33253	1.98425
178.945	-0.595103	1.90672
179.113	-0.869879	1.78414
179.28	-1.15338	1.61473
179.448	-1.43868	1.39753
179.615	-1.71455	1.13314
179.783	-1.96539	0.824375
179.95	-2.17297	0.476949
180.118	-2.32046	0.0995744
180.286	-2.39779	-0.296705
180.453	-2.40589	-0.700044
180.621	-2.35727	-1.09974
180.788	-2.27226	-1.48794
180.956	-2.17338	-1.86042
181.123	-2.08026	-2.21657
181.291	-2.00708	-2.55865
181.458	-1.96194	-2.89073
181.626	-1.94743	3.06537
181.793	-1.96133	2.73827
181.961	-1.99703	2.4069
182.129	-2.04366	2.06844
182.296	-2.0864	1.72227
182.464	-2.1076	1.37048
182.631	-2.08911	1.01823
182.799	-2.01582	0.67349
182.966	-1.87912	0.34628
183.134	-1.67892	0.0473527
183.301	-1.423	-0.21321
183.469	-1.12434	-0.427109
183.637	-0.797744	-0.58842
183.804	-0.457399	-0.693671
183.972	-0.115703	-0.741623
184.139	0.216644	-0.732967
184.307	0.529954	-0.670089
184.474	0.81482	-0.556967
184.642	1.06181	-0.399156
184.809	1.26183	-0.203777
184.977	1.40726	0.0206321
185.145	1.49337	0.264478
185.312	1.51958	0.517711
185.48	1.48975	0.770558
185.647	1.41128	1.01421
185.815	1.29345	1.24128
185.982	1.14553	1.44597
186.15	0.975341	1.62392
186.317	0.788502	1.77189
186.485	0.588382	1.88741
186.652	0.376434	1.9684
186.82	0.152751	2.0129
186.988	-0.083316	2.01889
187.155	-0.332533	1.98424
187.323	-0.595107	1.90671
187.49	-0.869883	1.78413
187.658	-1.15338	1.61472
187.825	-1.43868	1.39752
187.993	-1.71456	1.13313
188.16	-1.96539	0.824363
188.328	-2.17297	0.476937
188.496	-2.32046	0.0995626
188.663	-2.39779	-0.296717
188.831	-2.40589	-0.700055
188.998	-2.35726	-1.09975
189.166	-2.27226	-1.48795
189.333	-2.17337	-1.86043
189.501	-2.08026	-2.21658
189.668	-2.00707	-2.55865
189.836	-1.96193	-2.89074
190.004	-1.94743	3.06536
190.171	-1.96133	2.73827
190.339	-1.99703	2.40689
190.506	-2.04366	2.06844
190.674	-2.0864	1.72226
190.841	-2.1076	1.37048
191.009	-2.08912	1.01822
191.176	-2.01582	0.673483
191.344	-1.87912	0.346274
191.511	-1.67892	0.0473469
191.679	-1.423	-0.213215
191.847	-1.12433	-0.427114
192.014	-0.79774	-0.588424
192.182	-0.457395	-0.693674
192.349	-0.115699	-0.741626
192.517	0.216648	-0.73297
192.684	0.529958	-0.670091
192.852	0.814824	-0.556967
193.019	1.06181	-0.399156
193.187	1.26183	-0.203777
193.355	1.40726	0.0206332
193.522	1.49337	0.26448
193.69	1.51959	0.517713
193.857	1.48975	0.770561
194.025	1.41128	1.01421
194.192	1.29345	1.24129
194.36	1.14553	1.44598
194.527	0.975342	1.62392
194.695	0.788503	1.77189
194.863	0.588383	1.88741
195.03	0.376435	1.9684
195.198	0.152753	2.0129
195.365	-0.0833141	2.0189
195.533	-0.332531	1.98425
195.7	-0.595104	1.90672
195.868	-0.869881	1.78414
196.035	-1.15338	1.61472
196.203	-1.43868	1.39753
196.37	-1.71455	1.13313
196.538	-1.96539	0.82437
196.706	-2.17297	0.476944
196.873	-2.32046	0.0995698
197.041	-2.39779	-0.29671
197.208	-2.40589	-0.700048
197.376	-2.35726	-1.09975
197.543	-2.27226	-1.48794
197.711	-2.17338	-1.86042
197.878	-2.08026	-2.21658
198.046	-2.00708	-2.55865
198.214	-1.96194	-2.89073
198.381	-1.94743	3.06537
198.549	-1.96133	2.73827
198.716	-1.99703	2.40689
198.884	-2.04366	2.06844
199.051	-2.0864	1.72227
199.219	-2.1076	1.37048
199.386	-2.08911	1.01823
199.554	-2.01582	0.673487
199.722	-1.87912	0.346278
199.889	-1.67892	0.0473504
200.057	-1.423	-0.213212
200.224	-1.12433	-0.427111
200.392	-0.797742	-0.588421
200.559	-0.457398	-0.693672
200.727	-0.115702	-0.741625
200.894	0.216646	-0.732968
201.062	0.529956	-0.67009
201.229	0.814822	-0.556967
201.397	1.06181	-0.399156
201.565	1.26183	-0.203777
201.732	1.40726	0.0206325
201.9	1.49337	0.264479
202.067	1.51958	0.517711
202.235	1.48975	0.770559
202.402	1.41128	1.01421
202.57	1.29345	1.24128
202.737	1.14553	1.44597
202.905	0.975341	1.62392
203.073	0.788502	1.77189
203.24	0.588382	1.88741
203.408	0.376434	1.9684
203.575	0.152752	2.0129
203.743	-0.0833153	2.01889
203.91	-0.332533	1.98424
204.078	-0.595106	1.90671
204.245	-0.869882	1.78414
204.413	-1.15338	1.61472
204.581	-1.43868	1.39753
204.748	-1.71455	1.13313
204.916	-1.96539	0.824366
205.083	-2.17297	0.47694
205.251	-2.32046	0.0995654
205.418	-2.39779	-0.296714
205.586	-2.40589	-0.700052
205.753	-2.35726	-1.09975
205.921	-2.27226	-1.48794
206.088	-2.17337	-1.86042
206.256	-2.08026	-2.21658
206.424	-2.00708	-2.55865
206.591	-1.96193	-2.89073
206.759	-1.94743	3.06537
206.926	-1.96133	2.73827
207.094	-1.99703	2.40689
207.261	-2.04366	2.06844
207.429	-2.0864	1.72227
207.596	-2.1076	1.37048
207.764	-2.08911	1.01822
207.932	-2.01582	0.673485
208.099	-1.87912	0.346275
208.267	-1.67892	0.0473483
208.434	-1.423	-0.213214
208.602	-1.12433	-0.427113
208.769	-0.797741	-0.588423
208.937	-0.457396	-0.693674
209.104	-0.1157	-0.741626
209.272	0.216647	-0.732969
209.44	0.529957	-0.67009
209.607	0.814823	-0.556967
209.775	1.06181	-0.399156
209.942	1.26183	-0.203777
210.11	1.40726	0.020633
210.277	1.49337	0.264479
210.445	1.51959	0.517712
210.612	1.48975	0.77056
210.78	1.41128	1.01421
210.947	1.29345	1.24129
211.115	1.14553	1.44597
211.283	0.975342	1.62392
211.45	0.788503	1.77189
211.618	0.588383	1.88741
211.785	0.376435	1.9684
211.953	0.152752	2.0129
212.12	-0.0833146	2.0189
212.288	-0.332532	1.98425
212.455	-0.595105	1.90672
212.623	-0.869881	1.78414
212.791	-1.15338	1.61472
212.958	-1.43868	1.39753
213.126	-1.71455	1.13313
213.293	-1.96539	0.824369
213.461	-2.17297	0.476942
213.628	-2.32046	0.0995681
213.796	-2.39779	-0.296711
213.963	-2.40589	-0.70005
214.131	-2.35726	-1.09975
214.299	-2.27226	-1.48794
214.466	-2.17337	-1.86042
214.634	-2.08026	-2.21658
214.801	-2.00708	-2.55865
214.969	-1.96193	-2.89073
215.136	-1.94743	3.06537
215.304	-1.96133	2.73827
215.471	-1.99703	2.40689
215.639	-2.04366	2.06844
215.806	-2.0864	1.72227
215.974	-2.1076	1.37048
216.142	-2.08911	1.01823
216.309	-2.01582	0.673486
216.477	-1.87912	0.346277
216.644	-1.67892	0.0473496
216.812	-1.423	-0.213212
216.979	-1.12433	-0.427112
217.147	-0.797742	-0.588422
217.314	-0.457397	-0.693673
217.482	-0.115701	-0.741625
217.65	0.216646	-0.732969
217.817	0.529956	-0.67009
217.985	0.814822	-0.556967
218.152	1.06181	-0.399156
218.32	1.26183	-0.203777
218.487	1.40726	0.0206327
218.655	1.49337	0.264479
218.822	1.51959	0.517712
218.99	1.48975	0.770559
219.158	1.41128	1.01421
219.325	1.29345	1.24129
219.493	1.14553	1.44597
219.66	0.975341	1.62392
219.828	0.788502	1.77189
219.995	0.588383	1.88741
220.163	0.376434	1.9684
220.33	0.152752	2.0129
220.498	-0.083315	2.0189
220.665	-0.332532	1.98424
220.833	-0.595105	1.90671
221.001	-0.869882	1.78414
221.168	-1.15338	1.61472
221.336	-1.43868	1.39753
221.503	-1.71455	1.13313
221.671	-1.96539	0.824367
221.838	-2.17297	0.476941
222.006	-2.32046	0.0995664
222.173	-2.39779	-0.296713
222.341	-2.40589	-0.700051
222.509	-2.35726	-1.09975
222.676	-2.27226	-1.48794
222.844	-2.17337	-1.86042
223.011	-2.08026	-2.21658
223.179	-2.00708	-2.55865
223.346	-1.96193	-2.89073
223.514	-1.94743	3.06537
223.681	-1.96133	2.73827
223.849	-1.99703	2.40689
224.017	-2.04366	2.06844
224.184	-2.0864	1.72227
224.352	-2.1076	1.37048
224.519	-2.08911	1.01823
224.687	-2.01582	0.673485
224.854	-1.87912	0.346276
225.022	-1.67892	0.0473488
225.189	-1.423	-0.213213
225.357	-1.12433	-0.427112
225.524	-0.797741	-0.588423
225.692	-0.457396	-0.693673
225.86	-0.115701	-0.741625
226.027	0.216647	-0.732969
226.195	0.529957	-0.67009
226.362	0.814823	-0.556967
226.53	1.06181	-0.399156
226.697	1.26183	-0.203777
226.865	1.40726	0.0206329
227.032	1.49337	0.264479
227.2	1.51959	0.517712
227.368	1.48975	0.77056
227.535	1.41128	1.01421
227.703	1.29345	1.24129
227.87	1.14553	1.44597
228.038	0.975342	1.62392
228.205	0.788503	1.77189
228.373	0.588383	1.88741
228.54	0.376435	1.9684
228.708	0.152752	2.0129
228.875	-0.0833147	2.0189
229.043	-0.332532	1.98425
229.211	-0.595105	1.90671
229.378	-0.869882	1.78414
229.546	-1.15338	1.61472
229.713	-1.43868	1.39753
229.881	-1.71455	1.13313
230.048	-1.96539	0.824368
230.216	-2.17297	0.476942
230.383	-2.32046	0.0995675
230.551	-2.39779	-0.296712
230.719	-2.40589	-0.70005
230.886	-2.35726	-1.09975
231.054	-2.27226	-1.48794
231.221	-2.17337	-1.86042
231.389	-2.08026	-2.21658
231.556	-2.00708	-2.55865
231.724	-1.96193	-2.89073
231.891	-1.94743	3.06537
232.059	-1.96133	2.73827
232.227	-1.99703	2.40689
232.394	-2.04366	2.06844
232.562	-2.0864	1.72227
232.729	-2.1076	1.37048
232.897	-2.08911	1.01823
233.064	-2.01582	0.673486
233.232	-1.87912	0.346276
233.399	-1.67892	0.0473493
233.567	-1.423	-0.213213
233.734	-1.12433	-0.427112
233.902	-0.797741	-0.588422
234.07	-0.457397	-0.693673
234.237	-0.115701	-0.741625
234.405	0.216646	-0.732969
234.572	0.529956	-0.67009
234.74	0.814823	-0.556967
234.907	1.06181	-0.399156
235.075	1.26183	-0.203777
235.242	1.40726	0.0206328
235.41	1.49337	0.264479
235.578	1.51959	0.517712
235.745	1.48975	0.770559
235.913	1.41128	1.01421
236.08	1.29345	1.24129
236.248	1.14553	1.44597
236.415	0.975341	1.62392
236.583	0.788503	1.77189
236.75	0.588383	1.88741
236.918	0.376435	1.9684
237.086	0.152752	2.0129
237.253	-0.0833149	2.0189
237.421	-0.332532	1.98424
237.588	-0.595105	1.90671
237.756	-0.869882	1.78414
237.923	-1.15338	1.61472
238.091	-1.43868	1.39753
238.258	-1.71455	1.13313
238.426	-1.96539	0.824367
238.593	-2.17297	0.476941
238.761	-2.32046	0.0995668
238.929	-2.39779	-0.296713
239.096	-2.40589	-0.700051
239.264	-2.35726	-1.09975
239.431	-2.27226	-1.48794
239.599	-2.17337	-1.86042
239.766	-2.08026	-2.21658
239.934	-2.00708	-2.55865
240.101	-1.96193	-2.89073
240.269	-1.94743	3.06537
240.437	-1.96133	2.73827
240.604	-1.99703	2.40689
240.772	-2.04366	2.06844
240.939	-2.0864	1.72227
241.107	-2.1076	1.37048
241.274	-2.08911	1.01823
241.442	-2.01582	0.673486
241.609	-1.87912	0.346276
241.777	-1.67892	0.047349
241.945	-1.423	-0.213213
242.112	-1.12433	-0.427112
242.28	-0.797741	-0.588422
242.447	-0.457397	-0.693673
242.615	-0.115701	-0.741625
242.782	0.216647	-0.732969
242.95	0.529957	-0.67009
243.117	0.814823	-0.556967
243.285	1.06181	-0.399156
243.452	1.26183	-0.203777
243.62	1.40726	0.0206328
243.788	1.49337	0.264479
243.955	1.51959	0.517712
244.123	1.48975	0.77056
244.29	1.41128	1.01421
244.458	1.29345	1.24129
244.625	1.14553	1.44597
244.793	0.975342	1.62392
244.96	0.788503	1.77189
245.128	0.588383	1.88741
245.296	0.376435	1.9684
245.463	0.152752	2.0129
245.631	-0.0833148	2.0189
245.798	-0.332532	1.98425
245.966	-0.595105	1.90671
246.133	-0.869882	1.78414
246.301	-1.15338	1.61472
246.468	-1.43868	1.39753
246.636	-1.71455	1.13313
246.804	-1.96539	0.824368
246.971	-2.17297	0.476942
247.139	-2.32046	0.0995672
247.306	-2.39779	-0.296712
247.474	-2.40589	-0.700051
247.641	-2.35726	-1.09975
247.809	-2.27226	-1.48794
247.976	-2.17337	-1.86042
248.144	-2.08026	-2.21658
248.311	-2.00708	-2.55865
248.479	-1.96193	-2.89073
248.647	-1.94743	3.06537
248.814	-1.96133	2.73827
248.982	-1.99703	2.40689
249.149	-2.04366	2.06844
249.317	-2.0864	1.72227
249.484	-2.1076	1.37048
249.652	-2.08911	1.01823
249.819	-2.01582	0.673486
249.987	-1.87912	0.346276
250.155	-1.67892	0.0473492
250.322	-1.423	-0.213213
250.49	-1.12433	-0.427112
250.657	-0.797741	-0.588422
250.825	-0.457397	-0.693673
250.992	-0.115701	-0.741625
251.16	0.216647	-0.732969
251.327	0.529956	-0.67009
251.495	0.814823	-0.556967
251.663	1.06181	-0.399156
251.83	1.26183	-0.203777
251.998	1.40726	0.0206328
252.165	1.49337	0.264479
252.333	1.51959	0.517712
252.5	1.48975	0.770559
252.668	1.41128	1.01421
252.835	1.29345	1.24129
253.003	1.14553	1.44597
253.17	0.975341	1.62392
253.338	0.788503	1.77189
253.506	0.588383	1.88741
253.673	0.376435	1.9684
253.841	0.152752	2.0129
254.008	-0.0833149	2.0189
254.176	-0.332532	1.98424
254.343	-0.595105	1.90671
254.511	-0.869882	1.78414
254.678	-1.15338	1.61472
254.846	-1.43868	1.39753
255.014	-1.71455	1.13313
255.181	-1.96539	0.824368
255.349	-2.17297	0.476941
255.516	-2.32046	0.099567
255.684	-2.39779	-0.296713
255.851	-2.40589	-0.700051
256.019	-2.35726	-1.09975
256.186	-2.27226	-1.48794
256.354	-2.17337	-1.86042
256.522	-2.08026	-2.21658
256.689	-2.00708	-2.55865
256.857	-1.96193	-2.89073
257.024	-1.94743	3.06537
257.192	-1.96133	2.73827
257.359	-1.99703	2.40689
257.527	-2.04366	2.06844
257.694	-2.0864	1.72227
257.862	-2.1076	1.37048
258.029	-2.08911	1.01823
258.197	-2.01582	0.673486
258.365	-1.87912	0.346276
258.532	-1.67892	0.0473491
258.7	-1.423	-0.213213
258.867	-1.12433	-0.427112
259.035	-0.797741	-0.588422
259.202	-0.457397	-0.693673
259.37	-0.115701	-0.741625
259.537	0.216647	-0.732969
259.705	0.529957	-0.67009
259.873	0.814823	-0.556967
260.04	1.06181	-0.399156
260.208	1.26183	-0.203777
260.375	1.40726	0.0206328
260.543	1.49337	0.264479
260.71	1.51959	0.517712
260.878	1.48975	0.77056
261.045	1.41128	1.01421
261.213	1.29345	1.24129
261.381	1.14553	1.44597
261.548	0.975342	1.62392
261.716	0.788503	1.77189
261.883	0.588383	1.88741
262.051	0.376435	1.9684
262.218	0.152752	2.0129
262.386	-0.0833148	2.0189
262.553	-0.332532	1.98425
262.721	-0.595105	1.90671
262.888	-0.869882	1.78414
263.056	-1.15338	1.61472
263.224	-1.43868	1.39753
263.391	-1.71455	1.13313
263.559	-1.96539	0.824368
263.726	-2.17297	0.476941
263.894	-2.32046	0.0995671
264.061	-2.39779	-0.296712
264.229	-2.40589	-0.700051
264.396	-2.35726	-1.09975
264.564	-2.27226	-1.48794
264.732	-2.17337	-1.86042
264.899	-2.08026	-2.21658
265.067	-2.00708	-2.55865
265.234	-1.96193	-2.89073
265.402	-1.94743	3.06537
265.569	-1.96133	2.73827
265.737	-1.99703	2.40689
265.904	-2.04366	2.06844
266.072	-2.0864	1.72227
266.24	-2.1076	1.37048
266.407	-2.08911	1.01823
266.575	-2.01582	0.673486
266.742	-1.87912	0.346276
266.91	-1.67892	0.0473491
267.077	-1.423	-0.213213
267.245	-1.12433	-0.427112
267.412	-0.797741	-0.588422
267.58	-0.457397	-0.693673
267.747	-0.115701	-0.741625
267.915	0.216647	-0.732969
268.083	0.529957	-0.67009
268.25	0.814823	-0.556967
268.418	1.06181	-0.399156
268.585	1.26183	-0.203777
268.753	1.40726	0.0206328
268.92	1.49337	0.264479
269.088	1.51959	0.517712
269.255	1.48975	0.77056
269.423	1.41128	1.01421
269.591	1.29345	1.24129
269.758	1.14553	1.44597
269.926	0.975341	1.62392
270.093	0.788503	1.77189
270.261	0.588383	1.88741
270.428	0.376435	1.9684
270.596	0.152752	2.0129
270.763	-0.0833148	2.0189
270.931	-0.332532	1.98424
271.099	-0.595105	1.90671
271.266	-0.869882	1.78414
271.434	-1.15338	1.61472
271.601	-1.43868	1.39753
271.769	-1.71455	1.13313
271.936	-1.96539	0.824368
272.104	-2.17297	0.476941
272.271	-2.32046	0.099567
272.439	-2.39779	-0.296713
272.606	-2.40589	-0.700051
272.774	-2.35726	-1.09975
272.942	-2.27226	-1.48794
273.109	-2.17337	-1.86042
273.277	-2.08026	-2.21658
273.444	-2.00708	-2.55865
273.612	-1.96193	-2.89073
273.779	-1.94743	3.06537
273.947	-1.96133	2.73827
274.114	-1.99703	2.40689
274.282	-2.04366	2.06844
274.45	-2.0864	1.72227
274.617	-2.1076	1.37048
274.785	-2.08911	1.01823
274.952	-2.01582	0.673486
275.12	-1.87912	0.346276
275.287	-1.67892	0.0473491
275.455	-1.423	-0.213213
275.622	-1.12433	-0.427112
275.79	-0.797741	-0.588422
275.957	-0.457397	-0.693673
276.125	-0.115701	-0.741625
276.293	0.216647	-0.732969
276.46	0.529957	-0.67009
276.628	0.814823	-0.556967
276.795	1.06181	-0.399156
276.963	1.26183	-0.203777
277.13	1.40726	0.0206328
277.298	1.49337	0.264479
277.465	1.51959	0.517712
277.633	1.48975	0.77056
277.801	1.41128	1.01421
277.968	1.29345	1.24129
278.136	1.14553	1.44597
278.303	0.975341	1.62392
278.471	0.788503	1.77189
278.638	0.588383	1.88741
278.806	0.376435	1.9684
278.973	0.152752	2.0129
279.141	-0.0833148	2.0189
279.309	-0.332532	1.98425
279.476	-0.595105	1.90671
279.644	-0.869882	1.78414
279.811	-1.15338	1.61472
279.979	-1.43868	1.39753
280.146	-1.71455	1.13313
280.314	-1.96539	0.824368
280.481	-2.17297	0.476941
280.649	-2.32046	0.0995671
280.816	-2.39779	-0.296712
280.984	-2.40589	-0.700051
281.152	-2.35726	-1.09975
281.319	-2.27226	-1.48794
281.487	-2.17337	-1.86042
281.654	-2.08026	-2.21658
281.822	-2.00708	-2.55865
281.989	-1.96193	-2.89073
282.157	-1.94743	3.06537
282.324	-1.96133	2.73827
282.492	-1.99703	2.40689
282.66	-2.04366	2.06844
282.827	-2.0864	1.72227
282.995	-2.1076	1.37048
283.162	-2.08911	1.01823
283.33	-2.01582	0.673486
283.497	-1.87912	0.346276
283.665	-1.67892	0.0473491
283.832	-1.423	-0.213213
284	-1.12433	-0.427112
284.168	-0.797741	-0.588422
284.335	-0.457397	-0.693673
284.503	-0.115701	-0.741625
284.67	0.216647	-0.732969
284.838	0.529957	-0.67009
285.005	0.814823	-0.556967
285.173	1.06181	-0.399156
285.34	1.26183	-0.203777
285.508	1.40726	0.0206328
285.675	1.49337	0.264479
285.843	1.51959	0.517712
286.011	1.48975	0.77056
286.178	1.41128	1.01421
286.346	1.29345	1.24129
286.513	1.14553	1.44597
286.681	0.975341	1.62392
286.848	0.788503	1.77189
287.016	0.588383	1.88741
287.183	0.376435	1.9684
287.351	0.152752	2.0129
287.519	-0.0833148	2.0189
287.686	-0.332532	1.98424
287.854	-0.595105	1.90671
288.021	-0.869882	1.78414
288.189	-1.15338	1.61472
288.356	-1.43868	1.39753
288.524	-1.71455	1.13313
288.691	-1.96539	0.824368
288.859	-2.17297	0.476941
289.027	-2.32046	0.0995671
289.194	-2.39779	-0.296712
289.362	-2.40589	-0.700051
289.529	-2.35726	-1.09975
289.697	-2.27226	-1.48794
289.864	-2.17337	-1.86042
290.032	-2.08026	-2.21658
290.199	-2.00708	-2.55865
290.367	-1.96193	-2.89073
290.534	-1.94743	3.06537
290.702	-1.96133	2.73827
290.87	-1.99703	2.40689
291.037	-2.04366	2.06844
291.205	-2.0864	1.72227
291.372	-2.1076	1.37048
291.54	-2.08911	1.01823
291.707	-2.01582	0.673486
291.875	-1.87912	0.346276
292.042	-1.67892	0.0473491
292.21	-1.423	-0.213213
292.378	-1.12433	-0.427112
292.545	-0.797741	-0.588422
292.713	-0.457397	-0.693673
292.88	-0.115701	-0.741625
293.048	0.216647	-0.732969
293.215	0.529957	-0.67009
293.383	0.814823	-0.556967
293.55	1.06181	-0.399156
293.718	1.26183	-0.203777
293.886	1.40726	0.0206328
294.053	1.49337	0.264479
294.221	1.51959	0.517712
294.388	1.48975	0.77056
294.556	1.41128	1.01421
294.723	1.29345	1.24129
294.891	1.14553	1.44597
295.058	0.975341	1.62392
295.226	0.788503	1.77189
295.393	0.588383	1.88741
295.561	0.376435	1.9684
295.729	0.152752	2.0129
295.896	-0.0833148	2.0189
296.064	-0.332532	1.98425
296.231	-0.595105	1.90671
296.399	-0.869882	1.78414
296.566	-1.15338	1.61472
296.734	-1.43868	1.39753
296.901	-1.71455	1.13313
297.069	-1.96539	0.824368
297.237	-2.17297	0.476941
297.404	-2.32046	0.0995671
297.572	-2.39779	-0.296712
297.739	-2.40589	-0.700051
297.907	-2.35726	-1.09975
298.074	-2.27226	-1.48794
298.242	-2.17337	-1.86042
298.409	-2.08026	-2.21658
298.577	-2.00708	-2.55865
298.745	-1.96193	-2.89073
298.912	-1.94743	3.06537
299.08	-1.96133	2.73827
299.247	-1.99703	2.40689
299.415	-2.04366	2.06844
299.582	-2.0864	1.72227
299.75	-2.1076	1.37048
299.917	-2.08911	1.01823
300.085	-2.01582	0.673486
300.252	-1.87912	0.346276
300.42	-1.67892	0.0473491
300.588	-1.423	-0.213213
300.755	-1.12433	-0.427112
300.923	-0.797741	-0.588422
301.09	-0.457397	-0.693673
301.258	-0.115701	-0.741625
301.425	0.216647	-0.732969
301.593	0.529957	-0.67009
301.76	0.814823	-0.556967
301.928	1.06181	-0.399156
302.096	1.26183	-0.203777
302.263	1.40726	0.0206328
302.431	1.49337	0.264479
302.598	1.51959	0.517712
302.766	1.48975	0.77056
302.933	1.41128	1.01421
303.101	1.29345	1.24129
303.268	1.14553	1.44597
303.436	0.975341	1.62392
303.604	0.788503	1.77189
303.771	0.588383	1.88741
303.939	0.376435	1.9684
304.106	0.152752	2.0129
304.274	-0.0833148	2.0189
304.441	-0.332532	1.98424
304.609	-0.595105	1.90671
304.776	-0.869882	1.78414
304.944	-1.15338	1.61472
305.111	-1.43868	1.39753
305.279	-1.71455	1.13313
305.447	-1.96539	0.824368
305.614	-2.17297	0.476941
305.782	-2.32046	0.0995671
305.949	-2.39779	-0.296712
306.117	-2.40589	-0.700051
306.284	-2.35726	-1.09975
306.452	-2.27226	-1.48794
306.619	-2.17337	-1.86042
306.787	-2.08026	-2.21658
306.955	-2.00708	-2.55865
307.122	-1.96193	-2.89073
307.29	-1.94743	3.06537
307.457	-1.96133	2.73827
307.625	-1.99703	2.40689
307.792	-2.04366	2.06844
307.96	-2.0864	1.72227
308.127	-2.1076	1.37048
308.295	-2.08911	1.01823
308.463	-2.01582	0.673486
308.63	-1.87912	0.346276
308.798	-1.67892	0.0473491
308.965	-1.423	-0.213213
309.133	-1.12433	-0.427112
309.3	-0.797741	-0.588422
309.468	-0.457397	-0.693673
309.635	-0.115701	-0.741625
309.803	0.216647	-0.732969
309.97	0.529957	-0.67009
310.138	0.814823	-0.556967
310.306	1.06181	-0.399156
310.473	1.26183	-0.203777
310.641	1.40726	0.0206328
310.808	1.49337	0.264479
310.976	1.51959	0.517712
311.143	1.48975	0.77056
311.311	1.41128	1.01421
311.478	1.29345	1.24129
311.646	1.14553	1.44597
311.814	0.975341	1.62392
311.981	0.788503	1.77189
312.149	0.588383	1.88741
312.316	0.376435	1.9684
312.484	0.152752	2.0129
312.651	-0.0833148	2.0189
312.819	-0.332532	1.98425
312.986	-0.595105	1.90671
313.154	-0.869882	1.78414
313.322	-1.15338	1.61472
313.489	-1.43868	1.39753
313.657	-1.71455	1.13313
313.824	-1.96539	0.824368
313.992	-2.17297	0.476941
314.159	-2.32046	0.0995671
314.327	-2.39779	-0.296712
314.494	-2.40589	-0.700051
314.662	-2.35726	-1.09975
314.829	-2.27226	-1.48794
314.997	-2.17337	-1.86042
315.165	-2.08026	-2.21658
315.332	-2.00708	-2.55865
315.5	-1.96193	-2.89073
315.667	-1.94743	3.06537
315.835	-1.96133	2.73827
316.002	-1.99703	2.40689
316.17	-2.04366	2.06844
316.337	-2.0864	1.72227
316.505	-2.1076	1.37048
316.673	-2.08911	1.01823
316.84	-2.01582	0.673486
317.008	-1.87912	0.346276
317.175	-1.67892	0.0473491
317.343	-1.423	-0.213213
317.51	-1.12433	-0.427112
317.678	-0.797741	-0.588422
317.845	-0.457397	-0.693673
318.013	-0.115701	-0.741625
318.181	0.216647	-0.732969
318.348	0.529957	-0.67009
318.516	0.814823	-0.556967
318.683	1.06181	-0.399156
318.851	1.26183	-0.203777
319.018	1.40726	0.0206328
319.186	1.49337	0.264479
319.353	1.51959	0.517712
319.521	1.48975	0.77056
319.688	1.41128	1.01421
319.856	1.29345	1.24129
320.024	1.14553	1.44597
320.191	0.975341	1.62392
320.359	0.788503	1.77189
320.526	0.588383	1.88741
320.694	0.376435	1.9684
320.861	0.152752	2.0129
321.029	-0.0833148	2.0189
321.196	-0.332532	1.98425
321.364	-0.595105	1.90671
321.532	-0.869882	1.78414
321.699	-1.15338	1.61472
321.867	-1.43868	1.39753
322.034	-1.71455	1.13313
322.202	-1.96539	0.824368
322.369	-2.17297	0.476941
322.537	-2.32046	0.0995671
322.704	-2.39779	-0.296712
322.872	-2.40589	-0.700051
323.04	-2.35726	-1.09975
323.207	-2.27226	-1.48794
323.375	-2.17337	-1.86042
323.542	-2.08026	-2.21658
323.71	-2.00708	-2.55865
323.877	-1.96193	-2.89073
324.045	-1.94743	3.06537
324.212	-1.96133	2.73827
324.38	-1.99703	2.40689
324.547	-2.04366	2.06844
324.715	-2.0864	1.72227
324.883	-2.1076	1.37048
325.05	-2.08911	1.01823
325.218	-2.01582	0.673486
325.385	-1.87912	0.346276
325.553	-1.67892	0.0473491
325.72	-1.423	-0.213213
325.888	-1.12433	-0.427112
326.055	-0.797741	-0.588422
326.223	-0.457397	-0.693673
326.391	-0.115701	-0.741625
326.558	0.216647	-0.732969
326.726	0.529957	-0.67009
326.893	0.814823	-0.556967
327.061	1.06181	-0.399156
327.228	1.26183	-0.203777
327.396	1.40726	0.0206328
327.563	1.49337	0.264479
327.731	1.51959	0.517712
327.898	1.48975	0.77056
328.066	1.41128	1.01421
328.234	1.29345	1.24129
328.401	1.14553	1.44597
328.569	0.975341	1.62392
328.736	0.788503	1.77189
328.904	0.588383	1.88741
329.071	0.376435	1.9684
329.239	0.152752	2.0129
329.406	-0.0833148	2.0189
329.574	-0.332532	1.98425
329.742	-0.595105	1.90671
329.909	-0.869882	1.78414
330.077	-1.15338	1.61472
330.244	-1.43868	1.39753
330.412	-1.71455	1.13313
330.579	-1.96539	0.824368
330.747	-2.17297	0.476941
330.914	-2.32046	0.0995671
331.082	-2.39779	-0.296712
331.25	-2.40589	-0.700051
331.417	-2.35726	-1.09975
331.585	-2.27226	-1.48794
331.752	-2.17337	-1.86042
331.92	-2.08026	-2.21658
332.087	-2.00708	-2.55865
332.255	-1.96193	-2.89073
332.422	-1.94743	3.06537
332.59	-1.96133	2.73827
332.757	-1.99703	2.40689
332.925	-2.04366	2.06844
333.093	-2.0864	1.72227
333.26	-2.1076	1.37048
333.428	-2.08911	1.01823
333.595	-2.01582	0.673486
333.763	-1.87912	0.346276
333.93	-1.67892	0.0473491
334.098	-1.423	-0.213213
334.265	-1.12433	-0.427112
334.433	-0.797741	-0.588422
334.601	-0.457397	-0.693673
334.768	-0.115701	-0.741625
334.936	0.216647	-0.732969
335.103	0.529957	-0.67009
335.271	0.814823	-0.556967
335.438	1.06181	-0.399156
335.606	1.26183	-0.203777
335.773	1.40726	0.0206328
335.941	1.49337	0.264479
336.109	1.51959	0.517712
336.276	1.48975	0.77056
336.444	1.41128	1.01421
336.611	1.29345	1.24129
336.779	1.14553	1.44597
336.946	0.975341	1.62392
337.114	0.788503	1.77189
337.281	0.588383	1.88741
337.449	0.376435	1.9684
337.616	0.152752	2.0129
337.784	-0.0833148	2.0189
337.952	-0.332532	1.98425
338.119	-0.595105	1.90671
338.287	-0.869882	1.78414
338.454	-1.15338	1.61472
338.622	-1.43868	1.39753
338.789	-1.71455	1.13313
338.957	-1.96539	0.824368
339.124	-2.17297	0.476941
339.292	-2.32046	0.0995671
339.46	-2.39779	-0.296712
339.627	-2.40589	-0.700051
339.795	-2.35726	-1.09975
339.962	-2.27226	-1.48794
340.13	-2.17337	-1.86042
340.297	-2.08026	-2.21658
340.465	-2.00708	-2.55865
340.632	-1.96193	-2.89073
340.8	-1.94743	3.06537
340.968	-1.96133	2.73827
341.135	-1.99703	2.40689
341.303	-2.04366	2.06844
341.47	-2.0864	1.72227
341.638	-2.1076	1.37048
341.805	-2.08911	1.01823
341.973	-2.01582	0.673486
342.14	-1.87912	0.346276
342.308	-1.67892	0.0473491
342.475	-1.423	-0.213213
342.643	-1.12433	-0.427112
342.811	-0.797741	-0.588422
342.978	-0.457397	-0.693673
343.146	-0.115701	-0.741625
343.313	0.216647	-0.732969
343.481	0.529957	-0.67009
343.648	0.814823	-0.556967
343.816	1.06181	-0.399156
343.983	1.26183	-0.203777
344.151	1.40726	0.0206328
344.319	1.49337	0.264479
344.486	1.51959	0.517712
344.654	1.48975	0.77056
344.821	1.41128	1.01421
344.989	1.29345	1.24129
345.156	1.14553	1.44597
345.324	0.975341	1.62392
345.491	0.788503	1.77189
345.659	0.588383	1.88741
345.827	0.376435	1.9684
345.994	0.152752	2.0129
346.162	-0.0833148	2.0189
346.329	-0.332532	1.98425
346.497	-0.595105	1.90671
346.664	-0.869882	1.78414
346.832	-1.15338	1.61472
346.999	-1.43868	1.39753
347.167	-1.71455	1.13313
347.334	-1.96539	0.824368
347.502	-2.17297	0.476941
347.67	-2.32046	0.0995671
347.837	-2.39779	-0.296712
348.005	-2.40589	-0.700051
348.172	-2.35726	-1.09975
348.34	-2.27226	-1.48794
348.507	-2.17337	-1.86042
348.675	-2.08026	-2.21658
348.842	-2.00708	-2.55865
349.01	-1.96193	-2.89073
349.178	-1.94743	3.06537
349.345	-1.96133	2.73827
349.513	-1.99703	2.40689
349.68	-2.04366	2.06844
349.848	-2.0864	1.72227
350.015	-2.1076	1.37048
350.183	-2.08911	1.01823
350.35	-2.01582	0.673486
350.518	-1.87912	0.346276
350.686	-1.67892	0.0473491
350.853	-1.423	-0.213213
351.021	-1.12433	-0.427112
351.188	-0.797741	-0.588422
351.356	-0.457397	-0.693673
351.523	-0.115701	-0.741625
351.691	0.216647	-0.732969
351.858	0.529957	-0.67009
352.026	0.814823	-0.556967
352.193	1.06181	-0.399156
352.361	1.26183	-0.203777
352.529	1.40726	0.0206328
352.696	1.49337	0.264479
352.864	1.51959	0.517712
353.031	1.48975	0.77056
353.199	1.41128	1.01421
353.366	1.29345	1.24129
353.534	1.14553	1.44597
353.701	0.975341	1.62392
353.869	0.788503	1.77189
354.037	0.588383	1.88741
354.204	0.376435	1.9684
354.372	0.152752	2.0129
354.539	-0.0833148	2.0189
354.707	-0.332532	1.98425
354.874	-0.595105	1.90671
355.042	-0.869882	1.78414
355.209	-1.15338	1.61472
355.377	-1.43868	1.39753
355.545	-1.71455	1.13313
355.712	-1.96539	0.824368
355.88	-2.17297	0.476941
356.047	-2.32046	0.0995671
356.215	-2.39779	-0.296712
356.382	-2.40589	-0.700051
356.55	-2.35726	-1.09975
356.717	-2.27226	-1.48794
356.885	-2.17337	-1.86042
357.052	-2.08026	-2.21658
357.22	-2.00708	-2.55865
357.388	-1.96193	-2.89073
357.555	-1.94743	3.06537
357.723	-1.96133	2.73827
357.89	-1.99703	2.40689
358.058	-2.04366	2.06844
358.225	-2.0864	1.72227
358.393	-2.1076	1.37048
358.56	-2.08911	1.01823
358.728	-2.01582	0.673486
358.896	-1.87912	0.346276
359.063	-1.67892	0.0473491
359.231	-1.423	-0.213213
359.398	-1.12433	-0.427112
359.566	-0.797741	-0.588422
359.733	-0.457397	-0.693673
359.901	-0.115701	-0.741625
360.068	0.216647	-0.732969
360.236	0.529957	-0.67009
360.404	0.814823	-0.556967
360.571	1.06181	-0.399156
360.739	1.26183	-0.203777
360.906	1.40726	0.0206328
361.074	1.49337	0.264479
361.241	1.51959	0.517712
361.409	1.48975	0.77056
361.576	1.41128	1.01421
361.744	1.29345	1.24129
361.911	1.14553	1.44597
362.079	0.975341	1.62392
362.247	0.788503	1.77189
362.414	0.588383	1.88741
362.582	0.376435	1.9684
362.749	0.152752	2.0129
362.917	-0.0833148	2.0189
363.084	-0.332532	1.98425
363.252	-0.595105	1.90671
363.419	-0.869882	1.78414
363.587	-1.15338	1.61472
363.755	-1.43868	1.39753
363.922	-1.71455	1.13313
364.09	-1.96539	0.824368
364.257	-2.17297	0.476941
364.425	-2.32046	0.0995671
364.592	-2.39779	-0.296712
364.76	-2.40589	-0.700051
364.927	-2.35726	-1.09975
365.095	-2.27226	-1.48794
365.263	-2.17337	-1.86042
365.43	-2.08026	-2.21658
365.598	-2.00708	-2.55865
365.765	-1.96193	-2.89073
365.933	-1.94743	3.06537
366.1	-1.96133	2.73827
366.268	-1.99703	2.40689
366.435	-2.04366	2.06844
366.603	-2.0864	1.72227
366.77	-2.1076	1.37048
366.938	-2.08911	1.01823
367.106	-2.01582	0.673486
367.273	-1.87912	0.346276
367.441	-1.67892	0.0473491
367.608	-1.423	-0.213213
367.776	-1.12433	-0.427112
367.943	-0.797741	-0.588422
368.111	-0.457397	-0.693673
368.278	-0.115701	-0.741625
368.446	0.216647	-0.732969
368.614	0.529957	-0.67009
368.781	0.814823	-0.556967
368.949	1.06181	-0.399156
369.116	1.26183	-0.203777
369.284	1.40726	0.0206328
369.451	1.49337	0.264479
369.619	1.51959	0.517712
369.786	1.48975	0.77056
369.954	1.41128	1.01421
370.122	1.29345	1.24129
370.289	1.14553	1.44597
370.457	0.975341	1.62392
370.624	0.788503	1.77189
370.792	0.588383	1.88741
370.959	0.376435	1.9684
371.127	0.152752	2.0129
371.294	-0.0833148	2.0189
371.462	-0.332532	1.98425
371.629	-0.595105	1.90671
371.797	-0.869882	1.78414
371.965	-1.15338	1.61472
372.132	-1.43868	1.39753
372.3	-1.71455	1.13313
372.467	-1.96539	0.824368
372.635	-2.17297	0.476941
372.802	-2.32046	0.0995671
372.97	-2.39779	-0.296712
373.137	-2.40589	-0.700051
373.305	-2.35726	-1.09975
373.473	-2.27226	-1.48794
373.64	-2.17337	-1.86042
373.808	-2.08026	-2.21658
373.975	-2.00708	-2.55865
374.143	-1.96193	-2.89073
374.31	-1.94743	3.06537
374.478	-1.96133	2.73827
374.645	-1.99703	2.40689
374.813	-2.04366	2.06844
374.98	-2.0864	1.72227
375.148	-2.1076	1.37048
375.316	-2.08911	1.01823
375.483	-2.01582	0.673486
375.651	-1.87912	0.346276
375.818	-1.67892	0.0473491
375.986	-1.423	-0.213213
376.153	-1.12433	-0.427112
376.321	-0.797741	-0.588422
376.488	-0.457397	-0.693673
376.656	-0.115701	-0.741625
376.824	0.216647	-0.732969
376.991	0.529957	-0.67009
377.159	0.814823	-0.556967
377.326	1.06181	-0.399156
377.494	1.26183	-0.203777
377.661	1.40726	0.0206328
377.829	1.49337	0.264479
377.996	1.51959	0.517712
378.164	1.48975	0.77056
378.332	1.41128	1.01421
378.499	1.29345	1.24129
378.667	1.14553	1.44597
378.834	0.975341	1.62392
379.002	0.788503	1.77189
379.169	0.588383	1.88741
379.337	0.376435	1.9684
379.504	0.152752	2.0129
379.672	-0.0833148	2.0189
379.839	-0.332532	1.98425
380.007	-0.595105	1.90671
380.175	-0.869882	1.78414
380.342	-1.15338	1.61472
380.51	-1.43868	1.39753
380.677	-1.71455	1.13313
380.845	-1.96539	0.824368
381.012	-2.17297	0.476941
381.18	-2.32046	0.0995671
381.347	-2.39779	-0.296712
381.515	-2.40589	-0.700051
381.683	-2.35726	-1.09975
381.85	-2.27226	-1.48794
382.018	-2.17337	-1.86042
382.185	-2.08026	-2.21658
382.353	-2.00708	-2.55865
382.52	-1.96193	-2.89073
382.688	-1.94743	3.06537
382.855	-1.96133	2.73827
383.023	-1.99703	2.40689
383.191	-2.04366	2.06844
383.358	-2.0864	1.72227
383.526	-2.1076	1.37048
383.693	-2.08911	1.01823
383.861	-2.01582	0.673486
384.028	-1.87912	0.346276
384.196	-1.67892	0.0473491
384.363	-1.423	-0.213213
384.531	-1.12433	-0.427112
384.698	-0.797741	-0.588422
384.866	-0.457397	-0.693673
385.034	-0.115701	-0.741625
385.201	0.216647	-0.732969
385.369	0.529957	-0.67009
385.536	0.814823	-0.556967
385.704	1.06181	-0.399156
385.871	1.26183	-0.203777
386.039	1.40726	0.0206328
386.206	1.49337	0.264479
386.374	1.51959	0.517712
386.542	1.48975	0.77056
386.709	1.41128	1.01421
386.877	1.29345	1.24129
387.044	1.14553	1.44597
387.212	0.975341	1.62392
387.379	0.788503	1.77189
387.547	0.588383	1.88741
387.714	0.376435	1.9684
387.882	0.152752	2.0129
388.05	-0.0833148	2.0189
388.217	-0.332532	1.98425
388.385	-0.595105	1.90671
388.552	-0.869882	1.78414
388.72	-1.15338	1.61472
388.887	-1.43868	1.39753
389.055	-1.71455	1.13313
389.222	-1.96539	0.824368
389.39	-2.17297	0.476941
389.557	-2.32046	0.0995671
389.725	-2.39779	-0.296712
389.893	-2.40589	-0.700051
390.06	-2.35726	-1.09975
390.228	-2.27226	-1.48794
390.395	-2.17337	-1.86042
390.563	-2.08026	-2.21658
390.73	-2.00708	-2.55865
390.898	-1.96193	-2.89073
391.065	-1.94743	3.06537
391.233	-1.96133	2.73827
391.401	-1.99703	2.40689
391.568	-2.04366	2.06844
391.736	-2.0864	1.72227
391.903	-2.1076	1.37048
392.071	-2.08911	1.01823
392.238	-2.01582	0.673486
392.406	-1.87912	0.346276
392.573	-1.67892	0.0473491
392.741	-1.423	-0.213213
392.909	-1.12433	-0.427112
393.076	-0.797741	-0.588422
393.244	-0.457397	-0.693673
393.411	-0.115701	-0.741625
393.579	0.216647	-0.732969
393.746	0.529957	-0.67009
393.914	0.814823	-0.556967
394.081	1.06181	-0.399156
394.249	1.26183	-0.203777
394.416	1.40726	0.0206328
394.584	1.49337	0.264479
394.752	1.51959	0.517712
394.919	1.48975	0.77056
395.087	1.41128	1.01421
395.254	1.29345	1.24129
395.422	1.14553	1.44597
395.589	0.975341	1.62392
395.757	0.788503	1.77189
395.924	0.588383	1.88741
396.092	0.376435	1.9684
396.26	0.152752	2.0129
396.427	-0.0833148	2.0189
396.595	-0.332532	1.98425
396.762	-0.595105	1.90671
396.93	-0.869882	1.78414
397.097	-1.15338	1.61472
397.265	-1.43868	1.39753
397.432	-1.71455	1.13313
397.6	-1.96539	0.824368
397.768	-2.17297	0.476941
397.935	-2.32046	0.0995671
398.103	-2.39779	-0.296712
398.27	-2.40589	-0.700051
398.438	-2.35726	-1.09975
398.605	-2.27226	-1.48794
398.773	-2.17337	-1.86042
398.94	-2.08026	-2.21658
399.108	-2.00708	-2.55865
399.275	-1.96193	-2.89073
399.443	-1.94743	3.06537
399.611	-1.96133	2.73827
399.778	-1.99703	2.40689
399.946	-2.04366	2.06844
400.113	-2.0864	1.72227
400.281	-2.1076	1.37048
400.448	-2.08911	1.01823
400.616	-2.01582	0.673486
400.783	-1.87912	0.346276
400.951	-1.67892	0.0473491
401.119	-1.423	-0.213213
401.286	-1.12433	-0.427112
401.454	-0.797741	-0.588422
401.621	-0.457397	-0.693673
401.789	-0.115701	-0.741625
401.956	0.216647	-0.732969
402.124	0.529957	-0.67009
402.291	0.814823	-0.556967
402.459	1.06181	-0.399156
402.627	1.26183	-0.203777
402.794	1.40726	0.0206328
402.962	1.49337	0.264479
403.129	1.51959	0.517712
403.297	1.48975	0.77056
403.464	1.41128	1.01421
403.632	1.29345	1.24129
403.799	1.14553	1.44597
403.967	0.975341	1.62392
404.134	0.788503	1.77189
404.302	0.588383	1.88741
404.47	0.376435	1.9684
404.637	0.152752	2.0129
404.805	-0.0833148	2.0189
404.972	-0.332532	1.98425
405.14	-0.595105	1.90671
405.307	-0.869882	1.78414
405.475	-1.15338	1.61472
405.642	-1.43868	1.39753
405.81	-1.71455	1.13313
405.978	-1.96539	0.824368
406.145	-2.17297	0.476941
406.313	-2.32046	0.0995671
406.48	-2.39779	-0.296712
406.648	-2.40589	-0.700051
406.815	-2.35726	-1.09975
406.983	-2.27226	-1.48794
407.15	-2.17337	-1.86042
407.318	-2.08026	-2.21658
407.486	-2.00708	-2.55865
407.653	-1.96193	-2.89073
407.821	-1.94743	3.06537
407.988	-1.96133	2.73827
408.156	-1.99703	2.40689
408.323	-2.04366	2.06844
408.491	-2.0864	1.72227
408.658	-2.1076	1.37048
408.826	-2.08911	1.01823
408.993	-2.01582	0.673486
409.161	-1.87912	0.346276
409.329	-1.67892	0.0473491
409.496	-1.423	-0.213213
409.664	-1.12433	-0.427112
409.831	-0.797741	-0.588422
409.999	-0.457397	-0.693673
410.166	-0.115701	-0.741625
410.334	0.216647	-0.732969
410.501	0.529957	-0.67009
410.669	0.814823	-0.556967
410.837	1.06181	-0.399156
411.004	1.26183	-0.203777
411.172	1.40726	0.0206328
411.339	1.49337	0.264479
411.507	1.51959	0.517712
411.674	1.48975	0.77056
411.842	1.41128	1.01421
412.009	1.29345	1.24129
412.177	1.14553	1.44597
412.345	0.975341	1.62392
412.512	0.788503	1.77189
412.68	0.588383	1.88741
412.847	0.376435	1.9684
413.015	0.152752	2.0129
413.182	-0.0833148	2.0189
413.35	-0.332532	1.98425
413.517	-0.595105	1.90671
413.685	-0.869882	1.78414
413.852	-1.15338	1.61472
414.02	-1.43868	1.39753
414.188	-1.71455	1.13313
414.355	-1.96539	0.824368
414.523	-2.17297	0.476941
414.69	-2.32046	0.0995671
414.858	-2.39779	-0.296712
415.025	-2.40589	-0.700051
415.193	-2.35726	-1.09975
415.36	-2.27226	-1.48794
415.528	-2.17337	-1.86042
415.696	-2.08026	-2.21658
415.863	-2.00708	-2.55865
416.031	-1.96193	-2.89073
416.198	-1.94743	3.06537
416.366	-1.96133	2.73827
416.533	-1.99703	2.40689
416.701	-2.04366	2.06844
416.868	-2.0864	1.72227
417.036	-2.1076	1.37048
417.204	-2.08911	1.01823
417.371	-2.01582	0.673486
417.539	-1.87912	0.346276
417.706	-1.67892	0.0473491
417.874	-1.423	-0.213213
418.041	-1.12433	-0.427112
418.209	-0.797741	-0.588422
418.376	-0.457397	-0.693673
418.544	-0.115701	-0.741625
418.711	0.216647	-0.732969
418.879	0.529957	-0.67009
419.047	0.814823	-0.556967
419.214	1.06181	-0.399156
419.382	1.26183	-0.203777
419.549	1.40726	0.0206328
419.717	1.49337	0.264479
419.884	1.51959	0.517712
420.052	1.48975	0.77056
420.219	1.41128	1.01421
420.387	1.29345	1.24129
420.555	1.14553	1.44597
420.722	0.975341	1.62392
420.89	0.788503	1.77189
421.057	0.588383	1.88741
421.225	0.376435	1.9684
421.392	0.152752	2.0129
421.56	-0.0833148	2.0189
421.727	-0.332532	1.98425
421.895	-0.595105	1.90671
422.063	-0.869882	1.78414
422.23	-1.15338	1.61472
422.398	-1.43868	1.39753
422.565	-1.71455	1.13313
422.733	-1.96539	0.824368
422.9	-2.17297	0.476941
423.068	-2.32046	0.0995671
423.235	-2.39779	-0.296712
423.403	-2.40589	-0.700051
423.57	-2.35726	-1.09975
423.738	-2.27226	-1.48794
423.906	-2.17337	-1.86042
424.073	-2.08026	-2.21658
424.241	-2.00708	-2.55865
424.408	-1.96193	-2.89073
424.576	-1.94743	3.06537
424.743	-1.96133	2.73827
424.911	-1.99703	2.40689
425.078	-2.04366	2.06844
425.246	-2.0864	1.72227
425.414	-2.1076	1.37048
425.581	-2.08911	1.01823
425.749	-2.01582	0.673486
425.916	-1.87912	0.346276
426.084	-1.67892	0.0473491
426.251	-1.423	-0.213213
426.419	-1.12433	-0.427112
426.586	-0.797741	-0.588422
426.754	-0.457397	-0.693673
426.921	-0.115701	-0.741625
427.089	0.216647	-0.732969
427.257	0.529957	-0.67009
427.424	0.814823	-0.556967
427.592	1.06181	-0.399156
427.759	1.26183	-0.203777
427.927	1.40726	0.0206328
428.094	1.49337	0.264479
428.262	1.51959	0.517712
428.429	1.48975	0.77056
428.597	1.41128	1.01421
428.765	1.29345	1.24129
428.932	1.14553	1.44597
429.1	0.975341	1.62392
429.267	0.788503	1.77189
429.435	0.588383	1.88741
429.602	0.376435	1.9684
429.77	0.152752	2.0129
429.937	-0.0833148	2.0189
430.105	-0.332532	1.98425
430.273	-0.595105	1.90671
430.44	-0.869882	1.78414
430.608	-1.15338	1.61472
430.775	-1.43868	1.39753
430.943	-1.71455	1.13313
431.11	-1.96539	0.824368
431.278	-2.17297	0.476941
431.445	-2.32046	0.0995671
431.613	-2.39779	-0.296712
431.78	-2.40589	-0.700051
431.948	-2.35726	-1.09975
432.116	-2.27226	-1.48794
432.283	-2.17337	-1.86042
432.451	-2.08026	-2.21658
432.618	-2.00708	-2.55865
432.786	-1.96193	-2.89073
432.953	-1.94743	3.06537
433.121	-1.96133	2.73827
433.288	-1.99703	2.40689
433.456	-2.04366	2.06844
433.624	-2.0864	1.72227
433.791	-2.1076	1.37048
433.959	-2.08911	1.01823
434.126	-2.01582	0.673486
434.294	-1.87912	0.346276
434.461	-1.67892	0.0473491
434.629	-1.423	-0.213213
434.796	-1.12433	-0.427112
434.964	-0.797741	-0.588422
435.132	-0.457397	-0.693673
435.299	-0.115701	-0.741625
435.467	0.216647	-0.732969
435.634	0.529957	-0.67009
435.802	0.814823	-0.556967
435.969	1.06181	-0.399156
436.137	1.26183	-0.203777
436.304	1.40726	0.0206328
436.472	1.49337	0.264479
436.639	1.51959	0.517712
436.807	1.48975	0.77056
436.975	1.41128	1.01421
437.142	1.29345	1.24129
437.31	1.14553	1.44597
437.477	0.975341	1.62392
437.645	0.788503	1.77189
437.812	0.588383	1.88741
437.98	0.376435	1.9684
438.147	0.152752	2.0129
438.315	-0.0833148	2.0189
438.483	-0.332532	1.98425
438.65	-0.595105	1.90671
438.818	-0.869882	1.78414
438.985	-1.15338	1.61472
439.153	-1.43868	1.39753
439.32	-1.71455	1.13313
439.488	-1.96539	0.824368
439.655	-2.17297	0.476941
439.823	-2.32046	0.0995671
439.991	-2.39779	-0.296712
440.158	-2.40589	-0.700051
440.326	-2.35726	-1.09975
440.493	-2.27226	-1.48794
440.661	-2.17337	-1.86042
440.828	-2.08026	-2.21658
440.996	-2.00708	-2.55865
441.163	-1.96193	-2.89073
441.331	-1.94743	3.06537
441.498	-1.96133	2.73827
441.666	-1.99703	2.40689
441.834	-2.04366	2.06844
442.001	-2.0864	1.72227
442.169	-2.1076	1.37048
442.336	-2.08911	1.01823
442.504	-2.01582	0.673486
442.671	-1.87912	0.346276
442.839	-1.67892	0.0473491
443.006	-1.423	-0.213213
443.174	-1.12433	-0.427112
443.342	-0.797741	-0.588422
443.509	-0.457397	-0.693673
443.677	-0.115701	-0.741625
443.844	0.216647	-0.732969
444.012	0.529957	-0.67009
444.179	0.814823	-0.556967
444.347	1.06181	-0.399156
444.514	1.26183	-0.203777
444.682	1.40726	0.0206328
444.85	1.49337	0.264479
445.017	1.51959	0.517712
445.185	1.48975	0.77056
445.352	1.41128	1.01421
445.52	1.29345	1.24129
445.687	1.14553	1.44597
445.855	0.975341	1.62392
446.022	0.788503	1.77189
446.19	0.588383	1.88741
446.357	0.376435	1.9684
446.525	0.152752	2.0129
446.693	-0.0833148	2.0189
446.86	-0.332532	1.98425
447.028	-0.595105	1.90671
447.195	-0.869882	1.78414
447.363	-1.15338	1.61472
447.53	-1.43868	1.39753
447.698	-1.71455	1.13313
447.865	-1.96539	0.824368
448.033	-2.17297	0.476941
448.201	-2.32046	0.0995671
448.368	-2.39779	-0.296712
448.536	-2.40589	-0.700051
448.703	-2.35726	-1.09975
448.871	-2.27226	-1.48794
449.038	-2.17337	-1.86042
449.206	-2.08026	-2.21658
449.373	-2.00708	-2.55865
449.541	-1.96193	-2.89073
449.709	-1.94743	3.06537
449.876	-1.96133	2.73827
450.044	-1.99703	2.40689
450.211	-2.04366	2.06844
450.379	-2.0864	1.72227
450.546	-2.1076	1.37048
450.714	-2.08911	1.01823
450.881	-2.01582	0.673486
451.049	-1.87912	0.346276
451.216	-1.67892	0.0473491
451.384	-1.423	-0.213213
451.552	-1.12433	-0.427112
451.719	-0.797741	-0.588422
451.887	-0.457397	-0.693673
452.054	-0.115701	-0.741625
452.222	0.216647	-0.732969
452.389	0.529957	-0.67009
452.557	0.814823	-0.556967
452.724	1.06181	-0.399156
452.892	1.26183	-0.203777
453.06	1.40726	0.0206328
453.227	1.49337	0.264479
453.395	1.51959	0.517712
453.562	1.48975	0.77056
453.73	1.41128	1.01421
453.897	1.29345	1.24129
454.065	1.14553	1.44597
454.232	0.975341	1.62392
454.4	0.788503	1.77189
454.568	0.588383	1.88741
454.735	0.376435	1.9684
454.903	0.152752	2.0129
455.07	-0.0833148	2.0189
455.238	-0.332532	1.98425
455.405	-0.595105	1.90671
455.573	-0.869882	1.78414
455.74	-1.15338	1.61472
455.908	-1.43868	1.39753
456.075	-1.71455	1.13313
456.243	-1.96539	0.824368
456.411	-2.17297	0.476941
456.578	-2.32046	0.0995671
456.746	-2.39779	-0.296712
456.913	-2.40589	-0.700051
457.081	-2.35726	-1.09975
457.248	-2.27226	-1.48794
457.416	-2.17337	-1.86042
457.583	-2.08026	-2.21658
457.751	-2.00708	-2.55865
457.919	-1.96193	-2.89073
458.086	-1.94743	3.06537
458.254	-1.96133	2.73827
458.421	-1.99703	2.40689
458.589	-2.04366	2.06844
458.756	-2.0864	1.72227
458.924	-2.1076	1.37048
459.091	-2.08911	1.01823
459.259	-2.01582	0.673486
459.427	-1.87912	0.346276
459.594	-1.67892	0.0473491
459.762	-1.423	-0.213213
459.929	-1.12433	-0.427112
460.097	-0.797741	-0.588422
460.264	-0.457397	-0.693673
460.432	-0.115701	-0.741625
460.599	0.216647	-0.732969
460.767	0.529957	-0.67009
460.934	0.814823	-0.556967
461.102	1.06181	-0.399156
461.27	1.26183	-0.203777
461.437	1.40726	0.0206328
461.605	1.49337	0.264479
461.772	1.51959	0.517712
461.94	1.48975	0.77056
462.107	1.41128	1.01421
462.275	1.29345	1.24129
462.442	1.14553	1.44597
462.61	0.975341	1.62392
462.778	0.788503	1.77189
462.945	0.588383	1.88741
463.113	0.376435	1.9684
463.28	0.152752	2.0129
463.448	-0.0833148	2.0189
463.615	-0.332532	1.98425
463.783	-0.595105	1.90671
463.95	-0.869882	1.78414
464.118	-1.15338	1.61472
464.286	-1.43868	1.39753
464.453	-1.71455	1.13313
464.621	-1.96539	0.824368
464.788	-2.17297	0.476941
464.956	-2.32046	0.0995671
465.123	-2.39779	-0.296712
465.291	-2.40589	-0.700051
465.458	-2.35726	-1.09975
465.626	-2.27226	-1.48794
465.793	-2.17337	-1.86042
465.961	-2.08026	-2.21658
466.129	-2.00708	-2.55865
466.296	-1.96193	-2.89073
466.464	-1.94743	3.06537
466.631	-1.96133	2.73827
466.799	-1.99703	2.40689
466.966	-2.04366	2.06844
467.134	-2.0864	1.72227
467.301	-2.1076	1.37048
467.469	-2.08911	1.01823
467.637	-2.01582	0.673486
467.804	-1.87912	0.346276
467.972	-1.67892	0.0473491
468.139	-1.423	-0.213213
468.307	-1.12433	-0.427112
468.474	-0.797741	-0.588422
468.642	-0.457397	-0.693673
468.809	-0.115701	-0.741625
468.977	0.216647	-0.732969
469.145	0.529957	-0.67009
469.312	0.814823	-0.556967
469.48	1.06181	-0.399156
469.647	1.26183	-0.203777
469.815	1.40726	0.0206328
469.982	1.49337	0.264479
470.15	1.51959	0.517712
470.317	1.48975	0.77056
470.485	1.41128	1.01421
470.652	1.29345	1.24129
470.82	1.14553	1.44597
470.988	0.975341	1.62392
471.155	0.788503	1.77189
471.323	0.588383	1.88741
471.49	0.376435	1.9684
471.658	0.152752	2.0129
471.825	-0.0833148	2.0189
471.993	-0.332532	1.98425
472.16	-0.595105	1.90671
472.328	-0.869882	1.78414
472.496	-1.15338	1.61472
472.663	-1.43868	1.39753
472.831	-1.71455	1.13313
472.998	-1.96539	0.824368
473.166	-2.17297	0.476941
473.333	-2.32046	0.0995671
473.501	-2.39779	-0.296712
473.668	-2.40589	-0.700051
473.836	-2.35726	-1.09975
474.003	-2.27226	-1.48794
474.171	-2.17337	-1.86042
474.339	-2.08026	-2.21658
474.506	-2.00708	-2.55865
474.674	-1.96193	-2.89073
474.841	-1.94743	3.06537
475.009	-1.96133	2.73827
475.176	-1.99703	2.40689
475.344	-2.04366	2.06844
475.511	-2.0864	1.72227
475.679	-2.1076	1.37048
475.847	-2.08911	1.01823
476.014	-2.01582	0.673486
476.182	-1.87912	0.346276
476.349	-1.67892	0.0473491
476.517	-1.423	-0.213213
476.684	-1.12433	-0.427112
476.852	-0.797741	-0.588422
477.019	-0.457397	-0.693673
477.187	-0.115701	-0.741625
477.355	0.216647	-0.732969
477.522	0.529957	-0.67009
477.69	0.814823	-0.556967
477.857	1.06181	-0.399156
478.025	1.26183	-0.203777
478.192	1.40726	0.0206328
478.36	1.49337	0.264479
478.527	1.51959	0.517712
478.695	1.48975	0.77056
478.862	1.41128	1.01421
479.03	1.29345	1.24129
479.198	1.14553	1.44597
479.365	0.975341	1.62392
479.533	0.788503	1.77189
479.7	0.588383	1.88741
479.868	0.376435	1.9684
480.035	0.152752	2.0129
480.203	-0.0833148	2.0189
480.37	-0.332532	1.98425
480.538	-0.595105	1.90671
480.706	-0.869882	1.78414
480.873	-1.15338	1.61472
481.041	-1.43868	1.39753
481.208	-1.71455	1.13313
481.376	-1.96539	0.824368
481.543	-2.17297	0.476941
481.711	-2.32046	0.0995671
481.878	-2.39779	-0.296712
482.046	-2.40589	-0.700051
482.214	-2.35726	-1.09975
482.381	-2.27226	-1.48794
482.549	-2.17337	-1.86042
482.716	-2.08026	-2.21658
482.884	-2.00708	-2.55865
483.051	-1.96193	-2.89073
483.219	-1.94743	3.06537
483.386	-1.96133	2.73827
483.554	-1.99703	2.40689
483.721	-2.04366	2.06844
483.889	-2.0864	1.72227
484.057	-2.1076	1.37048
484.224	-2.08911	1.01823
484.392	-2.01582	0.673486
484.559	-1.87912	0.346276
484.727	-1.67892	0.0473491
484.894	-1.423	-0.213213
485.062	-1.12433	-0.427112
485.229	-0.797741	-0.588422
485.397	-0.457397	-0.693673
485.565	-0.115701	-0.741625
485.732	0.216647	-0.732969
485.9	0.529957	-0.67009
486.067	0.814823	-0.556967
486.235	1.06181	-0.399156
486.402	1.26183	-0.203777
486.57	1.40726	0.0206328
486.737	1.49337	0.264479
486.905	1.51959	0.517712
487.073	1.48975	0.77056
487.24	1.41128	1.01421
487.408	1.29345	1.24129
487.575	1.14553	1.44597
487.743	0.975341	1.62392
487.91	0.788503	1.77189
488.078	0.588383	1.88741
488.245	0.376435	1.9684
488.413	0.152752	2.0129
488.58	-0.0833148	2.0189
488.748	-0.332532	1.98425
488.916	-0.595105	1.90671
489.083	-0.869882	1.78414
489.251	-1.15338	1.61472
489.418	-1.43868	1.39753
489.586	-1.71455	1.13313
489.753	-1.96539	0.824368
489.921	-2.17297	0.476941
490.088	-2.32046	0.0995671
490.256	-2.39779	-0.296712
490.424	-2.40589	-0.700051
490.591	-2.35726	-1.09975
490.759	-2.27226	-1.48794
490.926	-2.17337	-1.86042
491.094	-2.08026	-2.21658
491.261	-2.00708	-2.55865
491.429	-1.96193	-2.89073
491.596	-1.94743	3.06537
491.764	-1.96133	2.73827
491.932	-1.99703	2.40689
492.099	-2.04366	2.06844
492.267	-2.0864	1.72227
492.434	-2.1076	1.37048
492.602	-2.08911	1.01823
492.769	-2.01582	0.673486
492.937	-1.87912	0.346276
493.104	-1.67892	0.0473491
493.272	-1.423	-0.213213
493.439	-1.12433	-0.427112
493.607	-0.797741	-0.588422
493.775	-0.457397	-0.693673
493.942	-0.115701	-0.741625
494.11	0.216647	-0.732969
494.277	0.529957	-0.67009
494.445	0.814823	-0.556967
494.612	1.06181	-0.399156
494.78	1.26183	-0.203777
494.947	1.40726	0.0206328
495.115	1.49337	0.264479
495.283	1.51959	0.517712
495.45	1.48975	0.77056
495.618	1.41128	1.01421
495.785	1.29345	1.24129
495.953	1.14553	1.44597
496.12	0.975341	1.62392
496.288	0.788503	1.77189
496.455	0.588383	1.88741
496.623	0.376435	1.9684
496.791	0.152752	2.0129
496.958	-0.0833148	2.0189
497.126	-0.332532	1.98425
497.293	-0.595105	1.90671
497.461	-0.869882	1.78414
497.628	-1.15338	1.61472
497.796	-1.43868	1.39753
497.963	-1.71455	1.13313
498.131	-1.96539	0.824368
498.298	-2.17297	0.476941
498.466	-2.32046	0.0995671
498.634	-2.39779	-0.296712
498.801	-2.40589	-0.700051
498.969	-2.35726	-1.09975
499.136	-2.27226	-1.48794
499.304	-2.17337	-1.86042
499.471	-2.08026	-2.21658
499.639	-2.00708	-2.55865
499.806	-1.96193	-2.89073
499.974	-1.94743	3.06537
