#t	omega	theta
0	0.75	0
0.167552	0.699157	0.121649
0.335103	0.632188	0.233388
0.502655	0.552106	0.332764
0.670206	0.462153	0.417849
0.837758	0.365564	0.487263
1.00531	0.265405	0.540152
1.17286	0.16447	0.576158
1.34041	0.0652488	0.595363
1.50796	-0.0300593	0.598242
1.67552	-0.119512	0.585617
1.84307	-0.201386	0.558617
2.01062	-0.27415	0.518641
2.17817	-0.336463	0.467333
2.34572	-0.387199	0.406539
2.51327	-0.425484	0.338277
2.68083	-0.450753	0.264685
2.84838	-0.4628	0.187967
3.01593	-0.461812	0.110328
3.18348	-0.44838	0.0339082
3.35103	-0.423476	-0.0392841
3.51858	-0.388403	-0.107432
3.68614	-0.344717	-0.168958
3.85369	-0.294148	-0.222563
4.02124	-0.238507	-0.267244
4.18879	-0.179619	-0.302306
4.35634	-0.119255	-0.327353
4.52389	-0.0590905	-0.34228
4.69145	-0.00067608	-0.347253
4.859	0.054583	-0.342683
5.02655	0.105439	-0.329208
5.1941	0.150813	-0.307657
5.36165	0.189804	-0.279027
5.5292	0.221705	-0.244449
5.69675	0.246012	-0.205157
5.86431	0.262436	-0.162451
6.03186	0.270915	-0.117658
6.19941	0.271604	-0.0721018
6.36696	0.264878	-0.0270575
6.53451	0.251306	0.0162771
6.70206	0.231627	0.0568147
6.86962	0.206719	0.0936039
7.03717	0.177556	0.125849
7.20472	0.145179	0.152924
7.37227	0.110651	0.174379
7.53982	0.0750292	0.189942
7.70737	0.0393345	0.199517
7.87493	0.00452794	0.203173
8.04248	-0.028509	0.201134
8.21003	-0.0589903	0.193763
8.37758	-0.0862388	0.181547
8.54513	-0.109696	0.165076
8.71268	-0.128932	0.145023
8.88024	-0.143647	0.122123
9.04779	-0.153678	0.0971486
9.21534	-0.158999	0.0708885
9.38289	-0.15971	0.0441253
9.55044	-0.156036	0.0176143
9.71799	-0.148313	-0.00793662
9.88554	-0.136969	-0.0318835
10.0531	-0.122513	-0.0536615
10.2206	-0.105509	-0.0727956
10.3882	-0.0865617	-0.0889092
10.5558	-0.0662951	-0.101729
10.7233	-0.0453325	-0.111086
10.8909	-0.0242811	-0.116915
11.0584	-0.00371614	-0.11925
11.226	0.0158324	-0.118217
11.3935	0.0338908	-0.114028
11.5611	0.0500512	-0.106967
11.7286	0.0639781	-0.0973804
11.8962	0.0754139	-0.0856665
12.0637	0.0841817	-0.0722582
12.2313	0.0901862	-0.0576115
12.3988	0.0934119	-0.0421918
12.5664	0.0939202	-0.0264607
12.7339	0.0918433	-0.0108634
12.9015	0.0873777	0.00418275
13.069	0.0807744	0.0182977
13.2366	0.0723299	0.0311476
13.4041	0.0623747	0.0424513
13.5717	0.0512627	0.051985
13.7392	0.0393596	0.0595854
13.9068	0.0270328	0.0651509
14.0743	0.0146406	0.0686406
14.2419	0.0025236	0.0700724
14.4094	-0.00900385	0.0695192
14.577	-0.0196605	0.0671039
14.7445	-0.029204	0.0629932
14.9121	-0.0374351	0.0573909
15.0796	-0.0442012	0.0505304
15.2472	-0.0493971	0.0426667
15.4147	-0.0529666	0.0340682
15.5823	-0.0549001	0.0250089
15.7499	-0.0552336	0.0157605
15.9174	-0.0540446	0.00658506
16.085	-0.0514481	-0.00227138
16.2525	-0.0475911	-0.0105849
16.4201	-0.0426473	-0.0181586
16.5876	-0.0368105	-0.0248263
16.7552	-0.0302883	-0.0304556
16.9227	-0.0232957	-0.0349497
17.0903	-0.0160486	-0.0382479
17.2578	-0.00875835	-0.0403252
17.4254	-0.00162565	-0.0411916
17.5929	0.00516389	-0.0408892
17.7605	0.0114441	-0.0394897
17.928	0.0170717	-0.0370907
18.0956	0.021929	-0.033812
18.2631	0.0259254	-0.0297904
18.4307	0.0289988	-0.0251759
18.5982	0.0311156	-0.0201263
18.7658	0.03227	-0.0148028
18.9333	0.0324828	-0.00936515
19.1009	0.0317992	-0.00396778
19.2684	0.0302866	0.00124453
19.436	0.0280311	0.00613983
19.6035	0.0251345	0.010602
19.7711	0.0217106	0.014533
19.9386	0.0178814	0.0178546
20.1062	0.0137731	0.0205095
20.2737	0.00951285	0.0224616
20.4413	0.00522492	0.0236958
20.6088	0.00102761	0.0242175
20.7764	-0.00296972	0.0240513
20.944	-0.00666906	0.023239
21.1115	-0.00998585	0.0218379
21.2791	-0.0128505	0.019918
21.4466	-0.0152097	0.0175599
21.6142	-0.0170264	0.0148516
21.7817	-0.0182807	0.0118858
21.9493	-0.0189689	0.00875727
22.1168	-0.0191031	0.00556017
22.2844	-0.0187096	0.00238526
22.4519	-0.0178278	-0.000682191
22.6195	-0.0165083	-0.00356445
22.787	-0.0148108	-0.00619306
22.9546	-0.012802	-0.0085102
23.1221	-0.0105536	-0.0104697
23.2897	-0.00813991	-0.0120375
23.4572	-0.00563556	-0.0131923
23.6248	-0.00311373	-0.0139251
23.7923	-0.000644062	-0.0142387
23.9599	0.00170901	-0.0141474
24.1274	0.00388773	-0.0136757
24.295	0.00584222	-0.0128572
24.4625	0.00753143	-0.0117328
24.6301	0.00892374	-0.01035
24.7976	0.00999736	-0.00876026
24.9652	0.0107403	-0.00701829
25.1327	0.0111504	-0.00517975
25.3003	0.0112345	-0.00329997
25.4678	0.0110079	-0.0014324
25.6354	0.0104938	0.000372749
25.8029	0.00972183	0.0020697
25.9705	0.00872691	0.00361811
26.1381	0.00754832	0.00498386
26.3056	0.00622812	0.00613966
26.4732	0.00480998	0.00706545
26.6407	0.00333784	0.00774849
26.8083	0.00185473	0.00818336
26.9758	0.000401661	0.0083717
27.1434	-0.000983428	0.00832176
27.3109	-0.0022665	0.00804785
27.4785	-0.00341814	0.0075696
27.646	-0.00441413	0.00691113
27.8136	-0.00523578	0.00610016
27.9811	-0.00587018	0.00516707
28.1487	-0.00631022	0.00414391
28.3162	-0.00655447	0.00306344
28.4838	-0.00660691	0.0019582
28.6513	-0.00647653	0.000859659
28.8189	-0.00617681	-0.000202637
28.9864	-0.00572511	-0.00120172
29.154	-0.00514199	-0.00211379
29.3215	-0.00445047	-0.00291875
29.4891	-0.00367528	-0.00360049
29.6566	-0.00284208	-0.00414711
29.8242	-0.00197672	-0.00455108
29.9917	-0.00110451	-0.00480914
30.1593	-0.000249586	-0.00492217
30.3268	0.0005657	-0.00489499
30.4944	0.00132129	-0.00473595
30.6619	0.00199986	-0.00445653
30.8295	0.00258709	-0.00407089
30.997	0.00307195	-0.00359531
31.1646	0.0034468	-0.00304762
31.3322	0.0037074	-0.00244666
31.4997	0.00385285	-0.0018117
31.6673	0.00388545	-0.00116187
31.8348	0.00381044	-0.000515686
32.0024	0.00363571	0.000109449
32.1699	0.00337143	0.000697648
32.3375	0.00302966	0.0012349
32.505	0.00262393	0.00170932
32.6726	0.00216876	0.00211142
32.8401	0.00167924	0.00243416
33.0077	0.00117056	0.00267307
33.1752	0.000657619	0.00282618
33.3428	0.000154628	0.002894
33.5103	-0.000325256	0.00287929
33.6779	-0.000770215	0.00278696
33.8454	-0.00117003	0.00262372
34.013	-0.00151625	0.00239787
34.1805	-0.00180237	0.00211898
34.3481	-0.00202385	0.00179751
34.5156	-0.00217817	0.00144454
34.6832	-0.00226477	0.00107138
34.8507	-0.00228498	0.000689315
35.0183	-0.00224184	0.000309221
35.1858	-0.00213999	-5.86516e-05
35.3534	-0.00198537	-0.000404946
35.5209	-0.00178506	-0.000721401
35.6885	-0.00154701	-0.00100102
35.856	-0.00127975	-0.00123818
36.0236	-0.000992144	-0.00142873
36.1911	-0.000693133	-0.00157001
36.3587	-0.000391481	-0.00166085
36.5263	-9.55494e-05	-0.00170152
36.6938	0.000186912	-0.00169363
36.8614	0.00044894	-0.00164003
37.0289	0.000684507	-0.00154466
37.1965	0.000888633	-0.0014124
37.364	0.00105747	-0.00124885
37.5316	0.00118832	-0.00106017
37.6991	0.0012797	-0.00085285
37.8667	0.00133126	-0.000633561
38.0342	0.00134375	-0.000408925
38.2018	0.00131896	-0.00018535
38.3693	0.00125959	3.11309e-05
38.5369	0.00116913	0.000235005
38.7044	0.00105174	0.000421405
38.872	0.000912071	0.000586201
39.0395	0.000755145	0.000726079
39.2071	0.000586172	0.00083858
39.3746	0.00041041	0.000922128
39.5422	0.000233014	0.000976019
39.7097	5.89059e-05	0.0010004
39.8773	-0.00010735	0.000996198
40.0448	-0.000261652	0.000965091
40.2124	-0.000400446	0.000909385
40.3799	-0.000520792	0.000831932
40.5475	-0.000620416	0.000736024
40.715	-0.000697729	0.000625276
40.8826	-0.000751836	0.00050351
41.0501	-0.000782524	0.000374643
41.2177	-0.000790229	0.000242569
41.3852	-0.00077599	0.000111061
41.5528	-0.000741386	-1.63296e-05
41.7204	-0.000688466	-0.000136356
41.8879	-0.000619666	-0.000246149
42.0555	-0.000537723	-0.000343274
42.223	-0.000445583	-0.000425772
42.3906	-0.00034631	-0.000492192
42.5581	-0.000242995	-0.000541596
42.7257	-0.000138673	-0.000573564
42.8932	-3.62389e-05	-0.000588172
43.0608	6.16184e-05	-0.000585964
43.2283	0.000152482	-0.000567914
43.3959	0.000234257	-0.000535375
43.5634	0.000305209	-0.000490019
43.731	0.000363994	-0.000433779
43.8985	0.00040967	-0.000368777
44.0661	0.000441706	-0.000297259
44.2336	0.00045997	-0.000221529
44.4012	0.000464712	-0.000143878
44.5687	0.000456538	-6.65247e-05
44.7363	0.000436371	8.43917e-06
44.9038	0.000405413	7.91016e-05
45.0714	0.000365093	0.000143771
45.2389	0.000317018	0.000201012
45.4065	0.000262918	0.000249668
45.574	0.000204594	0.000288881
45.7416	0.000143866	0.000318094
45.9091	8.25163e-05	0.000337056
46.0767	2.22514e-05	0.000345807
46.2442	-3.53465e-05	0.000344662
46.4118	-8.88531e-05	0.000334191
46.5793	-0.000137033	0.000315185
46.7469	-0.000178863	0.000288626
46.9145	-0.00021355	0.000255647
47.082	-0.000240535	0.000217495
47.2496	-0.000259502	0.000175491
47.4171	-0.00027037	0.000130988
47.5847	-0.000273283	8.53338e-05
47.7522	-0.000268593	3.98349e-05
47.9198	-0.000256841	-4.27788e-06
48.0873	-0.000238732	-4.58782e-05
48.2549	-0.000215103	-8.39692e-05
48.4224	-0.000186898	-0.000117704
48.59	-0.000155133	-0.0001464
48.7575	-0.000120868	-0.00016955
48.9251	-8.51718e-05	-0.000186824
49.0926	-4.90941e-05	-0.00019807
49.2602	-1.36387e-05	-0.00020331
49.4277	2.02626e-05	-0.000202727
49.5953	5.17705e-05	-0.000196654
49.7628	8.01569e-05	-0.000185554
49.9304	0.000104818	-0.000170001
50.0979	0.000125284	-0.000150663
50.2655	0.000141226	-0.000128271
50.433	0.000152456	-0.000103601
50.6006	0.000158922	-7.74491e-05
50.7681	0.000160708	-5.06077e-05
50.9357	0.000158019	-2.38456e-05
51.1032	0.000151172	2.11257e-06
51.2708	0.000140579	2.66033e-05
51.4383	0.000126731	4.90391e-05
51.6059	0.000110184	6.89204e-05
51.7734	9.15339e-05	8.58446e-05
51.941	7.14035e-05	9.95111e-05
52.1086	5.04213e-05	0.000109725
52.2761	2.92053e-05	0.000116394
52.4437	8.34606e-06	0.000119531
52.6112	-1.16076e-05	0.000119242
52.7788	-3.01612e-05	0.00011572
52.9463	-4.68856e-05	0.000109237
53.1139	-6.14244e-05	0.000100131
53.2814	-7.35003e-05	8.87912e-05
53.449	-8.29182e-05	7.56491e-05
53.6165	-8.95658e-05	6.116e-05
53.7841	-9.34126e-05	4.57918e-05
53.9516	-9.45058e-05	3.0011e-05
54.1192	-9.29654e-05	1.42698e-05
54.2867	-8.89761e-05	-1.00509e-06
54.4543	-8.27799e-05	-1.5423e-05
54.6218	-7.46652e-05	-2.86377e-05
54.7894	-6.49574e-05	-4.03545e-05
54.9569	-5.40074e-05	-5.03357e-05
55.1245	-4.21809e-05	-5.84036e-05
55.292	-2.98478e-05	-6.44424e-05
55.4596	-1.73715e-05	-6.83977e-05
55.6271	-5.09964e-06	-7.02751e-05
55.7947	6.64461e-06	-7.01362e-05
55.9622	1.757e-05	-6.80943e-05
56.1298	2.74233e-05	-6.43084e-05
56.2973	3.59945e-05	-5.89763e-05
56.4649	4.31196e-05	-5.23274e-05
56.6324	4.86832e-05	-4.46141e-05
56.8	5.26184e-05	-3.61045e-05
56.9675	5.49065e-05	-2.70736e-05
57.1351	5.55747e-05	-1.77957e-05
57.3027	5.46928e-05	-8.53697e-06
57.4702	5.23689e-05	4.51431e-07
57.6378	4.87446e-05	8.93933e-06
57.8053	4.39895e-05	1.67227e-05
57.9729	3.82943e-05	2.36278e-05
58.1404	3.18652e-05	2.95142e-05
58.308	2.49174e-05	3.4277e-05
58.4755	1.76682e-05	3.78473e-05
58.6431	1.03314e-05	4.01928e-05
58.8106	3.11167e-06	4.1316e-05
58.9782	-3.80068e-06	4.12527e-05
59.1457	-1.02341e-05	4.00691e-05
59.3133	-1.60392e-05	3.78584e-05
59.4808	-2.10922e-05	3.47364e-05
59.6484	-2.52961e-05	3.08378e-05
59.8159	-2.85827e-05	2.63109e-05
59.9835	-3.09121e-05	2.13131e-05
60.151	-3.2273e-05	1.60063e-05
60.3186	-3.26808e-05	1.05516e-05
60.4861	-3.21763e-05	5.10581e-06
60.6537	-3.08226e-05	-1.83296e-07
60.8212	-2.87029e-05	-5.18013e-06
60.9888	-2.59164e-05	-9.76447e-06
61.1563	-2.25753e-05	-1.38338e-05
61.3239	-1.88007e-05	-1.73053e-05
61.4914	-1.4719e-05	-2.01168e-05
61.659	-1.04581e-05	-2.22277e-05
61.8265	-6.14364e-06	-2.36184e-05
61.9941	-1.8962e-06	-2.42902e-05
62.1616	2.17219e-06	-2.42638e-05
62.3292	5.96043e-06	-2.3578e-05
62.4967	9.38056e-06	-2.22871e-05
62.6643	1.23594e-05	-2.04592e-05
62.8319	1.48398e-05	-1.81733e-05
62.9994	1.67812e-05	-1.55165e-05
63.167	1.816e-05	-1.25813e-05
63.3345	1.89693e-05	-9.46282e-06
63.5021	1.92179e-05	-6.25595e-06
63.6696	1.89295e-05	-3.05286e-06
63.8372	1.81411e-05	5.94267e-08
64.0047	1.69013e-05	3.00105e-06
64.1723	1.52685e-05	5.70115e-06
64.3398	1.33085e-05	8.0993e-06
64.5074	1.10924e-05	1.01466e-05
64.6749	8.6945e-06	1.18062e-05
64.8425	6.19e-06	1.30542e-05
65.01	3.65292e-06	1.38787e-05
65.1776	1.15413e-06	1.42804e-05
65.3451	-1.24038e-06	1.42713e-05
65.5127	-3.47105e-06	1.38739e-05
65.6802	-5.486e-06	1.31202e-05
65.8478	-7.24208e-06	1.205e-05
66.0153	-8.7055e-06	1.07097e-05
66.1829	-9.8523e-06	9.15049e-06
66.3504	-1.06684e-05	7.42668e-06
66.518	-1.11496e-05	5.59419e-06
66.6855	-1.1301e-05	3.70885e-06
66.8531	-1.11362e-05	1.82487e-06
67.0206	-1.06771e-05	-6.48373e-09
67.1882	-9.95206e-06	-1.7382e-06
67.3557	-8.99531e-06	-3.3285e-06
67.5233	-7.84548e-06	-4.74176e-06
67.6908	-6.5444e-06	-5.9491e-06
67.8584	-5.13571e-06	-6.9288e-06
68.026	-3.66363e-06	-7.66655e-06
68.1935	-2.17171e-06	-8.15539e-06
68.3611	-7.01671e-07	-8.39553e-06
68.5286	7.07642e-07	-8.39392e-06
68.6962	2.02113e-06	-8.16375e-06
68.8637	3.20823e-06	-7.7237e-06
69.0313	4.24345e-06	-7.09716e-06
69.1988	5.10686e-06	-6.31131e-06
69.3664	5.78425e-06	-5.39623e-06
69.5339	6.26729e-06	-4.38386e-06
69.7015	6.55338e-06	-3.30705e-06
69.869	6.64541e-06	-2.19865e-06
70.0366	6.55141e-06	-1.09055e-06
70.2041	6.28406e-06	-1.29384e-08
70.3717	5.86006e-06	1.0065e-06
70.5392	5.29945e-06	1.94315e-06
70.7068	4.62493e-06	2.776e-06
70.8743	3.86107e-06	3.48799e-06
71.0419	3.03351e-06	4.06629e-06
71.2094	2.16827e-06	4.50242e-06
71.377	1.29097e-06	4.79222e-06
71.5445	4.26143e-07	4.93573e-06
71.7121	-4.03317e-07	4.937e-06
71.8796	-1.17674e-06	4.80371e-06
72.0472	-1.8761e-06	4.54681e-06
72.2147	-2.48637e-06	4.18001e-06
72.3823	-2.99576e-06	3.71926e-06
72.5498	-3.39588e-06	3.18223e-06
72.7174	-3.68177e-06	2.58768e-06
72.8849	-3.85183e-06	1.95493e-06
73.0525	-3.90773e-06	1.3033e-06
73.2201	-3.85415e-06	6.51558e-07
73.3876	-3.69849e-06	1.74671e-08
73.5552	-3.45054e-06	-5.8266e-07
73.7227	-3.12206e-06	-1.13432e-06
73.8903	-2.72638e-06	-1.62512e-06
74.0578	-2.27792e-06	-2.04499e-06
74.2254	-1.79177e-06	-2.38635e-06
74.3929	-1.28321e-06	-2.64416e-06
74.5605	-7.67322e-07	-2.81595e-06
74.728	-2.58552e-07	-2.9017e-06
74.8956	2.29628e-07	-2.90374e-06
75.0631	6.85038e-07	-2.82658e-06
75.2307	1.09705e-06	-2.67661e-06
75.3982	1.4568e-06	-2.46188e-06
75.5658	1.75733e-06	-2.19174e-06
75.7333	1.99367e-06	-1.87658e-06
75.9009	2.16286e-06	-1.52741e-06
76.0684	2.26394e-06	-1.1556e-06
76.236	2.29787e-06	-7.72512e-07
76.4035	2.26735e-06	-3.89183e-07
76.5711	2.17674e-06	-1.60737e-08
76.7386	2.03174e-06	3.37209e-07
76.9062	1.83928e-06	6.62117e-07
77.0737	1.60717e-06	9.51342e-07
77.2413	1.34389e-06	1.19894e-06
77.4088	1.0583e-06	1.40044e-06
77.5764	7.59388e-07	1.55284e-06
77.7439	4.56029e-07	1.65466e-06
77.9115	1.56724e-07	1.70588e-06
78.079	-1.30593e-07	1.70785e-06
78.2466	-3.98748e-07	1.66319e-06
78.4142	-6.41476e-07	1.57565e-06
78.5817	-8.53546e-07	1.44995e-06
78.7493	-1.03085e-06	1.29157e-06
78.9168	-1.17044e-06	1.10661e-06
79.0844	-1.27056e-06	9.0156e-07
79.2519	-1.33064e-06	6.83083e-07
79.4195	-1.35121e-06	4.57866e-07
79.587	-1.33385e-06	2.32409e-07
79.7546	-1.2811e-06	1.28668e-08
79.9221	-1.19632e-06	-1.95102e-07
80.0897	-1.08356e-06	-3.8646e-07
80.2572	-9.474e-07	-5.56898e-07
80.4248	-7.92832e-07	-7.02908e-07
80.5923	-6.25062e-07	-8.21841e-07
80.7599	-4.49377e-07	-9.11926e-07
80.9274	-2.70994e-07	-9.72278e-07
81.095	-9.4917e-08	-1.00287e-06
81.2625	7.41817e-08	-1.00448e-06
81.4301	2.32075e-07	-9.78635e-07
81.5976	3.75071e-07	-9.2754e-07
81.7652	5.00083e-07	-8.53953e-07
81.9327	6.04683e-07	-7.61101e-07
82.1003	6.8713e-07	-6.5256e-07
82.2678	7.46381e-07	-5.32139e-07
82.4354	7.82083e-07	-4.03762e-07
82.6029	7.94541e-07	-2.7136e-07
82.7705	7.84679e-07	-1.38757e-07
82.938	7.53978e-07	-9.57599e-09
83.1056	7.04406e-07	1.12849e-07
83.2731	6.38338e-07	2.25551e-07
83.4407	5.5847e-07	3.25987e-07
83.6083	4.67727e-07	4.12088e-07
83.7758	3.69172e-07	4.82287e-07
83.9434	2.65913e-07	5.35536e-07
84.1109	1.6102e-07	5.71305e-07
84.2785	5.74372e-08	5.89568e-07
84.446	-4.20841e-08	5.90779e-07
84.6136	-1.35054e-07	5.75832e-07
84.7811	-2.19295e-07	5.46011e-07
84.9487	-2.92986e-07	5.02936e-07
85.1162	-3.54695e-07	4.485e-07
85.2838	-4.03389e-07	3.84804e-07
85.4513	-4.38451e-07	3.14085e-07
85.6189	-4.59665e-07	2.38652e-07
85.7864	-4.67205e-07	1.60814e-07
85.954	-4.61608e-07	8.28243e-08
86.1215	-4.43742e-07	6.81388e-09
86.2891	-4.14758e-07	-6.52537e-08
86.4566	-3.7605e-07	-1.31629e-07
86.6242	-3.29201e-07	-1.90814e-07
86.7917	-2.75929e-07	-2.41587e-07
86.9593	-2.18034e-07	-2.83021e-07
87.1268	-1.57345e-07	-3.14495e-07
87.2944	-9.56652e-08	-3.35693e-07
87.4619	-3.47298e-08	-3.46594e-07
87.6295	2.38419e-08	-3.47463e-07
87.797	7.85829e-08	-3.38819e-07
87.9646	1.2821e-07	-3.21416e-07
88.1321	1.71649e-07	-2.96202e-07
88.2997	2.08053e-07	-2.64289e-07
88.4672	2.36813e-07	-2.2691e-07
88.6348	2.57559e-07	-1.8538e-07
88.8024	2.70163e-07	-1.41056e-07
88.9699	2.74723e-07	-9.5297e-08
89.1375	2.71552e-07	-4.94275e-08
89.305	2.61155e-07	-4.70295e-09
89.4726	2.4421e-07	3.77205e-08
89.6401	2.21533e-07	7.68122e-08
89.8077	1.94052e-07	1.11688e-07
89.9752	1.62778e-07	1.41628e-07
90.1428	1.28769e-07	1.66083e-07
90.3103	9.30993e-08	1.84686e-07
90.4779	5.68308e-08	1.97248e-07
90.6454	2.09842e-08	2.03754e-07
90.813	-1.34871e-08	2.04356e-07
90.9805	-4.57187e-08	1.9936e-07
91.1481	-7.49543e-08	1.89204e-07
91.3156	-1.0056e-07	1.74445e-07
91.4832	-1.22036e-07	1.55736e-07
91.6507	-1.39021e-07	1.33802e-07
91.8183	-1.51297e-07	1.09413e-07
91.9858	-1.58784e-07	8.33691e-08
92.1534	-1.6154e-07	5.64686e-08
92.3209	-1.59745e-07	2.94909e-08
92.4885	-1.53697e-07	3.1752e-09
92.656	-1.4379e-07	-2.17977e-08
92.8236	-1.30504e-07	-4.48205e-08
92.9911	-1.14385e-07	-6.53718e-08
93.1587	-9.60261e-08	-8.30262e-08
93.3262	-7.60482e-08	-9.74601e-08
93.4938	-5.50837e-08	-1.08455e-07
93.6613	-3.37575e-08	-1.15899e-07
93.8289	-1.267e-08	-1.19781e-07
93.9965	7.6173e-09	-1.20189e-07
94.164	2.65952e-08	-1.17301e-07
94.3316	4.38179e-08	-1.11375e-07
94.4991	5.89115e-08	-1.02737e-07
94.6667	7.15805e-08	-9.17693e-08
94.8342	8.16116e-08	-7.88976e-08
95.0018	8.88747e-08	-6.45758e-08
95.1693	9.33224e-08	-4.92728e-08
95.3369	9.49864e-08	-3.34587e-08
95.5044	9.39725e-08	-1.75922e-08
95.672	9.04539e-08	-2.10825e-09
95.8395	8.46624e-08	1.25921e-08
96.0071	7.68792e-08	2.61511e-08
96.1746	6.74246e-08	3.82612e-08
96.3422	5.66468e-08	4.86714e-08
96.5097	4.49114e-08	5.71903e-08
96.6773	3.25899e-08	6.36886e-08
96.8448	2.00499e-08	6.80991e-08
97.0124	7.64489e-09	7.0415e-08
97.1799	-4.29463e-09	7.0687e-08
97.3475	-1.54687e-08	6.90186e-08
97.515	-2.56145e-08	6.55609e-08
97.6826	-3.45114e-08	6.0505e-08
97.8501	-4.19851e-08	5.40756e-08
98.0177	-4.79091e-08	4.65223e-08
98.1852	-5.22063e-08	3.8112e-08
98.3528	-5.4848e-08	2.91203e-08
98.5203	-5.58521e-08	1.98238e-08
98.6879	-5.52803e-08	1.04922e-08
98.8554	-5.32337e-08	1.38163e-09
99.023	-4.98482e-08	-7.27175e-09
99.1906	-4.52886e-08	-1.5257e-08
99.3581	-3.97431e-08	-2.2393e-08
99.5257	-3.34161e-08	-2.85314e-08
99.6932	-2.65225e-08	-3.35592e-08
99.8608	-1.92809e-08	-3.73998e-08
100.028	-1.19073e-08	-4.00129e-08
100.196	-4.60991e-09	-4.13942e-08
100.363	2.41673e-09	-4.15729e-08
100.531	8.99588e-09	-4.06094e-08
100.699	1.49726e-08	-3.8592e-08
100.866	2.02169e-08	-3.5633e-08
101.034	2.46256e-08	-3.1864e-08
101.201	2.81241e-08	-2.74317e-08
101.369	3.06664e-08	-2.2493e-08
101.536	3.22353e-08	-1.72097e-08
101.704	3.28409e-08	-1.17446e-08
101.871	3.2519e-08	-6.25647e-09
102.039	3.13288e-08	-8.95957e-10
102.206	2.93498e-08	4.19781e-09
102.374	2.66788e-08	8.90057e-09
102.542	2.34261e-08	1.31054e-08
102.709	1.97119e-08	1.67249e-08
102.877	1.56626e-08	1.96923e-08
103.044	1.14065e-08	2.1962e-08
103.212	7.07088e-09	2.35102e-08
103.379	2.77812e-09	2.43339e-08
103.547	-1.35715e-09	2.44499e-08
103.714	-5.23085e-09	2.38937e-08
103.882	-8.75166e-09	2.27168e-08
104.05	-1.18429e-08	2.0985e-08
104.217	-1.44435e-08	1.87757e-08
104.385	-1.65095e-08	1.61748e-08
104.552	-1.80136e-08	1.32747e-08
104.72	-1.89452e-08	1.01704e-08
104.887	-1.93102e-08	6.95774e-09
105.055	-1.91294e-08	3.73002e-09
105.222	-1.84373e-08	5.76002e-10
105.39	-1.72805e-08	-2.4224e-09
105.558	-1.57159e-08	-5.19196e-09
105.725	-1.38081e-08	-7.66966e-09
105.893	-1.16278e-08	-9.80386e-09
106.06	-9.24917e-09	-1.15551e-08
106.228	-6.7478e-09	-1.28964e-08
106.395	-4.19848e-09	-1.38136e-08
106.563	-1.67325e-09	-1.43047e-08
106.73	7.60398e-10	-1.43795e-08
106.898	3.04115e-09	-1.40585e-08
107.065	5.11519e-09	-1.33719e-08
107.233	6.93724e-09	-1.23584e-08
107.401	8.47135e-09	-1.10633e-08
107.568	9.69138e-09	-9.53722e-09
107.736	1.05811e-08	-7.83419e-09
107.903	1.11343e-08	-6.01026e-09
108.071	1.13542e-08	-4.12167e-09
108.238	1.12528e-08	-2.22338e-09
108.406	1.08504e-08	-3.67633e-10
108.573	1.01743e-08	1.39734e-09
108.741	9.25778e-09	3.02838e-09
108.909	8.13884e-09	4.48834e-09
109.076	6.85897e-09	5.74674e-09
109.244	5.46177e-09	6.78024e-09
109.411	3.99168e-09	7.57292e-09
109.579	2.4927e-09	8.11626e-09
109.746	1.00724e-09	8.409e-09
109.914	-4.24976e-10	8.45677e-09
110.081	-1.76783e-09	8.27158e-09
110.249	-2.98959e-09	7.87114e-09
110.417	-4.06355e-09	7.27803e-09
110.584	-4.96849e-09	6.51888e-09
110.752	-5.68894e-09	5.62339e-09
110.919	-6.21529e-09	4.62335e-09
111.087	-6.54374e-09	3.55169e-09
111.254	-6.6761e-09	2.44148e-09
111.422	-6.61941e-09	1.32507e-09
111.589	-6.38549e-09	2.33203e-10
111.757	-5.99033e-09	-8.05715e-10
111.924	-5.45346e-09	-1.76626e-09
112.092	-4.79719e-09	-2.62651e-09
112.26	-4.04589e-09	-3.3685e-09
112.427	-3.22519e-09	-3.97843e-09
112.595	-2.3612e-09	-4.44685e-09
112.762	-1.47983e-09	-4.7687e-09
112.93	-6.06009e-10	-4.94317e-09
113.097	2.36854e-10	-4.97351e-09
113.265	1.02749e-09	-4.86672e-09
113.432	1.74719e-09	-4.63317e-09
113.6	2.3802e-09	-4.28608e-09
113.768	2.914e-09	-3.8411e-09
113.935	3.33943e-09	-3.31565e-09
114.103	3.65078e-09	-2.72843e-09
114.27	3.84577e-09	-2.09877e-09
114.438	3.92542e-09	-1.44614e-09
114.605	3.8938e-09	-7.89569e-10
114.773	3.75784e-09	-1.47148e-10
114.94	3.5269e-09	4.64388e-10
115.108	3.21243e-09	1.03006e-09
115.276	2.82753e-09	1.53695e-09
115.443	2.38651e-09	1.97444e-09
115.611	1.90444e-09	2.33438e-09
115.778	1.39667e-09	2.61118e-09
115.946	8.78439e-10	2.80183e-09
116.113	3.64425e-10	2.90579e-09
116.281	-1.31599e-10	2.92495e-09
116.448	-5.97096e-10	2.8634e-09
116.616	-1.02104e-09	2.72719e-09
116.783	-1.39415e-09	2.52409e-09
116.951	-1.70902e-09	2.26326e-09
117.119	-1.96023e-09	1.95495e-09
117.286	-2.1444e-09	1.61013e-09
117.454	-2.26015e-09	1.24018e-09
117.621	-2.30805e-09	8.56536e-10
117.789	-2.29048e-09	4.704e-10
117.956	-2.21146e-09	9.24235e-11
118.124	-2.0765e-09	-2.67541e-10
118.291	-1.8923e-09	-6.00667e-10
118.459	-1.66656e-09	-8.99337e-10
118.627	-1.40769e-09	-1.15729e-09
118.794	-1.12453e-09	-1.3697e-09
118.962	-8.26114e-10	-1.53327e-09
119.129	-5.21405e-10	-1.64618e-09
119.297	-2.19042e-10	-1.70812e-09
119.464	7.2864e-11	-1.72017e-09
119.632	3.46931e-10	-1.6847e-09
119.799	5.96662e-10	-1.60527e-09
119.967	8.16575e-10	-1.48643e-09
120.135	1.0023e-09	-1.33355e-09
120.302	1.15064e-09	-1.15265e-09
120.47	1.25957e-09	-9.5017e-10
120.637	1.32828e-09	-7.32808e-10
120.805	1.35707e-09	-5.07291e-10
120.972	1.34733e-09	-2.80203e-10
121.14	1.30142e-09	-5.78174e-11
121.307	1.22255e-09	1.54065e-10
121.475	1.11467e-09	3.50242e-10
121.642	9.82274e-10	5.26224e-10
121.81	8.30317e-10	6.78312e-10
121.978	6.63994e-10	8.03663e-10
122.145	4.88618e-10	9.00313e-10
122.313	3.09458e-10	9.67189e-10
122.48	1.31598e-10	1.00409e-09
122.648	-4.01857e-11	1.01163e-09
122.815	-2.01545e-10	9.91204e-10
122.983	-3.48649e-10	9.44887e-10
123.15	-4.78267e-10	8.75348e-10
123.318	-5.87816e-10	7.85741e-10
123.486	-6.75403e-10	6.79597e-10
123.653	-7.39835e-10	5.60706e-10
123.821	-7.80614e-10	4.32998e-10
123.988	-7.97913e-10	3.00432e-10
124.156	-7.92538e-10	1.66882e-10
124.323	-7.65866e-10	3.60402e-11
124.491	-7.1978e-10	-8.86769e-11
124.658	-6.56591e-10	-2.04205e-10
124.826	-5.78947e-10	-3.07895e-10
124.993	-4.89751e-10	-3.97566e-10
125.161	-3.92058e-10	-4.71537e-10
125.329	-2.88991e-10	-5.28646e-10
125.496	-1.8365e-10	-5.68252e-10
125.664	-7.9028e-11	-5.90228e-10
125.831	2.20643e-11	-5.94932e-10
125.999	1.17065e-10	-5.83175e-10
126.166	2.03717e-10	-5.5617e-10
126.334	2.80113e-10	-5.15482e-10
126.501	3.44729e-10	-4.62962e-10
126.669	3.96445e-10	-4.00684e-10
126.837	4.34553e-10	-3.30873e-10
127.004	4.58754e-10	-2.55841e-10
127.172	4.69144e-10	-1.77915e-10
127.339	4.6619e-10	-9.93754e-11
127.507	4.50697e-10	-2.23943e-11
127.674	4.23769e-10	5.10156e-11
127.842	3.8676e-10	1.19049e-10
128.009	3.41225e-10	1.80144e-10
128.177	2.88869e-10	2.33013e-10
128.345	2.31487e-10	2.76664e-10
128.512	1.70916e-10	3.10407e-10
128.68	1.08979e-10	3.33862e-10
128.847	4.74382e-11	3.46949e-10
129.015	-1.20527e-11	3.49873e-10
129.182	-6.79841e-11	3.43109e-10
129.35	-1.19026e-10	3.27365e-10
129.517	-1.64053e-10	3.03559e-10
129.685	-2.02165e-10	2.72777e-10
129.852	-2.32701e-10	2.36237e-10
130.02	-2.55239e-10	1.95246e-10
130.188	-2.696e-10	1.51162e-10
130.355	-2.75838e-10	1.05356e-10
130.523	-2.74222e-10	5.91672e-11
130.69	-2.65225e-10	1.38757e-11
130.858	-2.49491e-10	-2.93339e-11
131.025	-2.27816e-10	-6.93975e-11
131.193	-2.01112e-10	-1.05395e-10
131.36	-1.7038e-10	-1.36566e-10
131.528	-1.36677e-10	-1.62324e-10
131.696	-1.0108e-10	-1.82261e-10
131.863	-6.46641e-11	-1.9615e-10
132.031	-2.84643e-11	-2.03942e-10
132.198	6.54475e-12	-2.05755e-10
132.366	3.9474e-11	-2.01865e-10
132.533	6.95395e-11	-1.92688e-10
132.701	9.60777e-11	-1.7876e-10
132.868	1.18557e-10	-1.60719e-10
133.036	1.36586e-10	-1.3928e-10
133.204	1.49916e-10	-1.15211e-10
133.371	1.58437e-10	-8.93112e-11
133.539	1.6218e-10	-6.23852e-11
133.706	1.61302e-10	-3.52224e-11
133.874	1.56077e-10	-8.57542e-12
134.041	1.46885e-10	1.68578e-11
134.209	1.34191e-10	4.04505e-11
134.376	1.18531e-10	6.16599e-11
134.544	1.00492e-10	8.00376e-11
134.711	8.06963e-11	9.5237e-11
134.879	5.97773e-11	1.07017e-10
135.047	3.83661e-11	1.15241e-10
135.214	1.70727e-11	1.1988e-10
135.382	-3.52914e-12	1.21001e-10
135.549	-2.29159e-11	1.18765e-10
135.717	-4.06255e-11	1.13416e-10
135.884	-5.62665e-11	1.05267e-10
136.052	-6.95253e-11	9.46937e-11
136.219	-8.017e-11	8.21151e-11
136.387	-8.80528e-11	6.79828e-11
136.555	-9.31088e-11	5.27663e-11
136.722	-9.53539e-11	3.69389e-11
136.89	-9.48796e-11	2.09649e-11
137.057	-9.18465e-11	5.28748e-12
137.225	-8.64763e-11	-9.6825e-12
137.392	-7.9042e-11	-2.35756e-11
137.56	-6.98585e-11	-3.6072e-11
137.727	-5.92708e-11	-4.6907e-11
137.895	-4.76436e-11	-5.58757e-11
138.063	-3.53501e-11	-6.28353e-11
138.23	-2.27613e-11	-6.77052e-11
138.398	-1.02363e-11	-7.04663e-11
138.565	1.88725e-12	-7.11579e-11
138.733	1.33009e-11	-6.98736e-11
138.9	2.37324e-11	-6.67556e-11
139.068	3.29507e-11	-6.19886e-11
139.235	4.07708e-11	-5.57919e-11
139.403	4.70556e-11	-4.8412e-11
139.57	5.17172e-11	-4.01142e-11
139.738	5.47168e-11	-3.11743e-11
139.906	5.6063e-11	-2.18708e-11
140.073	5.58089e-11	-1.24769e-11
140.241	5.40484e-11	-3.2533e-12
140.408	5.09112e-11	5.55794e-12
140.576	4.65575e-11	1.37392e-11
140.743	4.11721e-11	2.11019e-11
140.911	3.49577e-11	2.74898e-11
141.078	2.81285e-11	3.27819e-11
141.246	2.0904e-11	3.68937e-11
141.414	1.35025e-11	3.97771e-11
141.581	6.13518e-12	4.14203e-11
141.749	-9.99113e-13	4.1846e-11
141.916	-7.71869e-12	4.11087e-11
142.084	-1.3863e-11	3.92916e-11
142.251	-1.9296e-11	3.65029e-11
142.419	-2.39083e-11	3.28714e-11
142.586	-2.76188e-11	2.85416e-11
142.754	-3.03754e-11	2.36695e-11
142.922	-3.21549e-11	1.84173e-11
143.089	-3.29618e-11	1.29487e-11
143.257	-3.2827e-11	7.42436e-12
143.424	-3.18053e-11	1.99784e-12
143.592	-2.99727e-11	-3.18837e-12
143.759	-2.74232e-11	-8.00604e-12
143.927	-2.42651e-11	-1.2344e-11
144.094	-2.06176e-11	-1.611e-11
144.262	-1.66066e-11	-1.92327e-11
144.429	-1.2361e-11	-2.16618e-11
144.597	-8.00936e-12	-2.3369e-11
144.765	-3.67587e-12	-2.43468e-11
144.932	5.22381e-13	-2.46083e-11
145.1	4.47838e-12	-2.41853e-11
145.267	8.09751e-12	-2.31265e-11
145.435	1.12995e-11	-2.14951e-11
145.602	1.40198e-11	-1.93669e-11
145.77	1.62104e-11	-1.68267e-11
145.937	1.78405e-11	-1.39661e-11
146.105	1.8896e-11	-1.08804e-11
146.273	1.93795e-11	-7.66595e-12
146.44	1.93088e-11	-4.41726e-12
146.608	1.8716e-11	-1.22469e-12
146.775	1.76456e-11	1.82784e-12
146.943	1.61526e-11	4.66478e-12
147.11	1.43007e-11	7.22057e-12
147.278	1.21599e-11	9.44085e-12
147.445	9.80404e-12	1.12834e-11
147.613	7.30912e-12	1.27184e-11
147.781	4.7506e-12	1.37291e-11
147.948	2.20164e-12	1.43109e-11
148.116	-2.68842e-13	1.44713e-11
148.283	-2.59782e-12	1.42288e-11
148.451	-4.72954e-12	1.36118e-11
148.618	-6.61664e-12	1.26575e-11
148.786	-8.22101e-12	1.14103e-11
148.953	-9.5143e-12	9.92005e-12
149.121	-1.04782e-11	8.24049e-12
149.288	-1.11043e-11	6.42767e-12
149.456	-1.13939e-11	4.53822e-12
149.624	-1.13574e-11	2.62778e-12
149.791	-1.10135e-11	7.49519e-13
149.959	-1.03882e-11	-1.04714e-12
150.126	-9.51399e-12	-2.7177e-12
150.294	-8.42807e-12	-4.22348e-12
150.461	-7.17154e-12	-5.53244e-12
150.629	-5.78791e-12	-6.61959e-12
150.796	-4.32177e-12	-7.46738e-12
150.964	-2.81753e-12	-8.0657e-12
151.132	-1.31824e-12	-8.41182e-12
151.299	1.35525e-13	-8.51e-12
151.467	1.50664e-12	-8.37103e-12
151.634	2.76224e-12	-8.01158e-12
151.802	3.8744e-12	-7.45342e-12
151.969	4.82061e-12	-6.72254e-12
152.137	5.58412e-12	-5.84823e-12
152.304	6.15404e-12	-4.8621e-12
152.472	6.52537e-12	-3.79709e-12
152.64	6.69878e-12	-2.68649e-12
152.807	6.6803e-12	-1.56304e-12
152.975	6.48084e-12	-4.5802e-13
153.142	6.11568e-12	5.99455e-13
153.31	5.60377e-12	1.58316e-12
153.477	4.967e-12	2.47032e-12
153.645	4.22952e-12	3.24199e-12
153.812	3.41689e-12	3.88345e-12
153.98	2.55531e-12	4.38427e-12
154.147	1.67092e-12	4.73847e-12
154.315	7.89052e-13	4.94435e-12
154.483	-6.64125e-14	5.00436e-12
154.65	-8.73604e-13	4.92479e-12
154.818	-1.61316e-12	4.71539e-12
154.985	-2.2686e-12	4.38892e-12
155.153	-2.82664e-12	3.96062e-12
155.32	-3.27738e-12	3.4477e-12
155.488	-3.61436e-12	2.86872e-12
155.655	-3.83458e-12	2.24305e-12
155.823	-3.93838e-12	1.59025e-12
155.991	-3.92927e-12	9.29594e-13
156.158	-3.81361e-12	2.79497e-13
156.326	-3.60035e-12	-3.42903e-13
156.493	-3.3006e-12	-9.22158e-13
156.661	-2.92723e-12	-1.44483e-12
156.828	-2.49439e-12	-1.89976e-12
156.996	-2.01712e-12	-2.27823e-12
157.163	-1.51082e-12	-2.57408e-12
157.331	-9.90862e-13	-2.78374e-12
157.499	-4.72157e-13	-2.90619e-12
157.666	3.12362e-14	-2.94282e-12
157.834	5.06437e-13	-2.8973e-12
158.001	9.42033e-13	-2.77533e-12
158.169	1.32831e-12	-2.58438e-12
158.336	1.65742e-12	-2.33341e-12
158.504	1.92351e-12	-2.0325e-12
158.671	2.12275e-12	-1.69257e-12
158.839	2.25334e-12	-1.325e-12
159.006	2.31546e-12	-9.41297e-13
159.174	2.31113e-12	-5.52795e-13
159.342	2.24408e-12	-1.70336e-13
159.509	2.11954e-12	1.95989e-13
159.677	1.94403e-12	5.3708e-13
159.844	1.7251e-12	8.45014e-13
160.012	1.47106e-12	1.1132e-12
160.179	1.19076e-12	1.3365e-12
160.347	8.93236e-13	1.51127e-12
160.514	5.87543e-13	1.63537e-12
160.682	2.8245e-13	1.70819e-12
160.85	-1.37673e-14	1.73052e-12
161.017	-2.9352e-13	1.7045e-12
161.185	-5.50083e-13	1.63346e-12
161.352	-7.77727e-13	1.52178e-12
161.52	-9.7182e-13	1.37472e-12
161.687	-1.1289e-12	1.19819e-12
161.855	-1.2467e-12	9.98615e-13
162.022	-1.32413e-12	7.82675e-13
162.19	-1.3613e-12	5.57145e-13
162.358	-1.35936e-12	3.28687e-13
162.525	-1.32049e-12	1.03684e-13
162.693	-1.24777e-12	-1.11923e-13
162.86	-1.14501e-12	-3.1277e-13
163.028	-1.01664e-12	-4.94188e-13
163.195	-8.67548e-13	-6.52291e-13
163.363	-7.02921e-13	-7.84038e-13
163.53	-5.28089e-13	-8.87272e-13
163.698	-3.48367e-13	-9.6073e-13
163.865	-1.68917e-13	-1.00403e-12
164.033	5.38781e-15	-1.01762e-12
164.201	1.70078e-13	-1.00276e-12
164.368	3.21191e-13	-9.61388e-13
164.536	4.55347e-13	-8.96075e-13
164.703	5.69812e-13	-8.09901e-13
164.871	6.62539e-13	-7.06345e-13
165.038	7.32181e-13	-5.89173e-13
165.206	7.78096e-13	-4.62315e-13
165.373	8.00322e-13	-3.29754e-13
165.541	7.9954e-13	-1.95411e-13
165.709	7.7702e-13	-6.3041e-14
165.876	7.34557e-13	6.38564e-14
166.044	6.74391e-13	1.82122e-13
166.211	5.99123e-13	2.89003e-13
166.379	5.11622e-13	3.82207e-13
166.546	4.14937e-13	4.59936e-13
166.714	3.12201e-13	5.20915e-13
166.881	2.0654e-13	5.64393e-13
167.049	1.00992e-13	5.90134e-13
167.217	-1.5745e-15	5.98402e-13
167.384	-9.85272e-14	5.89921e-13
167.552	-1.8753e-13	5.6583e-13
167.719	-2.66591e-13	5.27635e-13
167.887	-3.34095e-13	4.77141e-13
168.054	-3.88832e-13	4.16392e-13
168.222	-4.30004e-13	3.47601e-13
168.389	-4.57227e-13	2.73077e-13
168.557	-4.70516e-13	1.95161e-13
168.724	-4.70266e-13	1.16162e-13
168.892	-4.57219e-13	3.82891e-14
169.06	-4.32427e-13	-3.63972e-14
169.227	-3.97202e-13	-1.06035e-13
169.395	-3.5307e-13	-1.69003e-13
169.562	-3.01717e-13	-2.23947e-13
169.73	-2.44935e-13	-2.69806e-13
169.897	-1.84564e-13	-3.05825e-13
170.065	-1.22445e-13	-3.31557e-13
170.232	-6.03651e-14	-3.46859e-13
170.4	-1.21418e-17	-3.51882e-13
170.568	5.70631e-14	-3.47046e-13
170.735	1.09484e-13	-3.3302e-13
170.903	1.56075e-13	-3.10684e-13
171.07	1.95884e-13	-2.81098e-13
171.238	2.28195e-13	-2.45462e-13
171.405	2.52535e-13	-2.05075e-13
171.573	2.68674e-13	-1.61295e-13
171.74	2.76618e-13	-1.15499e-13
171.908	2.76595e-13	-6.90447e-14
172.076	2.69038e-13	-2.32325e-14
172.243	2.54564e-13	2.07242e-14
172.411	2.33941e-13	6.1729e-14
172.578	2.08066e-13	9.88251e-14
172.746	1.77928e-13	1.31214e-13
172.913	1.44581e-13	1.5827e-13
173.081	1.09106e-13	1.79545e-13
173.248	7.2586e-14	1.94774e-13
173.416	3.60723e-14	2.03869e-13
173.583	5.59204e-16	2.06918e-13
173.751	-3.30403e-14	2.04164e-13
173.919	-6.39148e-14	1.95998e-13
174.086	-9.13713e-14	1.82937e-13
174.254	-1.14848e-13	1.65602e-13
174.421	-1.3392e-13	1.44697e-13
174.589	-1.48309e-13	1.20987e-13
174.756	-1.57876e-13	9.5268e-14
174.924	-1.62623e-13	6.83511e-14
175.091	-1.62683e-13	4.10344e-14
175.259	-1.58307e-13	1.40835e-14
175.427	-1.49857e-13	-1.17871e-14
175.594	-1.37784e-13	-3.59316e-14
175.762	-1.22613e-13	-5.77858e-14
175.929	-1.04926e-13	-7.6879e-14
176.097	-8.53419e-14	-9.2841e-14
176.264	-6.44965e-14	-1.05407e-13
176.432	-4.30264e-14	-1.14419e-13
176.599	-2.15504e-14	-1.19825e-13
176.767	-6.5375e-16	-1.21673e-13
176.934	1.91257e-14	-1.20107e-13
177.102	3.73098e-14	-1.15353e-13
177.27	5.349e-14	-1.07716e-13
177.437	6.73342e-14	-9.75592e-14
177.605	7.85923e-14	-8.52966e-14
177.772	8.70981e-14	-7.13766e-14
177.94	9.27693e-14	-5.62682e-14
178.107	9.56054e-14	-4.04478e-14
178.275	9.56832e-14	-2.43847e-14
178.442	9.31503e-14	-8.52993e-15
178.61	8.82176e-14	6.69609e-15
178.778	8.11497e-14	2.09127e-14
178.945	7.22551e-14	3.37875e-14
179.113	6.18754e-14	4.50427e-14
179.28	5.0374e-14	5.44595e-14
179.448	3.8125e-14	6.18814e-14
179.615	2.55029e-14	6.72145e-14
179.783	1.28715e-14	7.0427e-14
179.95	5.75657e-16	7.15466e-14
180.118	-1.10681e-14	7.06564e-14
180.286	-2.17779e-14	6.78899e-14
180.453	-3.13127e-14	6.34243e-14
180.621	-3.94768e-14	5.74735e-14
180.788	-4.6122e-14	5.02804e-14
180.956	-5.115e-14	4.21083e-14
181.123	-5.45115e-14	3.3233e-14
181.291	-5.62055e-14	2.39345e-14
181.458	-5.62765e-14	1.44891e-14
181.626	-5.48106e-14	5.16201e-15
181.793	-5.19313e-14	-3.79911e-15
181.961	-4.77938e-14	-1.217e-14
182.129	-4.25791e-14	-1.97548e-14
182.296	-3.64877e-14	-2.63894e-14
182.464	-2.97333e-14	-3.19449e-14
182.631	-2.25357e-14	-3.63284e-14
182.799	-1.51153e-14	-3.94842e-14
182.966	-7.68609e-15	-4.13931e-14
183.134	-4.51053e-16	-4.20707e-14
183.301	6.40331e-15	-4.15655e-14
183.469	1.27109e-14	-3.99555e-14
183.637	1.83297e-14	-3.73446e-14
183.804	2.31441e-14	-3.38582e-14
183.972	2.70664e-14	-2.96388e-14
184.139	3.00385e-14	-2.48412e-14
184.307	3.20308e-14	-1.96276e-14
184.474	3.30425e-14	-1.41624e-14
184.642	3.3099e-14	-8.60834e-15
184.809	3.22509e-14	-3.12141e-15
184.977	3.05704e-14	2.15252e-15
185.145	2.81483e-14	7.08137e-15
185.312	2.50911e-14	1.15496e-14
185.48	2.15164e-14	1.54606e-14
185.647	1.75498e-14	1.87379e-14
185.815	1.33205e-14	2.13269e-14
185.982	8.9581e-15	2.31942e-14
186.15	4.58862e-15	2.43284e-14
186.317	3.31473e-16	2.47382e-14
186.485	-3.70348e-15	2.44519e-14
186.652	-7.4184e-15	2.35151e-14
186.82	-1.07295e-14	2.19885e-14
186.988	-1.35684e-14	1.9946e-14
187.155	-1.58836e-14	1.7471e-14
187.323	-1.76403e-14	1.46546e-14
187.49	-1.88211e-14	1.15919e-14
187.658	-1.94251e-14	8.3798e-15
187.825	-1.94671e-14	5.1139e-15
187.993	-1.89765e-14	1.88609e-15
188.16	-1.79957e-14	-1.21779e-15
188.328	-1.65779e-14	-4.11991e-15
188.496	-1.47856e-14	-6.75217e-15
188.663	-1.26878e-14	-9.05754e-15
188.831	-1.03584e-14	-1.0991e-14
188.998	-7.8733e-15	-1.252e-14
189.166	-5.30872e-15	-1.36249e-14
189.333	-2.73882e-15	-1.42987e-14
189.501	-2.33901e-16	-1.45463e-14
189.668	2.14134e-15	-1.43843e-14
189.836	4.32924e-15	-1.38392e-14
190.004	6.28037e-15	-1.29468e-14
190.171	7.95446e-15	-1.17501e-14
190.339	9.32093e-15	-1.02984e-14
190.506	1.03593e-14	-8.64502e-15
190.674	1.1059e-14	-6.84592e-15
190.841	1.14196e-14	-4.95806e-15
191.009	1.14494e-14	-3.03768e-15
191.176	1.11658e-14	-1.13885e-15
191.344	1.05934e-14	6.87866e-16
191.511	9.76347e-15	2.39663e-15
191.679	8.71271e-15	3.94729e-15
191.847	7.48168e-15	5.30621e-15
192.014	6.11371e-15	6.44678e-15
192.182	4.6535e-15	7.34978e-15
192.349	3.14584e-15	8.00353e-15
192.517	1.63438e-15	8.40376e-15
192.684	1.60485e-16	8.55332e-15
192.852	-1.23773e-15	8.46177e-15
193.019	-2.52628e-15	8.14469e-15
193.187	-3.67603e-15	7.62297e-15
193.355	-4.66319e-15	6.92193e-15
193.522	-5.46972e-15	6.07042e-15
193.69	-6.08344e-15	5.09979e-15
193.857	-6.49811e-15	4.04297e-15
194.025	-6.71325e-15	2.93341e-15
194.192	-6.73383e-15	1.80421e-15
194.36	-6.56987e-15	6.87197e-16
194.527	-6.23584e-15	-3.87867e-16
194.695	-5.75009e-15	-1.39397e-15
194.863	-5.1341e-15	-2.30746e-15
195.03	-4.4117e-15	-3.10848e-15
195.198	-3.60837e-15	-3.78132e-15
195.365	-2.75037e-15	-4.3146e-15
195.533	-1.86406e-15	-4.70139e-15
195.7	-9.75104e-16	-4.93911e-15
195.868	-1.07873e-16	-5.02937e-15
196.035	7.15194e-16	-4.97773e-15
196.203	1.47407e-15	-4.7933e-15
196.37	2.15158e-15	-4.48831e-15
196.538	2.73368e-15	-4.07763e-15
196.706	3.2097e-15	-3.57818e-15
196.873	3.57243e-15	-3.00838e-15
197.041	3.81815e-15	-2.38759e-15
197.208	3.94651e-15	-1.73547e-15
197.376	3.96039e-15	-1.0715e-15
197.543	3.86564e-15	-4.14401e-16
197.711	3.67074e-15	2.18295e-16
197.878	3.38643e-15	8.10679e-16
198.046	3.02531e-15	1.34881e-15
198.214	2.6014e-15	1.82096e-15
198.381	2.12965e-15	2.21787e-15
198.549	1.62551e-15	2.53281e-15
198.716	1.10447e-15	2.76164e-15
198.884	5.81651e-16	2.90282e-15
199.051	7.13796e-17	2.95726e-15
199.219	-4.13121e-16	2.92818e-15
199.386	-8.60053e-16	2.82092e-15
199.554	-1.25928e-15	2.64264e-15
199.722	-1.60252e-15	2.40206e-15
199.889	-1.88347e-15	2.10912e-15
200.057	-2.09785e-15	1.77463e-15
200.224	-2.24344e-15	1.40997e-15
200.392	-2.32001e-15	1.0267e-15
200.559	-2.32923e-15	6.36287e-16
200.727	-2.27449e-15	2.49745e-16
200.894	-2.16077e-15	-1.22605e-16
201.062	-1.99437e-15	-4.71392e-16
201.229	-1.78268e-15	-7.88394e-16
201.397	-1.53392e-15	-1.0667e-15
201.565	-1.25689e-15	-1.30084e-15
201.732	-9.60675e-16	-1.48682e-15
201.9	-6.54376e-16	-1.6222e-15
202.067	-3.46887e-16	-1.70604e-15
202.235	-4.66503e-17	-1.73885e-15
202.402	2.3855e-16	-1.72251e-15
202.57	5.01762e-16	-1.66014e-15
202.737	7.3701e-16	-1.55593e-15
202.905	9.39404e-16	-1.415e-15
203.073	1.10522e-15	-1.24318e-15
203.24	1.23191e-15	-1.04683e-15
203.408	1.31817e-15	-8.32624e-16
203.575	1.36384e-15	-6.07373e-16
203.743	1.36988e-15	-3.77811e-16
203.91	1.33827e-15	-1.50426e-16
204.078	1.27192e-15	6.87057e-17
204.245	1.17453e-15	2.74064e-16
204.413	1.05044e-15	4.60803e-16
204.581	9.0447e-16	6.24848e-16
204.748	7.41792e-16	7.62961e-16
204.916	5.67742e-16	8.72789e-16
205.083	3.87681e-16	9.52877e-16
205.251	2.06838e-16	1.00266e-15
205.418	3.01843e-17	1.02242e-15
205.586	-1.37697e-16	1.01326e-15
205.753	-2.9271e-16	9.77001e-16
205.921	-4.31329e-16	9.16094e-16
206.088	-5.5067e-16	8.3354e-16
206.256	-6.48529e-16	7.32764e-16
206.424	-7.23406e-16	6.175e-16
206.591	-7.74511e-16	4.91677e-16
206.759	-8.01742e-16	3.59294e-16
206.926	-8.05655e-16	2.24314e-16
207.094	-7.87408e-16	9.0555e-17
207.261	-7.48704e-16	-3.84056e-17
207.429	-6.91707e-16	-1.59316e-16
207.596	-6.18963e-16	-2.69319e-16
207.764	-5.3331e-16	-3.66011e-16
207.932	-4.37782e-16	-4.47481e-16
208.099	-3.35516e-16	-5.12337e-16
208.267	-2.29666e-16	-5.59714e-16
208.434	-1.23309e-16	-5.89271e-16
208.602	-1.93691e-17	-6.0117e-16
208.769	7.94526e-17	-5.96048e-16
208.937	1.70743e-16	-5.74967e-16
209.104	2.52423e-16	-5.39369e-16
209.272	3.22791e-16	-4.91011e-16
209.44	3.80545e-16	-4.31905e-16
209.607	4.24795e-16	-3.64245e-16
209.775	4.5507e-16	-2.90337e-16
209.942	4.71305e-16	-2.12534e-16
210.11	4.7382e-16	-1.33168e-16
210.277	4.6329e-16	-5.44846e-17
210.445	4.40713e-16	2.14091e-17
210.612	4.07357e-16	9.25974e-17
210.78	3.64716e-16	1.57397e-16
210.947	3.14456e-16	2.14389e-16
211.115	2.5836e-16	2.62446e-16
211.283	1.98273e-16	3.00744e-16
211.45	1.36049e-16	3.28769e-16
211.618	7.34984e-17	3.46316e-16
211.785	1.2343e-17	3.53477e-16
211.953	-4.58271e-17	3.50619e-16
212.12	-9.95893e-17	3.38366e-16
212.288	-1.47719e-16	3.17562e-16
212.455	-1.8921e-16	2.89236e-16
212.623	-2.23294e-16	2.54571e-16
212.791	-2.49443e-16	2.14854e-16
212.958	-2.67378e-16	1.71441e-16
213.126	-2.77055e-16	1.25716e-16
213.293	-2.7866e-16	7.90501e-17
213.461	-2.72586e-16	3.27655e-17
213.628	-2.59417e-16	-1.18978e-17
213.796	-2.39897e-16	-5.38111e-17
213.963	-2.14902e-16	-9.19821e-17
214.131	-1.85411e-16	-1.25574e-16
214.299	-1.52471e-16	-1.53921e-16
214.466	-1.17166e-16	-1.76536e-16
214.634	-8.0588e-17	-1.93113e-16
214.801	-4.38011e-17	-2.03529e-16
214.969	-7.81906e-18	-2.07836e-16
215.136	2.64216e-17	-2.06247e-16
215.304	5.80828e-17	-1.99126e-16
215.471	8.64422e-17	-1.86968e-16
215.639	1.10907e-16	-1.70377e-16
215.806	1.31021e-16	-1.50046e-16
215.974	1.46474e-16	-1.26732e-16
216.142	1.57098e-16	-1.01232e-16
216.309	1.62865e-16	-7.43596e-17
216.477	1.63882e-16	-4.69211e-17
216.644	1.6038e-16	-1.96948e-17
216.812	1.527e-16	6.58928e-18
216.979	1.41277e-16	3.12662e-17
217.147	1.26626e-16	5.37512e-17
217.314	1.09321e-16	7.35507e-17
217.482	8.99788e-17	9.02713e-17
217.65	6.92358e-17	1.03625e-16
217.817	4.77334e-17	1.1343e-16
217.985	2.60986e-17	1.19613e-16
218.152	4.92801e-18	1.22202e-16
218.32	-1.5227e-17	1.21321e-16
218.487	-3.38725e-17	1.17184e-16
218.655	-5.05826e-17	1.10079e-16
218.822	-6.50072e-17	1.00361e-16
218.99	-7.68776e-17	8.84373e-17
219.158	-8.6009e-17	7.47522e-17
219.325	-9.23016e-17	5.97741e-17
219.493	-9.57381e-17	4.39813e-17
219.66	-9.638e-17	2.78482e-17
219.828	-9.43616e-17	1.18328e-17
219.995	-8.98824e-17	-3.63514e-18
220.163	-8.31981e-17	-1.81639e-17
220.33	-7.46105e-17	-3.14087e-17
220.498	-6.4457e-17	-4.30786e-17
220.665	-5.3099e-17	-5.29412e-17
220.833	-4.09116e-17	-6.08259e-17
221.001	-2.82717e-17	-6.66255e-17
221.168	-1.55481e-17	-7.02952e-17
221.336	-3.09212e-18	-7.18507e-17
221.503	8.77157e-18	-7.13645e-17
221.671	1.9752e-17	-6.89608e-17
221.838	2.95979e-17	-6.4809e-17
222.006	3.81028e-17	-5.91174e-17
222.173	4.51079e-17	-5.21245e-17
222.341	5.05037e-17	-4.40916e-17
222.509	5.42307e-17	-3.52939e-17
222.676	5.62781e-17	-2.60126e-17
222.844	5.66812e-17	-1.65268e-17
223.011	5.55184e-17	-7.10608e-18
223.179	5.29064e-17	1.99656e-18
223.346	4.89951e-17	1.05504e-17
223.514	4.39616e-17	1.83523e-17
223.681	3.8004e-17	2.52304e-17
223.849	3.13347e-17	3.10478e-17
224.017	2.41741e-17	3.57034e-17
224.184	1.67439e-17	3.91335e-17
224.352	9.2612e-18	4.13114e-17
224.519	1.9326e-18	4.22456e-17
224.687	-5.05058e-18	4.19783e-17
224.854	-1.15169e-17	4.05821e-17
225.022	-1.73183e-17	3.81562e-17
225.189	-2.23328e-17	3.48227e-17
225.357	-2.64667e-17	3.07216e-17
225.524	-2.9655e-17	2.60065e-17
225.692	-3.18623e-17	2.0839e-17
225.86	-3.30819e-17	1.53845e-17
226.027	-3.3334e-17	9.80722e-18
226.195	-3.26644e-17	4.2657e-18
226.362	-3.11414e-17	-1.09104e-18
226.53	-2.88528e-17	-6.1271e-18
226.697	-2.59026e-17	-1.07227e-17
226.865	-2.2407e-17	-1.47767e-17
227.032	-1.84909e-17	-1.82079e-17
227.2	-1.42838e-17	-2.09568e-17
227.368	-9.91611e-18	-2.29855e-17
227.535	-5.51553e-18	-2.42779e-17
227.703	-1.20372e-18	-2.48387e-17
227.87	2.90668e-18	-2.46925e-17
228.038	6.71466e-18	-2.38816e-17
228.205	1.01329e-17	-2.24642e-17
228.373	1.30894e-17	-2.05119e-17
228.54	1.55289e-17	-1.81068e-17
228.708	1.74128e-17	-1.53391e-17
228.875	1.872e-17	-1.2304e-17
229.043	1.94463e-17	-9.09848e-18
229.211	1.96035e-17	-5.81925e-18
229.378	1.92181e-17	-2.55961e-18
229.546	1.83301e-17	5.92707e-19
229.713	1.69911e-17	3.55766e-18
229.881	1.52619e-17	6.26467e-18
230.048	1.32109e-17	8.65399e-18
230.216	1.09115e-17	1.06778e-17
230.383	8.43967e-18	1.23008e-17
230.551	5.87223e-18	1.35006e-17
230.719	3.28428e-18	1.42675e-17
230.886	7.47424e-19	1.46041e-17
231.054	-1.672e-18	1.45245e-17
231.221	-3.91447e-18	1.40537e-17
231.389	-5.92851e-18	1.32256e-17
231.556	-7.67167e-18	1.20821e-17
231.724	-9.11117e-18	1.06717e-17
231.891	-1.02243e-17	9.04721e-18
232.059	-1.09984e-17	7.26449e-18
232.227	-1.1431e-17	5.3807e-18
232.394	-1.15286e-17	3.45266e-18
232.562	-1.13069e-17	1.53528e-18
232.729	-1.07892e-17	-3.19773e-19
232.897	-1.00057e-17	-2.06536e-18
233.064	-8.99229e-18	-3.65988e-18
233.232	-7.78892e-18	-5.06809e-18
233.399	-6.43874e-18	-6.26177e-18
233.567	-4.9865e-18	-7.22003e-18
233.734	-3.47731e-18	-7.92958e-18
233.902	-1.95536e-18	-8.38458e-18
234.07	-4.62811e-19	-8.58647e-18
234.237	9.61277e-19	-8.5435e-18
234.405	2.28183e-18	-8.27014e-18
234.572	3.4685e-18	-7.78634e-18
234.74	4.49624e-18	-7.11672e-18
234.907	5.34568e-18	-6.28961e-18
235.075	6.00336e-18	-5.33609e-18
235.242	6.46179e-18	-4.289e-18
235.41	6.71929e-18	-3.18195e-18
235.578	6.77978e-18	-2.04836e-18
235.745	6.6523e-18	-9.20533e-19
235.913	6.35053e-18	1.71109e-19
236.08	5.89217e-18	1.1988e-18
236.248	5.29819e-18	2.13801e-18
236.415	4.59215e-18	2.96798e-18
236.583	3.79937e-18	3.67201e-18
236.75	2.94615e-18	4.23778e-18
236.918	2.05902e-18	4.65739e-18
237.086	1.16399e-18	4.92733e-18
237.253	2.85861e-19	5.04839e-18
237.421	-5.5236e-19	5.02536e-18
237.588	-1.33001e-18	4.86668e-18
237.756	-2.02919e-18	4.58405e-18
237.923	-2.63512e-18	4.19191e-18
238.091	-3.13635e-18	3.70687e-18
238.258	-3.52493e-18	3.1472e-18
238.426	-3.79638e-18	2.5322e-18
238.593	-3.94968e-18	1.88163e-18
238.761	-3.98706e-18	1.21513e-18
238.929	-3.9138e-18	5.51739e-19
239.096	-3.7379e-18	-9.06545e-20
239.264	-3.46974e-18	-6.95687e-19
239.431	-3.12163e-18	-1.24891e-18
239.599	-2.70739e-18	-1.73806e-18
239.766	-2.2419e-18	-2.1533e-18
239.934	-1.74062e-18	-2.48733e-18
240.101	-1.21915e-18	-2.73546e-18
240.269	-6.92801e-19	-2.8956e-18
240.437	-1.76165e-19	-2.96816e-18
240.604	3.1721e-19	-2.95593e-18
240.772	7.75146e-19	-2.86385e-18
240.939	1.18709e-18	-2.69875e-18
241.107	1.54433e-18	-2.46911e-18
241.274	1.8401e-18	-2.18468e-18
241.442	2.06968e-18	-1.85619e-18
241.609	2.2304e-18	-1.49497e-18
241.777	2.32165e-18	-1.11265e-18
241.945	2.34469e-18	-7.20792e-19
242.112	2.30262e-18	-3.3058e-19
242.28	2.2001e-18	4.74434e-20
242.447	2.04322e-18	4.03642e-19
242.615	1.83921e-18	7.29499e-19
242.782	1.59617e-18	1.01779e-18
242.95	1.32286e-18	1.26269e-18
243.117	1.02835e-18	1.4599e-18
243.285	7.2183e-19	1.60662e-18
243.452	4.12294e-19	1.70162e-18
243.62	1.08339e-19	1.7451e-18
243.788	-1.82058e-19	1.73868e-18
243.955	-4.51722e-19	1.68525e-18
244.123	-6.94436e-19	1.58881e-18
244.29	-9.05049e-19	1.45434e-18
244.458	-1.07957e-18	1.28755e-18
244.625	-1.2152e-18	1.09474e-18
244.793	-1.31037e-18	8.82589e-19
244.96	-1.36467e-18	6.57918e-19
245.128	-1.37885e-18	4.27527e-19
245.296	-1.3547e-18	1.98004e-19
245.463	-1.29495e-18	-2.44465e-20
245.631	-1.20318e-18	-2.34149e-19
245.798	-1.08362e-18	-4.26083e-19
245.966	-9.4103e-19	-5.95986e-19
246.133	-7.80554e-19	-7.40426e-19
246.301	-6.07531e-19	-8.56851e-19
246.468	-4.27357e-19	-9.43612e-19
246.636	-2.45327e-19	-9.99956e-19
246.804	-6.65013e-20	-1.026e-18
246.971	1.04423e-19	-1.02268e-18
247.139	2.63219e-19	-9.91687e-19
247.306	4.0622e-19	-9.35361e-19
247.474	5.30389e-19	-8.56615e-19
247.641	6.33366e-19	-7.58811e-19
247.809	7.13496e-19	-6.45649e-19
247.976	7.69838e-19	-5.21046e-19
248.144	8.0215e-19	-3.89017e-19
248.311	8.10856e-19	-2.53563e-19
248.479	7.97001e-19	-1.18558e-19
248.647	7.62188e-19	1.23437e-20
248.814	7.08504e-19	1.35799e-19
248.982	6.38436e-19	2.4885e-19
249.149	5.54782e-19	3.48982e-19
249.317	4.6056e-19	4.34169e-19
249.484	3.58909e-19	5.02902e-19
249.652	2.53003e-19	5.54203e-19
249.819	1.45957e-19	5.87621e-19
249.987	4.07493e-20	6.03217e-19
250.155	-5.98541e-20	6.01534e-19
250.322	-1.53363e-19	5.83556e-19
250.49	-2.37615e-19	5.50659e-19
250.657	-3.10819e-19	5.04548e-19
250.825	-3.71579e-19	4.47198e-19
250.992	-4.18918e-19	3.80781e-19
251.16	-4.52274e-19	3.07599e-19
251.327	-4.71498e-19	2.30013e-19
251.495	-4.76835e-19	1.50375e-19
251.663	-4.68892e-19	7.09661e-20
251.83	-4.48609e-19	-6.06271e-21
251.998	-4.17206e-19	-7.87426e-20
252.165	-3.76145e-19	-1.4533e-19
252.333	-3.27067e-19	-2.04342e-19
252.5	-2.71746e-19	-2.54582e-19
252.668	-2.12027e-19	-2.95159e-19
252.835	-1.49775e-19	-3.25492e-19
253.003	-8.68255e-20	-3.4531e-19
253.17	-2.49296e-20	-3.54646e-19
253.338	3.42837e-20	-3.53815e-19
253.506	8.93469e-20	-3.4339e-19
253.673	1.38986e-19	-3.24178e-19
253.841	1.82142e-19	-2.97178e-19
254.008	2.17993e-19	-2.6355e-19
254.176	2.45959e-19	-2.24569e-19
254.343	2.65705e-19	-1.81588e-19
254.511	2.77142e-19	-1.35994e-19
254.678	2.80407e-19	-8.91732e-20
254.846	2.75857e-19	-4.24659e-20
255.014	2.6404e-19	2.86125e-21
255.181	2.45672e-19	4.56486e-20
255.349	2.21609e-19	8.48685e-20
255.516	1.92817e-19	1.19646e-19
255.684	1.60336e-19	1.49276e-19
255.851	1.25252e-19	1.7323e-19
256.019	8.86616e-20	1.91164e-19
256.186	5.16433e-20	2.02917e-19
256.354	1.52288e-20	2.08504e-19
256.522	-1.96227e-20	2.08108e-19
256.689	-5.20468e-20	2.02064e-19
256.857	-8.12919e-20	1.90845e-19
257.024	-1.06734e-19	1.75036e-19
257.192	-1.27887e-19	1.55317e-19
257.359	-1.44408e-19	1.32439e-19
257.527	-1.56097e-19	1.07196e-19
257.694	-1.629e-19	8.04038e-20
257.862	-1.64895e-19	5.28766e-20
258.029	-1.6229e-19	2.54041e-20
258.197	-1.55406e-19	-1.26826e-21
258.365	-1.44663e-19	-2.64574e-20
258.532	-1.30562e-19	-4.95576e-20
258.7	-1.13671e-19	-7.00533e-20
258.867	-9.46009e-20	-8.75275e-20
259.035	-7.39895e-20	-1.01668e-19
259.202	-5.24821e-20	-1.12272e-19
259.37	-3.07132e-20	-1.19241e-19
259.537	-9.29009e-21	-1.22583e-19
259.705	1.12225e-20	-1.22405e-19
259.873	3.03153e-20	-1.18902e-19
260.04	4.75453e-20	-1.1235e-19
260.208	6.25443e-20	-1.03094e-19
260.375	7.50249e-20	-9.15321e-20
260.543	8.4784e-20	-7.8105e-20
260.71	9.17034e-20	-6.32795e-20
260.878	9.57491e-20	-4.75355e-20
261.045	9.69667e-20	-3.13518e-20
261.213	9.54768e-20	-1.5193e-20
261.381	9.1467e-20	5.01963e-22
261.548	8.51835e-20	1.53308e-20
261.716	7.69208e-20	2.89366e-20
261.883	6.70115e-20	4.10152e-20
262.051	5.58151e-20	5.13205e-20
262.218	4.37063e-20	5.9668e-20
262.386	3.10647e-20	6.59369e-20
262.553	1.82635e-20	7.0069e-20
262.721	5.66004e-21	7.20681e-20
262.888	-6.41303e-21	7.19954e-20
263.056	-1.76557e-20	6.99655e-20
263.224	-2.78067e-20	6.614e-20
263.391	-3.6649e-20	6.07206e-20
263.559	-4.40126e-20	5.39415e-20
263.726	-4.97774e-20	4.60612e-20
263.894	-5.38732e-20	3.73542e-20
264.061	-5.62789e-20	2.81026e-20
264.229	-5.7021e-20	1.8588e-20
264.396	-5.61695e-20	9.08376e-21
264.564	-5.38341e-20	-1.5167e-22
264.732	-5.01592e-20	-8.88135e-21
264.899	-4.53175e-20	-1.6895e-20
265.067	-3.95043e-20	-2.40131e-20
265.234	-3.29307e-20	-3.00905e-20
265.402	-2.58172e-20	-3.50181e-20
265.569	-1.83867e-20	-3.87242e-20
265.737	-1.0859e-20	-4.11741e-20
265.904	-3.4443e-21	-4.23694e-20
266.072	3.66147e-21	-4.23456e-20
266.24	1.02816e-20	-4.11696e-20
266.407	1.6262e-20	-3.8936e-20
266.575	2.14746e-20	-3.57631e-20
266.742	2.58192e-20	-3.17883e-20
266.91	2.92245e-20	-2.71635e-20
267.077	3.16487e-20	-2.205e-20
267.245	3.30791e-20	-1.66135e-20
267.412	3.35308e-20	-1.10198e-20
267.58	3.30445e-20	-5.42966e-21
267.747	3.16845e-20	4.72777e-24
267.915	2.95353e-20	5.14382e-21
268.083	2.66983e-20	9.86367e-21
268.25	2.32881e-20	1.40585e-20
268.418	1.94287e-20	1.76425e-20
268.585	1.52497e-20	2.05512e-20
268.753	1.08823e-20	2.27422e-20
268.92	6.45569e-21	2.41946e-20
269.088	2.09363e-21	2.49091e-20
269.255	-2.08854e-21	2.49063e-20
269.423	-5.98666e-21	2.42252e-20
269.591	-9.50999e-21	2.29211e-20
269.758	-1.25829e-20	2.10635e-20
269.926	-1.51461e-20	1.8733e-20
270.093	-1.71576e-20	1.60189e-20
270.261	-1.85924e-20	1.30157e-20
270.428	-1.94428e-20	9.82116e-21
270.596	-1.97174e-20	6.53257e-21
270.763	-1.944e-20	3.24465e-21
270.931	-1.86481e-20	4.6929e-23
271.099	-1.73912e-20	-2.97839e-21
271.266	-1.57289e-20	-5.75826e-21
271.434	-1.37284e-20	-8.23029e-21
271.601	-1.14625e-20	-1.03439e-20
271.769	-9.00754e-21	-1.20609e-20
271.936	-6.44052e-21	-1.33561e-20
272.104	-3.83748e-21	-1.42171e-20
272.271	-1.2713e-21	-1.46441e-20
272.439	1.19014e-21	-1.4649e-20
272.606	3.48547e-21	-1.42545e-20
272.774	5.56118e-21	-1.34933e-20
272.942	7.37267e-21	-1.24057e-20
273.109	8.88493e-21	-1.10394e-20
273.277	1.0073e-20	-9.44651e-21
273.444	1.09222e-20	-7.68282e-21
273.612	1.14277e-20	-5.80565e-21
273.779	1.15945e-20	-3.87229e-21
273.947	1.14364e-20	-1.93846e-21
274.114	1.09753e-20	-5.68522e-23
274.282	1.02403e-20	1.7241e-21
274.45	9.26632e-21	3.36136e-21
274.617	8.09279e-21	4.81813e-21
274.785	6.76255e-21	6.06453e-21
274.952	5.32035e-21	7.07803e-21
275.12	3.81155e-21	7.84367e-21
275.287	2.28087e-21	8.35407e-21
275.455	7.71201e-22	8.60918e-21
275.622	-6.77481e-22	8.61592e-21
275.79	-2.02902e-21	8.38759e-21
275.957	-3.25189e-21	7.94318e-21
276.125	-4.31975e-21	7.30654e-21
276.293	-5.21194e-21	6.50544e-21
276.46	-5.9137e-21	5.57064e-21
276.628	-6.41625e-21	4.53488e-21
276.795	-6.71673e-21	3.43183e-21
276.963	-6.81792e-21	2.29522e-21
277.13	-6.72789e-21	1.15782e-21
277.298	-6.45949e-21	5.06498e-23
277.465	-6.0297e-21	-9.9776e-22
277.633	-5.45901e-21	-1.96205e-21
277.801	-4.77061e-21	-2.82051e-21
277.968	-3.98964e-21	-3.55552e-21
278.136	-3.14242e-21	-4.15375e-21
278.303	-2.25561e-21	-4.60635e-21
278.471	-1.35552e-21	-4.90888e-21
278.638	-4.674e-22	-5.06126e-21
278.806	3.85217e-22	-5.06749e-21
278.973	1.18103e-21	-4.93535e-21
279.141	1.90145e-21	-4.67594e-21
279.309	2.53094e-21	-4.30325e-21
279.476	3.05731e-21	-3.83358e-21
279.644	3.47179e-21	-3.28499e-21
279.811	3.7692e-21	-2.67672e-21
279.979	3.94778e-21	-2.02856e-21
280.146	4.00912e-21	-1.36036e-21
280.314	3.95791e-21	-6.91387e-22
280.481	3.80168e-21	-3.99178e-23
280.649	3.55037e-21	5.77255e-22
280.816	3.216e-21	1.14518e-21
280.984	2.81219e-21	1.65107e-21
281.152	2.3537e-21	2.0845e-21
281.319	1.856e-21	2.43761e-21
281.487	1.33478e-21	2.70514e-21
281.654	8.05501e-22	2.88445e-21
281.822	2.83031e-22	2.97544e-21
281.989	-2.18771e-22	2.98045e-21
282.157	-6.87358e-22	2.90399e-21
282.324	-1.11177e-21	2.75258e-21
282.492	-1.48285e-21	2.53442e-21
282.66	-1.79338e-21	2.25906e-21
282.827	-2.03819e-21	1.93712e-21
282.995	-2.21418e-21	1.57991e-21
283.162	-2.3203e-21	1.19905e-21
283.33	-2.35745e-21	8.06222e-22
283.497	-2.32836e-21	4.12767e-22
283.665	-2.23743e-21	2.94373e-23
283.832	-2.09049e-21	-3.33874e-22
284	-1.89459e-21	-6.68357e-22
284.168	-1.65771e-21	-9.66467e-22
284.335	-1.38855e-21	-1.22206e-21
284.503	-1.09618e-21	-1.43048e-21
284.67	-7.89832e-22	-1.58861e-21
284.838	-4.78606e-22	-1.69488e-21
285.005	-1.71247e-22	-1.74921e-21
285.173	1.24083e-22	-1.75294e-21
285.34	3.99992e-22	-1.70872e-21
285.508	6.50019e-22	-1.62035e-21
285.675	8.6876e-22	-1.49264e-21
285.843	1.05195e-21	-1.33121e-21
286.011	1.19654e-21	-1.14229e-21
286.178	1.30069e-21	-9.32508e-22
286.346	1.36374e-21	-7.08721e-22
286.513	1.38622e-21	-4.77782e-22
286.681	1.36972e-21	-2.46373e-22
286.848	1.3168e-21	-2.08203e-23
287.016	1.23089e-21	1.93048e-22
287.183	1.11612e-21	3.90042e-22
287.351	9.77171e-22	5.65712e-22
287.519	8.19154e-22	7.1643e-22
287.686	6.47406e-22	8.39446e-22
287.854	4.67351e-22	9.32914e-22
288.021	2.84345e-22	9.95893e-22
288.189	1.03533e-22	1.02832e-21
288.356	-7.02792e-23	1.03098e-21
288.524	-2.32736e-22	1.00541e-21
288.691	-3.80029e-22	9.53836e-22
288.859	-5.08971e-22	8.79084e-22
289.027	-6.17044e-22	7.84445e-22
289.194	-7.02439e-22	6.73578e-22
289.362	-7.64061e-22	5.50385e-22
289.529	-8.01523e-22	4.1889e-22
289.697	-8.15117e-22	2.83126e-22
289.864	-8.05768e-22	1.47024e-22
290.032	-7.74978e-22	1.43089e-23
290.199	-7.24749e-22	-1.11587e-22
290.367	-6.57507e-22	-2.27606e-22
290.534	-5.76006e-22	-3.31123e-22
290.702	-4.83241e-22	-4.19998e-22
290.87	-3.82351e-22	-4.92605e-22
291.037	-2.76525e-22	-5.4785e-22
291.205	-1.68915e-22	-5.8517e-22
291.372	-6.25478e-23	-6.04523e-22
291.54	3.97456e-23	-6.06358e-22
291.707	1.354e-22	-5.91576e-22
291.875	2.22171e-22	-5.61482e-22
292.042	2.98178e-22	-5.17727e-22
292.21	3.61933e-22	-4.62246e-22
292.378	4.12367e-22	-3.97187e-22
292.545	4.48828e-22	-3.24842e-22
292.713	4.71083e-22	-2.47578e-22
292.88	4.79296e-22	-1.67766e-22
293.048	4.74008e-22	-8.77187e-23
293.215	4.56094e-22	-9.62991e-24
293.383	4.26729e-22	6.44799e-23
293.55	3.87335e-22	1.32808e-22
293.718	3.3953e-22	1.93807e-22
293.886	2.85072e-22	2.46214e-22
294.053	2.25807e-22	2.89067e-22
294.221	1.6361e-22	3.21719e-22
294.388	1.00334e-22	3.43833e-22
294.556	3.77612e-23	3.5538e-22
294.723	-2.24412e-23	3.5662e-22
294.891	-7.87624e-23	3.48077e-22
295.058	-1.29879e-22	3.30517e-22
295.226	-1.74681e-22	3.04908e-22
295.393	-2.12292e-22	2.72383e-22
295.561	-2.42077e-22	2.34205e-22
295.729	-2.6365e-22	1.91722e-22
295.896	-2.76869e-22	1.46323e-22
296.064	-2.81829e-22	9.94035e-23
296.231	-2.78842e-22	5.2325e-23
296.399	-2.68421e-22	6.37824e-24
296.566	-2.51255e-22	-3.72467e-23
296.734	-2.28176e-22	-7.74876e-23
296.901	-2.00136e-22	-1.13432e-22
297.069	-1.68167e-22	-1.44334e-22
297.237	-1.33353e-22	-1.69626e-22
297.404	-9.67978e-23	-1.88924e-22
297.572	-5.95912e-23	-2.02027e-22
297.739	-2.27821e-23	-2.08916e-22
297.907	1.26484e-23	-2.09739e-22
298.074	4.58099e-23	-2.04804e-22
298.242	7.59223e-23	-1.94558e-22
298.409	1.02331e-22	-1.79569e-22
298.577	1.24518e-22	-1.60503e-22
298.745	1.42108e-22	-1.381e-22
298.912	1.54871e-22	-1.13152e-22
299.08	1.62723e-22	-8.64766e-23
299.247	1.65715e-22	-5.88945e-23
299.415	1.64031e-22	-3.12062e-23
299.582	1.5797e-22	-4.17173e-24
299.75	1.47935e-22	2.1508e-23
299.917	1.34416e-22	4.52071e-23
300.085	1.17969e-22	6.63876e-23
300.252	9.92017e-23	8.46092e-23
300.42	7.87517e-23	9.95364e-23
300.588	5.72672e-23	1.10941e-22
300.755	3.53896e-23	1.18705e-22
300.923	1.37362e-23	1.22813e-22
301.09	-7.11519e-24	1.23353e-22
301.258	-2.66403e-23	1.20503e-22
301.425	-4.43792e-23	1.14526e-22
301.593	-5.99457e-23	1.05753e-22
301.76	-7.30338e-23	9.45761e-23
301.928	-8.34216e-23	8.143e-23
302.096	-9.09728e-23	6.67798e-23
302.263	-9.56357e-23	5.11062e-23
302.431	-9.74402e-23	3.48918e-23
302.598	-9.64924e-23	1.86076e-23
302.766	-9.29676e-23	2.70094e-24
302.933	-8.71017e-23	-1.24153e-23
303.101	-7.91819e-23	-2.63723e-23
303.268	-6.95352e-23	-3.88529e-23
303.436	-5.85183e-23	-4.95972e-23
303.604	-4.65058e-23	-5.8407e-23
303.771	-3.38789e-23	-6.51472e-23
303.939	-2.10149e-23	-6.97467e-23
304.106	-8.2772e-24	-7.21965e-23
304.274	3.99415e-24	-7.25465e-23
304.441	1.54902e-23	-7.09014e-23
304.609	2.59399e-23	-6.74142e-23
304.776	3.51154e-23	-6.22801e-23
304.944	4.2836e-23	-5.57283e-23
305.111	4.89704e-23	-4.80143e-23
305.279	5.34376e-23	-3.94114e-23
305.447	5.62066e-23	-3.02021e-23
305.614	5.72941e-23	-2.06703e-23
305.782	5.67618e-23	-1.10932e-23
305.949	5.47122e-23	-1.73409e-24
306.117	5.12836e-23	7.16394e-24
306.284	4.66442e-23	1.53835e-23
306.452	4.09862e-23	2.27376e-23
306.619	3.4519e-23	2.90729e-23
306.787	2.74628e-23	3.42722e-23
306.955	2.00418e-23	3.82554e-23
307.122	1.24778e-23	4.09803e-23
307.29	4.98485e-24	4.24408e-23
307.457	-2.23696e-24	4.26659e-23
307.625	-9.00558e-24	4.17165e-23
307.792	-1.51613e-23	3.96824e-23
307.96	-2.05696e-23	3.66777e-23
308.127	-2.51239e-23	3.28372e-23
308.295	-2.87464e-23	2.83107e-23
308.463	-3.13891e-23	2.3259e-23
308.63	-3.30332e-23	1.7848e-23
308.798	-3.36882e-23	1.22447e-23
308.965	-3.339e-23	6.61221e-24
309.133	-3.21984e-23	1.10554e-24
309.3	-3.01944e-23	-4.13216e-24
309.468	-2.74768e-23	-8.97282e-24
309.635	-2.41583e-23	-1.33061e-23
309.803	-2.03619e-23	-1.70416e-23
309.97	-1.62171e-23	-2.011e-23
310.138	-1.18557e-23	-2.2464e-23
310.306	-7.40818e-24	-2.40781e-23
310.473	-3.00044e-24	-2.49487e-23
310.641	1.24963e-24	-2.50924e-23
310.808	5.23483e-24	-2.45448e-23
310.976	8.86097e-24	-2.33583e-23
311.143	1.20488e-23	-2.15999e-23
311.311	1.47352e-23	-1.93487e-23
311.478	1.68744e-23	-1.66927e-23
311.646	1.84377e-23	-1.37262e-23
311.814	1.94139e-23	-1.0547e-23
311.981	1.98081e-23	-7.25312e-24
312.149	1.96414e-23	-3.94057e-24
312.316	1.89488e-23	-7.00606e-25
312.484	1.77775e-23	2.38247e-24
312.651	1.61857e-23	5.23319e-24
312.819	1.42393e-23	7.78653e-24
312.986	1.20108e-23	9.98907e-24
313.154	9.57621e-24	1.17999e-23
313.322	7.01296e-24	1.31909e-23
313.489	4.39789e-24	1.41471e-23
313.657	1.80506e-24	1.46659e-23
313.824	-6.9611e-25	1.47571e-23
313.992	-3.04247e-24	1.44413e-23
314.159	-5.17851e-24	1.37493e-23
314.327	-7.05748e-24	1.27203e-23
314.494	-8.64214e-24	1.14008e-23
314.662	-9.90531e-24	9.84231e-24
314.829	-1.08301e-23	8.10038e-24
314.997	-1.14096e-23	6.23242e-24
315.165	-1.16468e-23	4.29614e-24
315.332	-1.15539e-23	2.348e-24
315.5	-1.11513e-23	4.41706e-25
315.667	-1.04668e-23	-1.37308e-24
315.835	-9.53434e-24	-3.05189e-24
316.002	-8.39283e-24	-4.55638e-24
316.17	-7.0847e-24	-5.85504e-24
316.337	-5.65463e-24	-6.92368e-24
316.505	-4.1482e-24	-7.74567e-24
316.673	-2.61059e-24	-8.31201e-24
316.84	-1.08539e-24	-8.62118e-24
317.008	3.86547e-25	-8.67871e-24
317.175	1.768e-24	-8.49671e-24
317.343	3.02627e-24	-8.09314e-24
317.51	4.13375e-24	-7.49103e-24
317.678	5.06848e-24	-6.71757e-24
317.845	5.81437e-24	-5.80312e-24
318.013	6.36137e-24	-4.78027e-24
318.181	6.70537e-24	-3.68276e-24
318.348	6.84803e-24	-2.54454e-24
318.516	6.7964e-24	-1.39882e-24
318.683	6.56244e-24	-2.77232e-25
318.851	6.16242e-24	7.90991e-25
319.018	5.61627e-24	1.77965e-24
319.186	4.94679e-24	2.66613e-24
319.353	4.17892e-24	3.43183e-24
319.521	3.33892e-24	4.06247e-24
319.688	2.45359e-24	4.54819e-24
319.856	1.54952e-24	4.88363e-24
320.024	6.52334e-25	5.06782e-24
320.191	-2.13888e-25	5.10396e-24
320.359	-1.02724e-24	4.99911e-24
320.526	-1.76842e-24	4.76377e-24
320.694	-2.42118e-24	4.41145e-24
320.861	-2.97254e-24	3.95809e-24
321.029	-3.41297e-24	3.42154e-24
321.196	-3.73651e-24	2.82093e-24
321.364	-3.9407e-24	2.1761e-24
321.532	-4.02644e-24	1.50701e-24
321.699	-3.99785e-24	8.33214e-25
321.867	-3.86192e-24	1.73317e-25
322.034	-3.62816e-24	-4.5546e-25
322.202	-3.30827e-24	-1.03768e-24
322.369	-2.91564e-24	-1.56001e-24
322.537	-2.4649e-24	-2.01147e-24
322.704	-1.97151e-24	-2.38362e-24
322.872	-1.45121e-24	-2.67063e-24
323.04	-9.19636e-25	-2.8693e-24
323.207	-3.91885e-25	-2.97901e-24
323.375	1.17877e-25	-3.00163e-24
323.542	5.96741e-25	-2.94124e-24
323.71	1.03334e-24	-2.80402e-24
323.877	1.41808e-24	-2.59787e-24
324.045	1.74329e-24	-2.33215e-24
324.212	2.00335e-24	-2.01733e-24
324.38	2.19471e-24	-1.66466e-24
324.547	2.3159e-24	-1.2858e-24
324.715	2.36742e-24	-8.92486e-25
324.883	2.35165e-24	-4.96228e-25
325.05	2.27267e-24	-1.07975e-25
325.218	2.13608e-24	2.62132e-25
325.385	1.94872e-24	6.04997e-25
325.553	1.71846e-24	9.12758e-25
325.72	1.45389e-24	1.17894e-24
325.888	1.16408e-24	1.39855e-24
326.055	8.58305e-25	1.56814e-24
326.223	5.45757e-25	1.68579e-24
326.391	2.35319e-25	1.75114e-24
326.558	-6.46679e-26	1.76523e-24
326.726	-3.466e-25	1.73048e-24
326.893	-6.03777e-25	1.65047e-24
327.061	-8.3054e-25	1.52985e-24
327.228	-1.02236e-24	1.37411e-24
327.396	-1.17591e-24	1.1894e-24
327.563	-1.2891e-24	9.82314e-25
327.731	-1.36101e-24	7.59722e-25
327.898	-1.39195e-24	5.28524e-25
328.066	-1.38329e-24	2.95487e-25
328.234	-1.33742e-24	6.7058e-26
328.401	-1.25761e-24	-1.50791e-25
328.569	-1.14788e-24	-3.527e-25
328.736	-1.01284e-24	-5.34034e-25
328.904	-8.5754e-25	-6.90973e-25
329.071	-6.87318e-25	-8.20565e-25
329.239	-5.07619e-25	-9.20766e-25
329.406	-3.23853e-25	-9.90443e-25
329.574	-1.41245e-25	-1.02936e-24
329.742	3.52911e-26	-1.03811e-24
329.909	2.01278e-25	-1.01812e-24
330.077	3.52766e-25	-9.71477e-25
330.244	4.86417e-25	-9.00904e-25
330.412	5.99559e-25	-8.09623e-25
330.579	6.90224e-25	-7.01246e-25
330.747	7.57162e-25	-5.79654e-25
330.914	7.99839e-25	-4.48875e-25
331.082	8.18411e-25	-3.12973e-25
331.25	8.1368e-25	-1.75926e-25
331.417	7.87041e-25	-4.15304e-26
331.585	7.4041e-25	8.66967e-26
331.752	6.76142e-25	2.05598e-25
331.92	5.96947e-25	3.1244e-25
332.087	5.05793e-25	4.04968e-25
332.255	4.05811e-25	4.8144e-25
332.422	3.00206e-25	5.40643e-25
332.59	1.92159e-25	5.81904e-25
332.757	8.47455e-26	6.05072e-25
332.925	-1.91421e-26	6.10499e-25
333.093	-1.16866e-25	5.99002e-25
333.26	-2.06098e-25	5.71812e-25
333.428	-2.8487e-25	5.30523e-25
333.595	-3.51603e-25	4.77025e-25
333.763	-4.05134e-25	4.13438e-25
333.93	-4.44721e-25	3.42042e-25
334.098	-4.70045e-25	2.65208e-25
334.265	-4.81188e-25	1.85322e-25
334.433	-4.78619e-25	1.04726e-25
334.601	-4.63151e-25	2.5656e-26
334.768	-4.35907e-25	-4.98188e-26
334.936	-3.98269e-25	-1.19837e-25
335.103	-3.51826e-25	-1.82788e-25
335.271	-2.98322e-25	-2.37341e-25
335.438	-2.39597e-25	-2.82465e-25
335.606	-1.77536e-25	-3.17444e-25
335.773	-1.14009e-25	-3.41876e-25
335.941	-5.08266e-26	-3.55668e-25
336.109	1.03084e-26	-3.59023e-25
336.276	6.7842e-26	-3.52415e-25
336.444	1.20403e-25	-3.36567e-25
336.611	1.66829e-25	-3.12411e-25
336.779	2.06189e-25	-2.81057e-25
336.946	2.37795e-25	-2.4375e-25
337.114	2.61206e-25	-2.01829e-25
337.281	2.76231e-25	-1.56688e-25
337.449	2.82915e-25	-1.0973e-25
337.616	2.81529e-25	-6.23333e-26
337.784	2.72549e-25	-1.58131e-26
337.952	2.56633e-25	2.86111e-26
338.119	2.34591e-25	6.98431e-26
338.287	2.07356e-25	1.06933e-25
338.454	1.75951e-25	1.39096e-25
338.622	1.41459e-25	1.65722e-25
338.789	1.04987e-25	1.86389e-25
338.957	6.76367e-26	2.00855e-25
339.124	3.04722e-26	2.09064e-25
339.292	-5.50376e-27	2.11133e-25
339.46	-3.93758e-26	2.07338e-25
339.627	-7.03355e-26	1.98101e-25
339.795	-9.76977e-26	1.83969e-25
339.962	-1.20912e-25	1.65594e-25
340.13	-1.39573e-25	1.43706e-25
340.297	-1.53417e-25	1.19092e-25
340.465	-1.62331e-25	9.25707e-26
340.632	-1.66338e-25	6.49685e-26
340.8	-1.65597e-25	3.70956e-26
340.968	-1.60385e-25	9.72622e-27
341.135	-1.51087e-25	-1.64216e-26
341.303	-1.38179e-25	-4.07019e-26
341.47	-1.22208e-25	-6.25547e-26
341.638	-1.03775e-25	-8.15166e-26
341.805	-8.35164e-26	-9.7228e-26
341.973	-6.20832e-26	-1.09438e-25
342.14	-4.0123e-26	-1.18003e-25
342.308	-1.82626e-26	-1.22889e-25
342.475	2.90802e-27	-1.24161e-25
342.643	2.28495e-26	-1.21983e-25
342.811	4.10855e-26	-1.166e-25
342.978	5.72118e-26	-1.08333e-25
343.146	7.09038e-26	-9.75641e-26
343.313	8.19206e-26	-8.47224e-26
343.481	9.01076e-26	-7.02704e-26
343.648	9.53953e-26	-5.46892e-26
343.816	9.77972e-26	-3.84645e-26
343.983	9.74047e-26	-2.20732e-26
344.151	9.43802e-26	-5.97095e-27
344.319	8.89489e-26	9.41938e-27
344.486	8.13897e-26	2.37172e-26
344.654	7.2024e-26	3.65924e-26
344.821	6.12051e-26	4.77715e-26
344.989	4.93065e-26	5.70421e-26
345.156	3.6711e-26	6.42553e-26
345.324	2.37997e-26	6.93265e-26
345.491	1.09413e-26	7.22337e-26
345.659	-1.51674e-27	7.30153e-26
345.827	-1.32568e-26	7.17656e-26
345.994	-2.39981e-26	6.86288e-26
346.162	-3.35023e-26	6.37929e-26
346.329	-4.15776e-26	5.7482e-26
346.497	-4.80818e-26	4.9948e-26
346.664	-5.29229e-26	4.14626e-26
346.832	-5.60595e-26	3.23086e-26
346.999	-5.74986e-26	2.27717e-26
347.167	-5.72933e-26	1.31326e-26
347.334	-5.55385e-26	3.65917e-27
347.502	-5.23661e-26	-5.39934e-27
347.67	-4.79395e-26	-1.38188e-26
347.837	-4.24475e-26	-2.14045e-26
348.005	-3.60974e-26	-2.79951e-26
348.172	-2.9109e-26	-3.34652e-26
348.34	-2.17072e-26	-3.77266e-26
348.507	-1.41162e-26	-4.07288e-26
348.675	-6.55288e-27	-4.24585e-26
348.842	7.78129e-28	-4.29377e-26
349.01	7.68976e-27	-4.22212e-26
349.178	1.40165e-26	-4.03935e-26
349.345	1.96178e-26	-3.75648e-26
349.513	2.43805e-26	-3.38664e-26
349.68	2.82204e-26	-2.94464e-26
349.848	3.1083e-26	-2.44643e-26
350.015	3.29434e-26	-1.90864e-26
350.183	3.38053e-26	-1.34807e-26
350.35	3.36996e-26	-7.81224e-27
350.518	3.26817e-26	-2.23884e-27
350.686	3.08287e-26	3.09283e-27
350.853	2.82367e-26	8.05066e-27
351.021	2.50162e-26	1.25199e-26
351.188	2.12892e-26	1.64054e-26
351.356	1.71847e-26	1.96329e-26
351.523	1.28351e-26	2.21503e-26
351.691	8.37203e-27	2.39277e-26
351.858	3.92333e-27	2.49567e-26
352.026	-3.90608e-28	2.52499e-26
352.193	-4.4596e-27	2.48395e-26
352.361	-8.18611e-27	2.37747e-26
352.529	-1.14872e-26	2.21201e-26
352.696	-1.42961e-26	1.99528e-26
352.864	-1.6563e-26	1.73597e-26
353.031	-1.82556e-26	1.44346e-26
353.199	-1.9359e-26	1.12751e-26
353.366	-1.98751e-26	7.98011e-27
353.534	-1.98218e-26	4.64671e-27
353.701	-1.92314e-26	1.36778e-27
353.869	-1.81492e-26	-1.77031e-27
354.037	-1.66314e-26	-4.68974e-27
354.204	-1.4743e-26	-7.32285e-27
354.372	-1.25556e-26	-9.61347e-27
354.539	-1.0145e-26	-1.15178e-26
354.707	-7.58889e-27	-1.3005e-26
354.874	-4.96493e-27	-1.40571e-26
355.042	-2.34825e-27	-1.46691e-26
355.209	1.9028e-28	-1.48484e-26
355.377	2.58575e-27	-1.46134e-26
355.545	4.78067e-27	-1.39931e-26
355.712	6.72615e-27	-1.30253e-26
355.88	8.38274e-27	-1.17553e-26
356.047	9.72101e-27	-1.0234e-26
356.215	1.07218e-26	-8.51661e-27
356.382	1.13761e-26	-6.66048e-27
356.55	1.16851e-26	-4.72374e-27
356.717	1.16589e-26	-2.76351e-27
356.885	1.13166e-26	-8.34471e-28
357.052	1.06846e-26	1.01253e-27
357.22	9.79586e-27	2.73162e-27
357.388	8.68857e-27	4.28294e-27
357.555	7.40474e-27	5.63332e-27
357.723	5.98893e-27	6.75691e-27
357.89	4.48688e-27	7.63542e-27
358.058	2.94419e-27	8.25821e-27
358.225	1.40509e-27	8.62223e-27
358.393	-8.86948e-29	8.7316e-27
358.56	-1.49893e-27	8.59718e-27
358.728	-2.79173e-27	8.23587e-27
358.896	-3.93827e-27	7.66984e-27
359.063	-4.91526e-27	6.92563e-27
359.231	-5.70529e-27	6.03318e-27
359.398	-6.29699e-27	5.02486e-27
359.566	-6.68503e-27	3.93442e-27
359.733	-6.86989e-27	2.79604e-27
359.901	-6.85757e-27	1.64332e-27
360.068	-6.65912e-27	5.08449e-28
360.236	-6.29005e-27	-5.78634e-28
360.404	-5.76968e-27	-1.59091e-27
360.571	-5.12041e-27	-2.50487e-27
360.739	-4.36693e-27	-3.30095e-27
360.906	-3.53541e-27	-3.96388e-27
361.074	-2.65275e-27	-4.48283e-27
361.241	-1.74577e-27	-4.85147e-27
361.409	-8.40497e-28	-5.06794e-27
361.576	3.85029e-29	-5.13459e-27
361.744	8.68711e-28	-5.05776e-27
361.911	1.63016e-27	-4.84733e-27
362.079	2.30585e-27	-4.51629e-27
362.247	2.88203e-27	-4.0802e-27
362.414	3.3484e-27	-3.55665e-27
362.582	3.69824e-27	-2.96465e-27
362.749	3.92833e-27	-2.32405e-27
362.917	4.03891e-27	-1.65494e-27
363.084	4.03347e-27	-9.77083e-28
363.252	3.91845e-27	-3.09431e-28
363.419	3.70294e-27	3.30386e-28
363.587	3.39827e-27	9.26453e-28
363.755	3.01757e-27	1.46491e-27
363.922	2.57535e-27	1.93421e-27
364.09	2.087e-27	2.32534e-27
364.257	1.56832e-27	2.63188e-27
364.425	1.03509e-27	2.85008e-27
364.592	5.02629e-28	2.97879e-27
364.76	-1.46055e-29	3.01936e-27
364.927	-5.03349e-28	2.97549e-27
365.095	-9.51835e-28	2.85294e-27
365.263	-1.35003e-27	2.65934e-27
365.43	-1.68983e-27	2.40381e-27
365.598	-1.96514e-27	2.09667e-27
365.765	-2.17196e-27	1.74911e-27
365.933	-2.30839e-27	1.37278e-27
366.1	-2.37452e-27	9.79491e-28
366.268	-2.37238e-27	5.80884e-28
366.435	-2.30574e-27	1.88103e-28
366.603	-2.1799e-27	-1.88468e-28
366.77	-2.00152e-27	-5.39452e-28
366.938	-1.7783e-27	-8.56678e-28
367.106	-1.51877e-27	-1.13334e-27
367.273	-1.23196e-27	-1.3641e-27
367.441	-9.27171e-28	-1.54517e-27
367.608	-6.13679e-28	-1.67431e-27
367.776	-3.00498e-28	-1.75083e-27
367.943	3.85914e-30	-1.7755e-27
368.111	2.9158e-28	-1.75047e-27
368.278	5.55731e-28	-1.67911e-27
368.446	7.90396e-28	-1.56589e-27
368.614	9.90785e-28	-1.41616e-27
368.781	1.1533e-27	-1.23599e-27
368.949	1.27557e-27	-1.03194e-27
369.116	1.35646e-27	-8.10858e-28
369.284	1.396e-27	-5.79697e-28
369.451	1.39537e-27	-3.453e-28
369.619	1.35676e-27	-1.14228e-28
369.786	1.28329e-27	1.07405e-28
369.954	1.17885e-27	3.14075e-28
370.122	1.04797e-27	5.00964e-28
370.289	8.95656e-28	6.64055e-28
370.457	7.27216e-28	8.002e-28
370.624	5.48114e-28	9.07152e-28
370.792	3.6381e-28	9.83585e-28
370.959	1.79606e-28	1.02907e-27
371.127	5.14229e-31	1.04406e-27
371.294	-1.68864e-28	1.02979e-27
371.462	-3.24443e-28	9.88242e-28
371.629	-4.62734e-28	9.22033e-28
371.797	-5.80909e-28	8.34303e-28
371.965	-6.76841e-28	7.28612e-28
372.132	-7.49125e-28	6.08814e-28
372.3	-7.97077e-28	4.78938e-28
372.467	-8.20712e-28	3.4307e-28
372.635	-8.20707e-28	2.05236e-28
372.802	-7.98346e-28	6.92981e-29
372.97	-7.55452e-28	-6.11443e-29
373.137	-6.94309e-28	-1.82836e-28
373.305	-6.17574e-28	-2.92938e-28
373.473	-5.28184e-28	-3.8908e-28
373.64	-4.29261e-28	-4.69402e-28
373.808	-3.24018e-28	-5.32574e-28
373.975	-2.15665e-28	-5.77808e-28
374.143	-1.07322e-28	-6.04845e-28
374.31	-1.94065e-30	-6.13938e-28
374.478	9.77702e-29	-6.05813e-28
374.645	1.89402e-28	-5.81626e-28
374.813	2.70898e-28	-5.4291e-28
374.98	3.40588e-28	-4.91508e-28
375.148	3.97215e-28	-4.29509e-28
375.316	4.39946e-28	-3.59177e-28
375.483	4.68372e-28	-2.82881e-28
375.651	4.82495e-28	-2.03024e-28
375.818	4.82708e-28	-1.21973e-28
375.986	4.69761e-28	-4.2002e-29
376.153	4.4472e-28	3.47696e-29
376.321	4.08925e-28	1.06424e-28
376.488	3.63935e-28	1.71288e-28
376.656	3.11475e-28	2.27963e-28
376.824	2.5338e-28	2.75349e-28
376.991	1.91538e-28	3.12662e-28
377.159	1.27837e-28	3.39431e-28
377.326	6.4114e-29	3.55499e-28
377.494	2.10537e-30	3.61012e-28
377.661	-5.65926e-29	3.5639e-28
377.829	-1.10561e-28	3.42312e-28
377.996	-1.58586e-28	3.19673e-28
378.164	-1.99683e-28	2.89556e-28
378.332	-2.33108e-28	2.53188e-28
378.499	-2.58368e-28	2.11897e-28
378.667	-2.75218e-28	1.67078e-28
378.834	-2.83656e-28	1.20141e-28
379.002	-2.83909e-28	7.24812e-29
379.169	-2.76414e-28	2.54355e-29
379.337	-2.61797e-28	-1.97479e-29
379.504	-2.40842e-28	-6.19392e-29
379.672	-2.14464e-28	-1.00152e-28
379.839	-1.83678e-28	-1.33561e-28
380.007	-1.4956e-28	-1.61517e-28
380.175	-1.13221e-28	-1.83554e-28
380.342	-7.57716e-29	-1.99395e-28
380.51	-3.82923e-29	-2.08944e-28
380.677	-1.8055e-30	-2.12283e-28
380.845	3.27487e-29	-2.09657e-28
381.012	6.4534e-29	-2.01463e-28
381.18	9.28351e-29	-1.88227e-28
381.347	1.1707e-28	-1.70582e-28
381.515	1.368e-28	-1.49248e-28
381.683	1.51731e-28	-1.25008e-28
381.85	1.61719e-28	-9.86787e-29
382.018	1.66759e-28	-7.10918e-29
382.185	1.66982e-28	-4.30666e-29
382.353	1.62645e-28	-1.53905e-29
382.52	1.54112e-28	1.12016e-29
382.688	1.41846e-28	3.60443e-29
382.855	1.26381e-28	5.85559e-29
383.023	1.08314e-28	7.82496e-29
383.191	8.82775e-29	9.47422e-29
383.358	6.69247e-29	1.07758e-28
383.526	4.49085e-29	1.17132e-28
383.693	2.28649e-29	1.22806e-28
383.861	1.39568e-30	1.24826e-28
384.028	-1.89455e-29	1.23337e-28
384.196	-3.76657e-29	1.18568e-28
384.363	-5.43432e-29	1.10829e-28
384.531	-6.86345e-29	1.00491e-28
384.698	-8.02799e-29	8.79771e-29
384.866	-8.9106e-29	7.37465e-29
385.034	-9.50255e-29	5.82799e-29
385.201	-9.80349e-29	4.20658e-29
385.369	-9.82104e-29	2.55865e-29
385.536	-9.57011e-29	9.30527e-30
385.704	-9.07211e-29	-6.34514e-30
385.871	-8.35404e-29	-2.09727e-29
386.039	-7.4474e-29	-3.42344e-29
386.206	-6.38714e-29	-4.58433e-29
386.374	-5.21047e-29	-5.55729e-29
386.542	-3.95578e-29	-6.32602e-29
386.709	-2.66149e-29	-6.88067e-29
386.877	-1.36499e-29	-7.21777e-29
387.044	-1.01727e-30	-7.33995e-29
387.212	1.09569e-29	-7.25555e-29
387.379	2.19823e-29	-6.97808e-29
387.547	3.181e-29	-6.52561e-29
387.714	4.02375e-29	-5.91995e-29
387.882	4.71111e-29	-5.18593e-29
388.05	5.2328e-29	-4.3505e-29
388.217	5.58362e-29	-3.44195e-29
388.385	5.76329e-29	-2.48898e-29
388.552	5.7762e-29	-1.51997e-29
388.72	5.63107e-29	-5.62194e-30
388.887	5.34043e-29	3.58881e-30
389.055	4.92009e-29	1.22015e-29
389.222	4.38857e-29	2.00141e-29
389.39	3.76637e-29	2.68571e-29
389.557	3.07536e-29	3.25968e-29
389.725	2.33812e-29	3.71369e-29
389.893	1.57722e-29	4.04188e-29
390.06	8.14694e-30	4.24213e-29
390.228	7.13874e-31	4.31596e-29
390.395	-6.33492e-30	4.26821e-29
390.563	-1.28283e-29	4.10678e-29
390.73	-1.86195e-29	3.84225e-29
390.898	-2.3589e-29	3.48743e-29
391.065	-2.76461e-29	3.05688e-29
391.233	-3.07296e-29	2.56644e-29
391.401	-3.28086e-29	2.03273e-29
391.568	-3.3881e-29	1.47264e-29
391.736	-3.39722e-29	9.02855e-30
391.903	-3.31331e-29	3.39422e-30
392.071	-3.14369e-29	-2.02655e-30
392.238	-2.89766e-29	-7.09769e-30
392.406	-2.58605e-29	-1.17e-29
392.573	-2.22093e-29	-1.57337e-29
392.741	-1.81513e-29	-1.91197e-29
392.909	-1.38194e-29	-2.1801e-29
393.076	-9.34624e-30	-2.37428e-29
393.244	-4.86147e-30	-2.49323e-29
393.411	-4.87865e-31	-2.53781e-29
393.579	3.66148e-30	-2.51083e-29
393.746	7.48572e-30	-2.41693e-29
393.914	1.08983e-29	-2.26229e-29
394.081	1.38287e-29	-2.05442e-29
394.249	1.62232e-29	-1.80188e-29
394.416	1.80458e-29	-1.51397e-29
394.584	1.92778e-29	-1.20046e-29
394.752	1.99177e-29	-8.71275e-30
394.919	1.99803e-29	-5.36237e-30
395.087	1.94953e-29	-2.04789e-30
395.254	1.85055e-29	1.14235e-30
395.422	1.70654e-29	4.1282e-30
395.589	1.52387e-29	6.83942e-30
395.757	1.3096e-29	9.21708e-30
395.924	1.0713e-29	1.12145e-29
396.092	8.16765e-30	1.2798e-29
396.26	5.53802e-30	1.39468e-29
396.427	2.90035e-30	1.46533e-29
396.595	3.2695e-31	1.49223e-29
396.762	-2.11559e-30	1.47702e-29
396.93	-4.36783e-30	1.4224e-29
397.097	-6.37877e-30	1.33201e-29
397.265	-8.10672e-30	1.21023e-29
397.432	-9.51999e-30	1.06211e-29
397.6	-1.05972e-29	8.93093e-30
397.768	-1.13272e-29	7.08932e-30
397.935	-1.1709e-29	5.15462e-30
398.103	-1.17511e-29	3.18459e-30
398.27	-1.14708e-29	1.23481e-30
398.438	-1.08933e-29	-6.42707e-31
398.605	-1.00504e-29	-2.40074e-30
398.773	-8.97952e-30	-3.99789e-30
398.94	-7.72219e-30	-5.39938e-30
399.108	-6.3228e-30	-6.57768e-30
399.275	-4.82718e-30	-7.5128e-30
399.443	-3.2813e-30	-8.19248e-30
399.611	-1.73001e-30	-8.61208e-30
399.778	-2.15839e-31	-8.77429e-30
399.946	1.22197e-30	-8.68868e-30
400.113	2.54839e-30	-8.37104e-30
400.281	3.73335e-30	-7.84262e-30
400.448	4.75226e-30	-7.12926e-30
400.616	5.58637e-30	-6.26045e-30
400.783	6.223e-30	-5.26829e-30
400.951	6.65554e-30	-4.18651e-30
401.119	6.88329e-30	-3.04945e-30
401.286	6.91116e-30	-1.89107e-30
401.454	6.74926e-30	-7.44102e-31
401.621	6.4123e-30	3.60841e-31
401.789	5.91897e-30	1.39594e-30
401.956	5.2912e-30	2.3368e-30
402.124	4.5534e-30	3.16289e-30
402.291	3.73163e-30	3.85796e-30
402.459	2.85284e-30	4.41019e-30
402.627	1.94408e-30	4.81229e-30
402.794	1.03171e-30	5.06146e-30
402.962	1.40799e-31	5.15922e-30
403.129	-7.05562e-31	5.11113e-30
403.297	-1.48673e-30	4.92643e-30
403.464	-2.18498e-30	4.61756e-30
403.632	-2.78578e-30	4.19969e-30
403.799	-3.27806e-30	3.69011e-30
403.967	-3.65431e-30	3.10768e-30
404.134	-3.91058e-30	2.47224e-30
404.302	-4.0464e-30	1.80397e-30
404.47	-4.06463e-30	1.12285e-30
404.637	-3.97114e-30	4.48144e-31
404.805	-3.77455e-30	-2.02126e-31
404.972	-3.48583e-30	-8.11571e-31
405.14	-3.11783e-30	-1.36581e-30
405.307	-2.68488e-30	-1.85274e-30
405.475	-2.20232e-30	-2.26275e-30
405.642	-1.68597e-30	-2.58885e-30
405.81	-1.15175e-30	-2.82673e-30
405.978	-6.1516e-31	-2.97468e-30
406.145	-9.09619e-32	-3.03356e-30
406.313	4.07243e-31	-3.00661e-30
406.48	8.67294e-31	-2.89923e-30
406.648	1.27873e-30	-2.7187e-30
406.815	1.63299e-30	-2.47392e-30
406.983	1.92353e-30	-2.17504e-30
407.15	2.14588e-30	-1.83315e-30
407.318	2.29771e-30	-1.45989e-30
407.486	2.3787e-30	-1.06714e-30
407.653	2.39049e-30	-6.6665e-31
407.821	2.33653e-30	-2.69753e-31
407.988	2.22185e-30	1.12935e-31
408.156	2.05287e-30	4.71761e-31
408.323	1.83715e-30	7.98246e-31
408.491	1.58311e-30	1.08525e-30
408.658	1.29973e-30	1.32711e-30
408.826	9.96348e-31	1.51968e-30
408.993	6.82299e-31	1.6604e-30
409.161	3.66722e-31	1.74824e-30
409.329	5.82953e-32	1.78369e-30
409.496	-2.34967e-31	1.76862e-30
409.664	-5.05901e-31	1.7062e-30
409.831	-7.48338e-31	1.60069e-30
409.999	-9.57223e-31	1.4573e-30
410.166	-1.12869e-30	1.28201e-30
410.334	-1.26009e-30	1.08132e-30
410.501	-1.35004e-30	8.62067e-31
410.669	-1.39832e-30	6.31243e-31
410.837	-1.40589e-30	3.95761e-31
411.004	-1.37475e-30	1.62289e-31
411.172	-1.30785e-30	-6.29233e-32
411.339	-1.20897e-30	-2.74189e-31
411.507	-1.08252e-30	-4.66512e-31
411.674	-9.33447e-31	-6.3568e-31
411.842	-7.67046e-31	-7.78344e-31
412.009	-5.88789e-31	-8.92058e-31
412.177	-4.04175e-31	-9.75295e-31
412.345	-2.18579e-31	-1.02744e-30
412.512	-3.71083e-32	-1.04877e-30
412.68	1.35516e-31	-1.04037e-30
412.847	2.95073e-31	-1.00409e-30
413.015	4.37927e-31	-9.42428e-31
413.182	5.61091e-31	-8.58441e-31
413.35	6.62282e-31	-7.55633e-31
413.517	7.39937e-31	-6.37824e-31
413.685	7.93217e-31	-5.0904e-31
413.852	8.21996e-31	-3.73385e-31
414.02	8.26821e-31	-2.34926e-31
414.188	8.0886e-31	-9.75878e-32
414.355	7.69842e-31	3.4949e-32
414.523	7.11972e-31	1.59335e-31
414.69	6.37852e-31	2.72625e-31
414.858	5.50381e-31	3.72335e-31
415.025	4.52669e-31	4.56487e-31
415.193	3.47934e-31	5.23634e-31
415.36	2.39409e-31	5.7287e-31
415.528	1.30257e-31	6.03826e-31
415.696	2.34857e-32	6.16653e-31
415.863	-7.81265e-32	6.11985e-31
416.031	-1.72091e-31	5.909e-31
416.198	-2.56265e-31	5.54864e-31
416.366	-3.28886e-31	5.05671e-31
416.533	-3.88604e-31	4.45375e-31
416.701	-4.34492e-31	3.76222e-31
416.868	-4.66053e-31	3.00576e-31
417.036	-4.83204e-31	2.20851e-31
417.204	-4.8626e-31	1.39441e-31
417.371	-4.75905e-31	5.86537e-32
417.539	-4.53149e-31	-1.93433e-32
417.706	-4.19284e-31	-9.25771e-32
417.874	-3.75838e-31	-1.59311e-31
418.041	-3.24513e-31	-2.18081e-31
418.209	-2.67137e-31	-2.67719e-31
418.376	-2.05599e-31	-3.07367e-31
418.544	-1.41804e-31	-3.3649e-31
418.711	-7.76108e-32	-3.54864e-31
418.879	-1.479e-32	-3.62574e-31
419.047	4.50215e-32	-3.59989e-31
419.214	1.00358e-31	-3.47738e-31
419.382	1.49955e-31	-3.2668e-31
419.549	1.92774e-31	-2.97866e-31
419.717	2.28016e-31	-2.62504e-31
419.884	2.55132e-31	-2.21912e-31
420.052	2.73826e-31	-1.77479e-31
420.219	2.84045e-31	-1.30626e-31
420.387	2.85972e-31	-8.27585e-32
420.555	2.80004e-31	-3.52368e-32
420.722	2.66733e-31	1.06636e-32
420.89	2.46917e-31	5.37804e-32
421.057	2.21451e-31	9.30904e-32
421.225	1.91336e-31	1.2773e-31
421.392	1.57644e-31	1.57008e-31
421.56	1.21489e-31	1.80419e-31
421.727	8.39873e-32	1.97644e-31
421.895	4.62349e-32	2.0855e-31
422.063	9.27357e-33	2.13182e-31
422.23	-2.59328e-32	2.11755e-31
422.398	-5.85206e-32	2.04638e-31
422.565	-8.77443e-32	1.92333e-31
422.733	-1.12991e-31	1.75457e-31
422.9	-1.33788e-31	1.54718e-31
423.068	-1.49811e-31	1.30891e-31
423.235	-1.60883e-31	1.04793e-31
423.403	-1.66971e-31	7.72576e-32
423.57	-1.6818e-31	4.91132e-32
423.738	-1.64742e-31	2.11597e-32
423.906	-1.57004e-31	-5.85203e-33
424.073	-1.45408e-31	-3.12372e-32
424.241	-1.30482e-31	-5.43927e-32
424.408	-1.12812e-31	-7.48088e-32
424.576	-9.30286e-32	-9.20783e-32
424.743	-7.17857e-32	-1.05901e-31
424.911	-4.97411e-32	-1.16089e-31
425.078	-2.75389e-32	-1.22561e-31
425.246	-5.79245e-33	-1.25343e-31
425.414	1.49307e-32	-1.24559e-31
425.581	3.41215e-32	-1.20425e-31
425.749	5.13406e-32	-1.13236e-31
425.916	6.62258e-32	-1.03352e-31
426.084	7.84986e-32	-9.11891e-32
426.251	8.79665e-32	-7.72032e-32
426.419	9.45239e-32	-6.1874e-32
426.586	9.81503e-32	-4.56918e-32
426.754	9.8906e-32	-2.9144e-32
426.921	9.69266e-32	-1.2701e-32
427.089	9.24143e-32	3.19486e-33
427.257	8.56297e-32	1.81403e-32
427.424	7.68811e-32	3.17799e-32
427.592	6.65133e-32	4.38129e-32
427.759	5.48969e-32	5.39989e-32
427.927	4.24159e-32	6.21608e-32
428.094	2.94575e-32	6.8186e-32
428.262	1.64004e-32	7.20266e-32
428.429	3.60582e-33	7.36966e-32
428.597	-8.59209e-33	7.32683e-32
428.765	-1.98934e-32	7.08675e-32
428.932	-3.0039e-32	6.66666e-32
429.1	-3.88153e-32	6.08779e-32
429.267	-4.60576e-32	5.37452e-32
429.435	-5.16519e-32	4.55359e-32
429.602	-5.55354e-32	3.65321e-32
429.77	-5.76951e-32	2.70222e-32
429.937	-5.81659e-32	1.72927e-32
430.105	-5.70266e-32	7.62065e-33
430.273	-5.43958e-32	-1.73369e-33
430.44	-5.04262e-32	-1.05327e-32
430.608	-4.52985e-32	-1.8567e-32
430.775	-3.92154e-32	-2.5659e-32
430.943	-3.23945e-32	-3.16669e-32
431.11	-2.50616e-32	-3.64859e-32
431.278	-1.74443e-32	-4.00493e-32
431.445	-9.76555e-33	-4.23282e-32
431.613	-2.23784e-33	-4.33302e-32
431.78	4.94196e-33	-4.30975e-32
431.948	1.15972e-32	-4.17035e-32
432.116	1.7575e-32	-3.92492e-32
432.283	2.27494e-32	-3.5859e-32
432.451	2.70231e-32	-3.16761e-32
432.618	3.03285e-32	-2.68576e-32
432.786	3.26283e-32	-2.15692e-32
432.953	3.39143e-32	-1.59804e-32
433.121	3.42066e-32	-1.02599e-32
433.288	3.35513e-32	-4.57065e-33
433.456	3.20176e-32	9.34125e-34
433.624	2.96951e-32	6.11447e-33
433.791	2.66898e-32	1.08469e-32
433.959	2.31207e-32	1.50268e-32
434.126	1.91156e-32	1.85703e-32
434.294	1.48074e-32	2.14156e-32
434.461	1.03298e-32	2.35229e-32
434.629	5.81396e-33	2.4875e-32
434.796	1.38507e-33	2.5476e-32
434.964	-2.841e-33	2.53505e-32
435.132	-6.76014e-33	2.45412e-32
435.299	-1.02823e-32	2.31073e-32
435.467	-1.3333e-32	2.11219e-32
435.634	-1.58549e-32	1.8669e-32
435.802	-1.78078e-32	1.58407e-32
435.969	-1.91697e-32	1.27345e-32
436.137	-1.99353e-32	9.4502e-33
436.304	-2.01164e-32	6.08683e-33
436.472	-1.97396e-32	2.74032e-33
436.639	-1.88456e-32	-4.99063e-34
436.807	-1.74868e-32	-3.54891e-33
436.975	-1.57254e-32	-6.33643e-33
437.142	-1.36313e-32	-8.79995e-33
437.31	-1.12797e-32	-1.08899e-32
437.477	-8.74853e-33	-1.25698e-32
437.645	-6.11652e-33	-1.3816e-32
437.812	-3.46086e-33	-1.46181e-32
437.98	-8.55158e-34	-1.49785e-32
438.147	1.63231e-33	-1.49113e-32
438.315	3.94021e-33	-1.44416e-32
438.483	6.01542e-33	-1.3604e-32
438.65	7.81406e-33	-1.24413e-32
438.818	9.30215e-33	-1.10028e-32
438.985	1.0456e-32	-9.34276e-33
439.153	1.12624e-32	-7.51838e-33
439.32	1.17182e-32	-5.58829e-33
439.488	1.183e-32	-3.6108e-33
439.655	1.16135e-32	-1.64237e-33
439.823	1.10924e-32	2.63898e-34
439.991	1.02975e-32	2.05944e-33
440.158	9.26519e-33	3.70135e-33
440.326	8.03659e-33	5.15326e-33
440.493	6.6558e-33	6.38594e-33
440.661	5.16871e-33	7.3777e-33
440.828	3.62158e-33	8.11463e-33
440.996	2.05984e-33	8.59049e-33
441.163	5.26806e-34	8.8065e-33
441.331	-9.37309e-34	8.77089e-33
441.498	-2.29637e-33	8.49828e-33
441.666	-3.51906e-33	8.00899e-33
441.834	-4.57948e-33	7.32811e-33
442.001	-5.45756e-33	6.48459e-33
442.169	-6.13928e-33	5.51024e-33
442.336	-6.61674e-33	4.43871e-33
442.504	-6.88803e-33	3.30447e-33
442.671	-6.95694e-33	2.14183e-33
442.839	-6.83261e-33	9.83982e-34
443.006	-6.52891e-33	-1.37778e-34
443.174	-6.06385e-33	-1.19486e-33
443.342	-5.45887e-33	-2.16197e-33
443.509	-4.73805e-33	-3.01767e-33
443.677	-3.92732e-33	-3.74469e-33
443.844	-3.05364e-33	-4.33021e-33
444.012	-2.14423e-33	-4.76598e-33
444.179	-1.2258e-33	-5.04825e-33
444.347	-3.2387e-34	-5.17767e-33
444.514	5.37897e-34	-5.15903e-33
444.682	1.33821e-33	-5.00086e-33
444.85	2.05859e-33	-4.71506e-33
445.017	2.68378e-33	-4.31634e-33
445.185	3.2019e-33	-3.8217e-33
445.352	3.60466e-33	-3.24983e-33
445.52	3.88735e-33	-2.62048e-33
445.687	4.04879e-33	-1.95394e-33
445.855	4.09118e-33	-1.27038e-33
446.022	4.01982e-33	-5.89332e-34
446.19	3.84283e-33	7.07747e-35
446.357	3.57078e-33	6.931e-34
446.525	3.21624e-33	1.26274e-33
446.693	2.79334e-33	1.76705e-33
446.86	2.31732e-33	2.19583e-33
447.028	1.80403e-33	2.54151e-33
447.195	1.26947e-33	2.79918e-33
447.363	7.29372e-34	2.96661e-33
447.53	1.98738e-34	3.04413e-33
447.698	-3.08488e-34	3.03451e-33
447.865	-7.79761e-34	2.94276e-33
448.033	-1.2042e-33	2.77583e-33
448.201	-1.57278e-33	2.54235e-33
448.368	-1.87849e-33	2.2523e-33
448.536	-2.11644e-33	1.91665e-33
448.703	-2.2838e-33	1.54703e-33
448.871	-2.37987e-33	1.15533e-33
449.038	-2.40589e-33	7.53439e-34
449.206	-2.36496e-33	3.52852e-34
449.373	-2.26183e-33	-3.55888e-35
449.541	-2.10269e-33	-4.01963e-34
449.709	-1.89491e-33	-7.37487e-34
449.876	-1.6468e-33	-1.0347e-33
450.044	-1.36731e-33	-1.28758e-33
450.211	-1.06575e-33	-1.49166e-33
450.379	-7.51545e-34	-1.64401e-33
450.546	-4.33929e-34	-1.74331e-33
450.714	-1.21744e-34	-1.78973e-33
450.881	1.76801e-34	-1.78487e-33
451.049	4.54315e-34	-1.73166e-33
451.216	7.0438e-34	-1.63417e-33
451.384	9.21676e-34	-1.49745e-33
451.552	1.10206e-33	-1.32737e-33
451.719	1.24263e-33	-1.13037e-33
451.887	1.34172e-33	-9.13282e-34
452.054	1.39887e-33	-6.83104e-34
452.222	1.41481e-33	-4.4682e-34
452.389	1.39135e-33	-2.11199e-34
452.557	1.33126e-33	1.73788e-35
452.724	1.23818e-33	2.33068e-34
452.892	1.11641e-33	4.30693e-34
453.06	9.70856e-34	6.05852e-34
453.227	8.06757e-34	7.54994e-34
453.395	6.29594e-34	8.75469e-34
453.562	4.44904e-34	9.65553e-34
453.73	2.58126e-34	1.02444e-33
453.897	7.44609e-35	1.05223e-33
454.065	-1.01257e-34	1.04984e-33
454.232	-2.64672e-34	1.01898e-33
454.4	-4.12002e-34	9.62046e-34
454.568	-5.40107e-34	8.81995e-34
454.735	-6.46541e-34	7.82266e-34
454.903	-7.29582e-34	6.66645e-34
455.07	-7.88239e-34	5.39144e-34
455.238	-8.22239e-34	4.03881e-34
455.405	-8.31993e-34	2.64964e-34
455.573	-8.18555e-34	1.26374e-34
455.74	-7.83548e-34	-8.1307e-36
455.908	-7.29099e-34	-1.35109e-34
456.075	-6.57746e-34	-2.51509e-34
456.243	-5.72352e-34	-3.54737e-34
456.411	-4.76005e-34	-4.42694e-34
456.578	-3.71924e-34	-5.13815e-34
456.746	-2.63365e-34	-5.67077e-34
456.913	-1.53528e-34	-6.01999e-34
457.081	-4.54751e-35	-6.18625e-34
457.248	5.7948e-35	-6.17497e-34
457.416	1.54175e-34	-5.99609e-34
457.583	2.40976e-34	-5.66359e-34
457.751	3.16498e-34	-5.19488e-34
457.919	3.79297e-34	-4.61011e-34
458.086	4.28353e-34	-3.93153e-34
458.254	4.63076e-34	-3.1827e-34
458.421	4.83298e-34	-2.38785e-34
458.589	4.89258e-34	-1.57112e-34
458.756	4.81566e-34	-7.55962e-35
458.924	4.61173e-34	3.55182e-36
459.091	4.29326e-34	7.83042e-35
459.259	3.87514e-34	1.46863e-34
459.427	3.37417e-34	2.07698e-34
459.594	2.80849e-34	2.59571e-34
459.762	2.19704e-34	3.01556e-34
459.929	1.55894e-34	3.33046e-34
460.097	9.13042e-35	3.53753e-34
460.264	2.77351e-35	3.637e-34
460.432	-3.31368e-35	3.63198e-34
460.599	-8.97998e-35	3.52831e-34
460.767	-1.40939e-34	3.33415e-34
460.934	-1.85461e-34	3.05972e-34
461.102	-2.22514e-34	2.71684e-34
461.27	-2.51492e-34	2.31858e-34
461.437	-2.72046e-34	1.87879e-34
461.605	-2.84073e-34	1.41171e-34
461.772	-2.87708e-34	9.31546e-35
461.94	-2.83309e-34	4.52085e-35
462.107	-2.71431e-34	-1.36506e-36
462.275	-2.52805e-34	-4.53718e-35
462.442	-2.28303e-34	-8.57524e-35
462.61	-1.98914e-34	-1.21604e-34
462.778	-1.65702e-34	-1.52195e-34
462.945	-1.29781e-34	-1.7698e-34
463.113	-9.22747e-35	-1.95597e-34
463.28	-5.42925e-35	-2.07875e-34
463.448	-1.68942e-35	-2.13823e-34
463.615	1.8933e-35	-2.13624e-34
463.783	5.22985e-35	-2.07616e-34
463.95	8.24272e-35	-1.9628e-34
464.118	1.08674e-34	-1.80212e-34
464.286	1.30535e-34	-1.60108e-34
464.453	1.47653e-34	-1.36734e-34
464.621	1.59819e-34	-1.10906e-34
464.788	1.66971e-34	-8.34588e-35
464.956	1.69186e-34	-5.52292e-35
465.123	1.66672e-34	-2.70285e-35
465.291	1.59754e-34	3.76856e-37
465.458	1.4886e-34	2.62834e-35
465.626	1.34503e-34	5.00669e-35
465.793	1.17262e-34	7.11948e-35
465.961	9.77635e-35	8.92358e-35
466.129	7.66606e-35	1.03866e-34
466.296	5.46156e-35	1.14872e-34
466.464	3.22802e-35	1.22152e-34
466.631	1.02786e-35	1.25708e-34
466.799	-1.08079e-35	1.25647e-34
466.966	-3.04548e-35	1.22167e-34
467.134	-4.82049e-35	1.15548e-34
467.301	-6.36779e-35	1.06141e-34
467.469	-7.65758e-35	9.43532e-35
467.637	-8.66873e-35	8.06357e-35
467.804	-9.38882e-35	6.54668e-35
467.972	-9.81404e-35	4.93383e-35
468.139	-9.94883e-35	3.27419e-35
468.307	-9.80529e-35	1.61551e-35
468.474	-9.40245e-35	2.90308e-38
468.642	-8.76537e-35	-1.52219e-35
468.809	-7.92411e-35	-2.92299e-35
468.977	-6.9127e-35	-4.16808e-35
469.145	-5.76791e-35	-5.232e-35
469.312	-4.52818e-35	-6.09562e-35
469.48	-3.23244e-35	-6.74629e-35
469.647	-1.91903e-35	-7.17784e-35
469.815	-6.24675e-36	-7.39043e-35
469.982	6.16393e-36	-7.39015e-35
470.15	1.77326e-35	-7.18858e-35
470.317	2.81899e-35	-6.80214e-35
470.485	3.73114e-35	-6.2514e-35
470.652	4.4921e-35	-5.56028e-35
470.82	5.08937e-35	-4.75523e-35
470.988	5.51556e-35	-3.86438e-35
471.155	5.76835e-35	-2.91665e-35
471.323	5.85029e-35	-1.94094e-35
471.49	5.76841e-35	-9.65352e-36
471.658	5.53385e-35	-1.64584e-37
471.825	5.16128e-35	8.81345e-36
471.993	4.66836e-35	1.70638e-35
472.16	4.07504e-35	2.44012e-35
472.328	3.40294e-35	3.06753e-35
472.496	2.67465e-35	3.57731e-35
472.663	1.91305e-35	3.96196e-35
472.831	1.14071e-35	4.21778e-35
472.998	3.7925e-36	4.34482e-35
473.166	-3.51186e-36	4.34661e-35
473.333	-1.03238e-35	4.22989e-35
473.501	-1.64846e-35	4.0043e-35
473.668	-2.18617e-35	3.68187e-35
473.836	-2.63512e-35	3.27667e-35
474.003	-2.98791e-35	2.80421e-35
474.171	-3.24014e-35	2.28103e-35
474.339	-3.39041e-35	1.72413e-35
474.506	-3.44017e-35	1.15051e-35
474.674	-3.39351e-35	5.76707e-36
474.841	-3.25694e-35	1.83599e-37
475.009	-3.03908e-35	-5.10161e-36
475.176	-2.75026e-35	-9.96079e-36
475.344	-2.40221e-35	-1.42847e-35
475.511	-2.00763e-35	-1.79847e-35
475.679	-1.57979e-35	-2.09938e-35
475.847	-1.13215e-35	-2.32675e-35
476.014	-6.77989e-36	-2.4784e-35
476.182	-2.30026e-36	-2.5543e-35
476.349	1.99873e-36	-2.55649e-35
476.517	6.00977e-36	-2.48893e-35
476.684	9.63925e-36	-2.35724e-35
476.852	1.2809e-35	-2.16849e-35
477.019	1.54577e-35	-1.93092e-35
477.187	1.75415e-35	-1.65365e-35
477.355	1.90342e-35	-1.3464e-35
477.522	1.99274e-35	-1.01916e-35
477.69	2.02292e-35	-6.81933e-36
477.857	1.99636e-35	-3.44446e-36
478.025	1.91686e-35	-1.5906e-37
478.192	1.78946e-35	2.95223e-36
478.36	1.62024e-35	5.81411e-36
478.527	1.41607e-35	8.36217e-36
478.695	1.18442e-35	1.05441e-35
478.862	9.33084e-36	1.23202e-35
479.03	6.69983e-36	1.36643e-35
479.198	4.02922e-36	1.45631e-35
479.365	1.3939e-36	1.50165e-35
479.533	-1.13625e-36	1.50361e-35
479.7	-3.49803e-36	1.46451e-35
479.868	-5.63624e-36	1.38764e-35
480.035	-7.50478e-36	1.27715e-35
480.203	-9.06741e-36	1.13786e-35
480.37	-1.02982e-35	9.75151e-36
480.538	-1.11815e-35	7.94712e-36
480.706	-1.17124e-35	6.02425e-36
480.873	-1.18953e-35	4.04172e-36
481.041	-1.17443e-35	2.05677e-36
481.208	-1.12815e-35	1.23605e-37
481.376	-1.05366e-35	-1.70793e-36
481.543	-9.54511e-36	-3.39346e-36
481.711	-8.34746e-36	-4.895e-36
481.878	-6.98749e-36	-6.18165e-36
482.046	-5.51103e-36	-7.23003e-36
482.214	-3.96465e-36	-8.02451e-36
482.381	-2.39426e-36	-8.55726e-36
482.549	-8.43944e-37	-8.82796e-36
482.716	6.45157e-37	-8.84349e-36
482.884	2.0358e-36	-8.61728e-36
483.051	3.29546e-36	-8.16861e-36
483.219	4.39694e-36	-7.5218e-36
483.386	5.31881e-36	-6.70523e-36
483.554	6.04573e-36	-5.75035e-36
483.721	6.56847e-36	-4.6907e-36
483.889	6.8839e-36	-3.56082e-36
484.057	6.99468e-36	-2.39532e-36
484.224	6.9089e-36	-1.22787e-36
484.392	6.63959e-36	-9.0383e-38
484.559	6.20403e-36	9.87785e-37
484.727	5.62314e-36	1.98049e-36
484.894	4.92062e-36	2.86532e-36
485.062	4.12221e-36	3.62404e-36
485.229	3.25488e-36	4.24284e-36
485.397	2.346e-36	4.71244e-36
485.565	1.42258e-36	5.02818e-36
485.732	5.10557e-37	5.18979e-36
485.9	-3.65835e-37	5.20126e-36
486.067	-1.18466e-36	5.07042e-36
486.235	-1.92674e-36	4.80857e-36
486.402	-2.57603e-36	4.42995e-36
486.57	-3.11989e-36	3.95123e-36
486.737	-3.54922e-36	3.39087e-36
486.905	-3.85854e-36	2.76858e-36
487.073	-4.04596e-36	2.10468e-36
487.24	-4.11299e-36	1.4195e-36
487.408	-4.06434e-36	7.32866e-37
487.575	-3.90762e-36	6.35647e-38
487.743	-3.65296e-36	-5.71115e-37
487.91	-3.31263e-36	-1.15577e-36
488.078	-2.90054e-36	-1.67718e-36
488.245	-2.43183e-36	-2.12458e-36
488.413	-1.92233e-36	-2.48981e-36
488.58	-1.38814e-36	-2.76738e-36
488.748	-8.45152e-37	-2.95449e-36
488.916	-3.08632e-37	-3.05096e-36
489.083	2.07154e-37	-3.05908e-36
489.251	6.89283e-37	-2.98343e-36
489.418	1.12645e-36	-2.83061e-36
489.586	1.50919e-36	-2.60899e-36
489.753	1.83002e-36	-2.32834e-36
489.921	2.08359e-36	-1.99951e-36
490.088	2.26662e-36	-1.63407e-36
490.256	2.37797e-36	-1.24396e-36
490.424	2.41849e-36	-8.41162e-37
490.591	2.39093e-36	-4.37324e-37
490.759	2.29974e-36	-4.35086e-38
490.926	2.15086e-36	3.30103e-37
491.094	1.95147e-36	6.74429e-37
491.261	1.70976e-36	9.81683e-37
491.429	1.4346e-36	1.24551e-36
491.596	1.1353e-36	1.46107e-36
491.764	8.21339e-37	1.62513e-36
491.932	5.02053e-37	1.73601e-36
492.099	1.86434e-37	1.79358e-36
492.267	-1.17122e-37	1.79916e-36
492.434	-4.01e-37	1.75543e-36
492.602	-6.58535e-37	1.66626e-36
492.769	-8.84145e-37	1.53654e-36
492.937	-1.07342e-36	1.37201e-36
493.104	-1.22317e-36	1.17904e-36
493.272	-1.33146e-36	9.64439e-37
493.439	-1.39761e-36	7.3522e-37
493.607	-1.42209e-36	4.98424e-37
493.775	-1.40651e-36	2.60912e-37
493.942	-1.35346e-36	2.91924e-38
494.11	-1.26642e-36	-1.90736e-37
494.277	-1.14961e-36	-3.93524e-37
494.445	-1.00783e-36	-5.74578e-37
494.612	-8.46293e-37	-7.30146e-37
494.78	-6.7048e-37	-8.57375e-37
494.947	-4.85952e-37	-9.54339e-37
495.115	-2.98209e-37	-1.02004e-36
495.283	-1.1254e-37	-1.05439e-36
495.45	6.611e-38	-1.05815e-36
495.618	2.33256e-37	-1.03288e-36
495.785	3.8497e-37	-9.80844e-37
495.953	5.17957e-37	-9.04919e-37
496.12	6.29611e-37	-8.08468e-37
496.288	7.1805e-37	-6.95233e-37
496.455	7.82126e-37	-5.69209e-37
496.623	8.21417e-37	-4.34525e-37
496.791	8.36197e-37	-2.9532e-37
496.958	8.27397e-37	-1.55631e-37
497.126	7.96536e-37	-1.92895e-38
497.293	7.45654e-37	1.10172e-37
497.461	6.77223e-37	2.29601e-37
497.628	5.94062e-37	3.36289e-37
497.796	4.99235e-37	4.28021e-37
497.963	3.95959e-37	5.03112e-37
498.131	2.87506e-37	5.60419e-37
498.298	1.77113e-37	5.99348e-37
498.466	6.78902e-38	6.19836e-37
498.634	-3.72492e-38	6.22327e-37
498.801	-1.35663e-37	6.0773e-37
498.969	-2.25037e-37	5.77371e-37
499.136	-3.03426e-37	5.32933e-37
499.304	-3.69292e-37	4.76392e-37
499.471	-4.21521e-37	4.09945e-37
499.639	-4.59431e-37	3.3594e-37
499.806	-4.82766e-37	2.56803e-37
499.974	-4.91684e-37	1.74969e-37
