#t	omega	theta
0	0

25.1327	-0.00517975
25.3003	-0.00329997
25.4678	-0.0014324
25.6354	0.000372749
25.8029	0.0020697
25.9705	0.00361811
26.1381	0.00498386
26.3056	0.00613966
26.4732	0.00706545
26.6407	0.00774849
26.8083	0.00818336
26.9758	0.0083717
27.1434	0.00832176
27.3109	0.00804785
27.4785	0.0075696
27.646	0.00691113
27.8136	0.00610016
27.9811	0.00516707
28.1487	0.00414391
28.3162	0.00306344
28.4838	0.0019582
28.6513	0.000859659
28.8189	-0.000202637
28.9864	-0.00120172
29.154	-0.00211379
29.3215	-0.00291875
29.4891	-0.00360049
29.6566	-0.00414711
29.8242	-0.00455108
29.9917	-0.00480914
30.1593	-0.00492217
30.3268	-0.00489499
30.4944	-0.00473595
30.6619	-0.00445653
30.8295	-0.00407089
30.997	-0.00359531
31.1646	-0.00304762
31.3322	-0.00244666
31.4997	-0.0018117
31.6673	-0.00116187
31.8348	-0.000515686
32.0024	0.000109449
32.1699	0.000697648
32.3375	0.0012349
32.505	0.00170932
32.6726	0.00211142
32.8401	0.00243416
33.0077	0.00267307
33.1752	0.00282618
33.3428	0.002894
33.5103	0.00287929
33.6779	0.00278696
33.8454	0.00262372
34.013	0.00239787
34.1805	0.00211898
34.3481	0.00179751
34.5156	0.00144454
34.6832	0.00107138
34.8507	0.000689315
35.0183	0.000309221
35.1858	-5.86516e-05
35.3534	-0.000404946
35.5209	-0.000721401
35.6885	-0.00100102
35.856	-0.00123818
36.0236	-0.00142873
36.1911	-0.00157001
36.3587	-0.00166085
36.5263	-0.00170152
36.6938	-0.00169363
36.8614	-0.00164003
37.0289	-0.00154466
37.1965	-0.0014124
37.364	-0.00124885
37.5316	-0.00106017
37.6991	-0.00085285
37.8667	-0.000633561
38.0342	-0.000408925
38.2018	-0.00018535
38.3693	3.11309e-05
38.5369	0.000235005
38.7044	0.000421405
38.872	0.000586201
39.0395	0.000726079
39.2071	0.00083858
39.3746	0.000922128
39.5422	0.000976019
39.7097	0.0010004
39.8773	0.000996198
40.0448	0.000965091
40.2124	0.000909385
40.3799	0.000831932
40.5475	0.000736024
40.715	0.000625276
40.8826	0.00050351
41.0501	0.000374643
41.2177	0.000242569
41.3852	0.000111061
41.5528	-1.63296e-05
41.7204	-0.000136356
41.8879	-0.000246149
42.0555	-0.000343274
42.223	-0.000425772
42.3906	-0.000492192
42.5581	-0.000541596
42.7257	-0.000573564
42.8932	-0.000588172
43.0608	-0.000585964
43.2283	-0.000567914
43.3959	-0.000535375
43.5634	-0.000490019
43.731	-0.000433779
43.8985	-0.000368777
44.0661	-0.000297259
44.2336	-0.000221529
44.4012	-0.000143878
44.5687	-6.65247e-05
44.7363	8.43917e-06
44.9038	7.91016e-05
45.0714	0.000143771
45.2389	0.000201012
45.4065	0.000249668
45.574	0.000288881
45.7416	0.000318094
45.9091	0.000337056
46.0767	0.000345807
46.2442	0.000344662
46.4118	0.000334191
46.5793	0.000315185
46.7469	0.000288626
46.9145	0.000255647
47.082	0.000217495
47.2496	0.000175491
47.4171	0.000130988
47.5847	8.53338e-05
47.7522	3.98349e-05
47.9198	-4.27788e-06
48.0873	-4.58782e-05
48.2549	-8.39692e-05
48.4224	-0.000117704
48.59	-0.0001464
48.7575	-0.00016955
48.9251	-0.000186824
49.0926	-0.00019807
49.2602	-0.00020331
49.4277	-0.000202727
49.5953	-0.000196654
49.7628	-0.000185554
49.9304	-0.000170001
50.0979	-0.000150663
50.2655	-0.000128271
50.433	-0.000103601
50.6006	-7.74491e-05
50.7681	-5.06077e-05
50.9357	-2.38456e-05
51.1032	2.11257e-06
51.2708	2.66033e-05
51.4383	4.90391e-05
51.6059	6.89204e-05
51.7734	8.58446e-05
51.941	9.95111e-05
52.1086	0.000109725
52.2761	0.000116394
52.4437	0.000119531
52.6112	0.000119242
52.7788	0.00011572
52.9463	0.000109237
53.1139	0.000100131
53.2814	8.87912e-05
53.449	7.56491e-05
53.6165	6.116e-05
53.7841	4.57918e-05
53.9516	3.0011e-05
54.1192	1.42698e-05
54.2867	-1.00509e-06
54.4543	-1.5423e-05
54.6218	-2.86377e-05
54.7894	-4.03545e-05
54.9569	-5.03357e-05
55.1245	-5.84036e-05
55.292	-6.44424e-05
55.4596	-6.83977e-05
55.6271	-7.02751e-05
55.7947	-7.01362e-05
55.9622	-6.80943e-05
56.1298	-6.43084e-05
56.2973	-5.89763e-05
56.4649	-5.23274e-05
56.6324	-4.46141e-05
56.8	-3.61045e-05
56.9675	-2.70736e-05
57.1351	-1.77957e-05
57.3027	-8.53697e-06
57.4702	4.51431e-07
57.6378	8.93933e-06
57.8053	1.67227e-05
57.9729	2.36278e-05
58.1404	2.95142e-05
58.308	3.4277e-05
58.4755	3.78473e-05
58.6431	4.01928e-05
58.8106	4.1316e-05
58.9782	4.12527e-05
59.1457	4.00691e-05
59.3133	3.78584e-05
59.4808	3.47364e-05
59.6484	3.08378e-05
59.8159	2.63109e-05
59.9835	2.13131e-05
60.151	1.60063e-05
60.3186	1.05516e-05
60.4861	5.10581e-06
60.6537	-1.83296e-07
60.8212	-5.18013e-06
60.9888	-9.76447e-06
61.1563	-1.38338e-05
61.3239	-1.73053e-05
61.4914	-2.01168e-05
61.659	-2.22277e-05
61.8265	-2.36184e-05
61.9941	-2.42902e-05
62.1616	-2.42638e-05
62.3292	-2.3578e-05
62.4967	-2.22871e-05
62.6643	-2.04592e-05
62.8319	-1.81733e-05
62.9994	-1.55165e-05
63.167	-1.25813e-05
63.3345	-9.46282e-06
63.5021	-6.25595e-06
63.6696	-3.05286e-06
63.8372	5.94267e-08
64.0047	3.00105e-06
64.1723	5.70115e-06
64.3398	8.0993e-06
64.5074	1.01466e-05
64.6749	1.18062e-05
64.8425	1.30542e-05
65.01	1.38787e-05
65.1776	1.42804e-05
65.3451	1.42713e-05
65.5127	1.38739e-05
65.6802	1.31202e-05
65.8478	1.205e-05
66.0153	1.07097e-05
66.1829	9.15049e-06
66.3504	7.42668e-06
66.518	5.59419e-06
66.6855	3.70885e-06
66.8531	1.82487e-06
67.0206	-6.48373e-09
67.1882	-1.7382e-06
67.3557	-3.3285e-06
67.5233	-4.74176e-06
67.6908	-5.9491e-06
67.8584	-6.9288e-06
68.026	-7.66655e-06
68.1935	-8.15539e-06
68.3611	-8.39553e-06
68.5286	-8.39392e-06
68.6962	-8.16375e-06
68.8637	-7.7237e-06
69.0313	-7.09716e-06
69.1988	-6.31131e-06
69.3664	-5.39623e-06
69.5339	-4.38386e-06
69.7015	-3.30705e-06
69.869	-2.19865e-06
70.0366	-1.09055e-06
70.2041	-1.29384e-08
70.3717	1.0065e-06
70.5392	1.94315e-06
70.7068	2.776e-06
70.8743	3.48799e-06
71.0419	4.06629e-06
71.2094	4.50242e-06
71.377	4.79222e-06
71.5445	4.93573e-06
71.7121	4.937e-06
71.8796	4.80371e-06
72.0472	4.54681e-06
72.2147	4.18001e-06
72.3823	3.71926e-06
72.5498	3.18223e-06
72.7174	2.58768e-06
72.8849	1.95493e-06
73.0525	1.3033e-06
73.2201	6.51558e-07
73.3876	1.74671e-08
73.5552	-5.8266e-07
73.7227	-1.13432e-06
73.8903	-1.62512e-06
74.0578	-2.04499e-06
74.2254	-2.38635e-06
74.3929	-2.64416e-06
74.5605	-2.81595e-06
74.728	-2.9017e-06
74.8956	-2.90374e-06
75.0631	-2.82658e-06
75.2307	-2.67661e-06
75.3982	-2.46188e-06
75.5658	-2.19174e-06
75.7333	-1.87658e-06
75.9009	-1.52741e-06
76.0684	-1.1556e-06
76.236	-7.72512e-07
76.4035	-3.89183e-07
76.5711	-1.60737e-08
76.7386	3.37209e-07
76.9062	6.62117e-07
77.0737	9.51342e-07
77.2413	1.19894e-06
77.4088	1.40044e-06
77.5764	1.55284e-06
77.7439	1.65466e-06
77.9115	1.70588e-06
78.079	1.70785e-06
78.2466	1.66319e-06
78.4142	1.57565e-06
78.5817	1.44995e-06
78.7493	1.29157e-06
78.9168	1.10661e-06
79.0844	9.0156e-07
79.2519	6.83083e-07
79.4195	4.57866e-07
79.587	2.32409e-07
79.7546	1.28668e-08
79.9221	-1.95102e-07
80.0897	-3.8646e-07
80.2572	-5.56898e-07
80.4248	-7.02908e-07
80.5923	-8.21841e-07
80.7599	-9.11926e-07
80.9274	-9.72278e-07
81.095	-1.00287e-06
81.2625	-1.00448e-06
81.4301	-9.78635e-07
81.5976	-9.2754e-07
81.7652	-8.53953e-07
81.9327	-7.61101e-07
82.1003	-6.5256e-07
82.2678	-5.32139e-07
82.4354	-4.03762e-07
82.6029	-2.7136e-07
82.7705	-1.38757e-07
82.938	-9.57599e-09
83.1056	1.12849e-07
83.2731	2.25551e-07
83.4407	3.25987e-07
83.6083	4.12088e-07
83.7758	4.82287e-07
83.9434	5.35536e-07
84.1109	5.71305e-07
84.2785	5.89568e-07
84.446	5.90779e-07
84.6136	5.75832e-07
84.7811	5.46011e-07
84.9487	5.02936e-07
85.1162	4.485e-07
85.2838	3.84804e-07
85.4513	3.14085e-07
85.6189	2.38652e-07
85.7864	1.60814e-07
85.954	8.28243e-08
86.1215	6.81388e-09
86.2891	-6.52537e-08
86.4566	-1.31629e-07
86.6242	-1.90814e-07
86.7917	-2.41587e-07
86.9593	-2.83021e-07
87.1268	-3.14495e-07
87.2944	-3.35693e-07
87.4619	-3.46594e-07
87.6295	-3.47463e-07
87.797	-3.38819e-07
87.9646	-3.21416e-07
88.1321	-2.96202e-07
88.2997	-2.64289e-07
88.4672	-2.2691e-07
88.6348	-1.8538e-07
88.8024	-1.41056e-07
88.9699	-9.5297e-08
89.1375	-4.94275e-08
89.305	-4.70295e-09
89.4726	3.77205e-08
89.6401	7.68122e-08
89.8077	1.11688e-07
89.9752	1.41628e-07
90.1428	1.66083e-07
90.3103	1.84686e-07
90.4779	1.97248e-07
90.6454	2.03754e-07
90.813	2.04356e-07
90.9805	1.9936e-07
91.1481	1.89204e-07
91.3156	1.74445e-07
91.4832	1.55736e-07
91.6507	1.33802e-07
91.8183	1.09413e-07
91.9858	8.33691e-08
92.1534	5.64686e-08
92.3209	2.94909e-08
92.4885	3.1752e-09
92.656	-2.17977e-08
92.8236	-4.48205e-08
92.9911	-6.53718e-08
93.1587	-8.30262e-08
93.3262	-9.74601e-08
93.4938	-1.08455e-07
93.6613	-1.15899e-07
93.8289	-1.19781e-07
93.9965	-1.20189e-07
94.164	-1.17301e-07
94.3316	-1.11375e-07
94.4991	-1.02737e-07
94.6667	-9.17693e-08
94.8342	-7.88976e-08
95.0018	-6.45758e-08
95.1693	-4.92728e-08
95.3369	-3.34587e-08
95.5044	-1.75922e-08
95.672	-2.10825e-09
95.8395	1.25921e-08
96.0071	2.61511e-08
96.1746	3.82612e-08
96.3422	4.86714e-08
96.5097	5.71903e-08
96.6773	6.36886e-08
96.8448	6.80991e-08
97.0124	7.0415e-08
97.1799	7.0687e-08
97.3475	6.90186e-08
97.515	6.55609e-08
97.6826	6.0505e-08
97.8501	5.40756e-08
98.0177	4.65223e-08
98.1852	3.8112e-08
98.3528	2.91203e-08
98.5203	1.98238e-08
98.6879	1.04922e-08
98.8554	1.38163e-09
99.023	-7.27175e-09
99.1906	-1.5257e-08
99.3581	-2.2393e-08
99.5257	-2.85314e-08
99.6932	-3.35592e-08
99.8608	-3.73998e-08
100.028	-4.00129e-08
100.196	-4.13942e-08
100.363	-4.15729e-08
100.531	-4.06094e-08
100.699	-3.8592e-08
100.866	-3.5633e-08
101.034	-3.1864e-08
101.201	-2.74317e-08
101.369	-2.2493e-08
101.536	-1.72097e-08
101.704	-1.17446e-08
101.871	-6.25647e-09
102.039	-8.95957e-10
102.206	4.19781e-09
102.374	8.90057e-09
102.542	1.31054e-08
102.709	1.67249e-08
102.877	1.96923e-08
103.044	2.1962e-08
103.212	2.35102e-08
103.379	2.43339e-08
103.547	2.44499e-08
103.714	2.38937e-08
103.882	2.27168e-08
104.05	2.0985e-08
104.217	1.87757e-08
104.385	1.61748e-08
104.552	1.32747e-08
104.72	1.01704e-08
104.887	6.95774e-09
105.055	3.73002e-09
105.222	5.76002e-10
105.39	-2.4224e-09
105.558	-5.19196e-09
105.725	-7.66966e-09
105.893	-9.80386e-09
106.06	-1.15551e-08
106.228	-1.28964e-08
106.395	-1.38136e-08
106.563	-1.43047e-08
106.73	-1.43795e-08
106.898	-1.40585e-08
107.065	-1.33719e-08
107.233	-1.23584e-08
107.401	-1.10633e-08
107.568	-9.53722e-09
107.736	-7.83419e-09
107.903	-6.01026e-09
108.071	-4.12167e-09
108.238	-2.22338e-09
108.406	-3.67633e-10
108.573	1.39734e-09
108.741	3.02838e-09
108.909	4.48834e-09
109.076	5.74674e-09
109.244	6.78024e-09
109.411	7.57292e-09
109.579	8.11626e-09
109.746	8.409e-09
109.914	8.45677e-09
110.081	8.27158e-09
110.249	7.87114e-09
110.417	7.27803e-09
110.584	6.51888e-09
110.752	5.62339e-09
110.919	4.62335e-09
111.087	3.55169e-09
111.254	2.44148e-09
111.422	1.32507e-09
111.589	2.33203e-10
111.757	-8.05715e-10
111.924	-1.76626e-09
112.092	-2.62651e-09
112.26	-3.3685e-09
112.427	-3.97843e-09
112.595	-4.44685e-09
112.762	-4.7687e-09
112.93	-4.94317e-09
113.097	-4.97351e-09
113.265	-4.86672e-09
113.432	-4.63317e-09
113.6	-4.28608e-09
113.768	-3.8411e-09
113.935	-3.31565e-09
114.103	-2.72843e-09
114.27	-2.09877e-09
114.438	-1.44614e-09
114.605	-7.89569e-10
114.773	-1.47148e-10
114.94	4.64388e-10
115.108	1.03006e-09
115.276	1.53695e-09
115.443	1.97444e-09
115.611	2.33438e-09
115.778	2.61118e-09
115.946	2.80183e-09
116.113	2.90579e-09
116.281	2.92495e-09
116.448	2.8634e-09
116.616	2.72719e-09
116.783	2.52409e-09
116.951	2.26326e-09
117.119	1.95495e-09
117.286	1.61013e-09
117.454	1.24018e-09
117.621	8.56536e-10
117.789	4.704e-10
117.956	9.24235e-11
118.124	-2.67541e-10
118.291	-6.00667e-10
118.459	-8.99337e-10
118.627	-1.15729e-09
118.794	-1.3697e-09
118.962	-1.53327e-09
119.129	-1.64618e-09
119.297	-1.70812e-09
119.464	-1.72017e-09
119.632	-1.6847e-09
119.799	-1.60527e-09
119.967	-1.48643e-09
120.135	-1.33355e-09
120.302	-1.15265e-09
120.47	-9.5017e-10
120.637	-7.32808e-10
120.805	-5.07291e-10
120.972	-2.80203e-10
121.14	-5.78174e-11
121.307	1.54065e-10
121.475	3.50242e-10
121.642	5.26224e-10
121.81	6.78312e-10
121.978	8.03663e-10
122.145	9.00313e-10
122.313	9.67189e-10
122.48	1.00409e-09
122.648	1.01163e-09
122.815	9.91204e-10
122.983	9.44887e-10
123.15	8.75348e-10
123.318	7.85741e-10
123.486	6.79597e-10
123.653	5.60706e-10
123.821	4.32998e-10
123.988	3.00432e-10
124.156	1.66882e-10
124.323	3.60402e-11
124.491	-8.86769e-11
124.658	-2.04205e-10
124.826	-3.07895e-10
124.993	-3.97566e-10
125.161	-4.71537e-10
125.329	-5.28646e-10
125.496	-5.68252e-10
125.664	-5.90228e-10
125.831	-5.94932e-10
125.999	-5.83175e-10
126.166	-5.5617e-10
126.334	-5.15482e-10
126.501	-4.62962e-10
126.669	-4.00684e-10
126.837	-3.30873e-10
127.004	-2.55841e-10
127.172	-1.77915e-10
127.339	-9.93754e-11
127.507	-2.23943e-11
127.674	5.10156e-11
127.842	1.19049e-10
128.009	1.80144e-10
128.177	2.33013e-10
128.345	2.76664e-10
128.512	3.10407e-10
128.68	3.33862e-10
128.847	3.46949e-10
129.015	3.49873e-10
129.182	3.43109e-10
129.35	3.27365e-10
129.517	3.03559e-10
129.685	2.72777e-10
129.852	2.36237e-10
130.02	1.95246e-10
130.188	1.51162e-10
130.355	1.05356e-10
130.523	5.91672e-11
130.69	1.38757e-11
130.858	-2.93339e-11
131.025	-6.93975e-11
131.193	-1.05395e-10
131.36	-1.36566e-10
131.528	-1.62324e-10
131.696	-1.82261e-10
131.863	-1.9615e-10
132.031	-2.03942e-10
132.198	-2.05755e-10
132.366	-2.01865e-10
132.533	-1.92688e-10
132.701	-1.7876e-10
132.868	-1.60719e-10
133.036	-1.3928e-10
133.204	-1.15211e-10
133.371	-8.93112e-11
133.539	-6.23852e-11
133.706	-3.52224e-11
133.874	-8.57542e-12
134.041	1.68578e-11
134.209	4.04505e-11
134.376	6.16599e-11
134.544	8.00376e-11
134.711	9.5237e-11
134.879	1.07017e-10
135.047	1.15241e-10
135.214	1.1988e-10
135.382	1.21001e-10
135.549	1.18765e-10
135.717	1.13416e-10
135.884	1.05267e-10
136.052	9.46937e-11
136.219	8.21151e-11
136.387	6.79828e-11
136.555	5.27663e-11
136.722	3.69389e-11
136.89	2.09649e-11
137.057	5.28748e-12
137.225	-9.6825e-12
137.392	-2.35756e-11
137.56	-3.6072e-11
137.727	-4.6907e-11
137.895	-5.58757e-11
138.063	-6.28353e-11
138.23	-6.77052e-11
138.398	-7.04663e-11
138.565	-7.11579e-11
138.733	-6.98736e-11
138.9	-6.67556e-11
139.068	-6.19886e-11
139.235	-5.57919e-11
139.403	-4.8412e-11
139.57	-4.01142e-11
139.738	-3.11743e-11
139.906	-2.18708e-11
140.073	-1.24769e-11
140.241	-3.2533e-12
140.408	5.55794e-12
140.576	1.37392e-11
140.743	2.11019e-11
140.911	2.74898e-11
141.078	3.27819e-11
141.246	3.68937e-11
141.414	3.97771e-11
141.581	4.14203e-11
141.749	4.1846e-11
141.916	4.11087e-11
142.084	3.92916e-11
142.251	3.65029e-11
142.419	3.28714e-11
142.586	2.85416e-11
142.754	2.36695e-11
142.922	1.84173e-11
143.089	1.29487e-11
143.257	7.42436e-12
143.424	1.99784e-12
143.592	-3.18837e-12
143.759	-8.00604e-12
143.927	-1.2344e-11
144.094	-1.611e-11
144.262	-1.92327e-11
144.429	-2.16618e-11
144.597	-2.3369e-11
144.765	-2.43468e-11
144.932	-2.46083e-11
145.1	-2.41853e-11
145.267	-2.31265e-11
145.435	-2.14951e-11
145.602	-1.93669e-11
145.77	-1.68267e-11
145.937	-1.39661e-11
146.105	-1.08804e-11
146.273	-7.66595e-12
146.44	-4.41726e-12
146.608	-1.22469e-12
146.775	1.82784e-12
146.943	4.66478e-12
147.11	7.22057e-12
147.278	9.44085e-12
147.445	1.12834e-11
147.613	1.27184e-11
147.781	1.37291e-11
147.948	1.43109e-11
148.116	1.44713e-11
148.283	1.42288e-11
148.451	1.36118e-11
148.618	1.26575e-11
148.786	1.14103e-11
148.953	9.92005e-12
149.121	8.24049e-12
149.288	6.42767e-12
149.456	4.53822e-12
149.624	2.62778e-12
149.791	7.49519e-13
149.959	-1.04714e-12
150.126	-2.7177e-12
150.294	-4.22348e-12
150.461	-5.53244e-12
150.629	-6.61959e-12
150.796	-7.46738e-12
150.964	-8.0657e-12
151.132	-8.41182e-12
151.299	-8.51e-12
151.467	-8.37103e-12
151.634	-8.01158e-12
151.802	-7.45342e-12
151.969	-6.72254e-12
152.137	-5.84823e-12
152.304	-4.8621e-12
152.472	-3.79709e-12
152.64	-2.68649e-12
152.807	-1.56304e-12
152.975	-4.5802e-13
153.142	5.99455e-13
153.31	1.58316e-12
153.477	2.47032e-12
153.645	3.24199e-12
153.812	3.88345e-12
153.98	4.38427e-12
154.147	4.73847e-12
154.315	4.94435e-12
154.483	5.00436e-12
154.65	4.92479e-12
154.818	4.71539e-12
154.985	4.38892e-12
155.153	3.96062e-12
155.32	3.4477e-12
155.488	2.86872e-12
155.655	2.24305e-12
155.823	1.59025e-12
155.991	9.29594e-13
156.158	2.79497e-13
156.326	-3.42903e-13
156.493	-9.22158e-13
156.661	-1.44483e-12
156.828	-1.89976e-12
156.996	-2.27823e-12
157.163	-2.57408e-12
157.331	-2.78374e-12
157.499	-2.90619e-12
157.666	-2.94282e-12
157.834	-2.8973e-12
158.001	-2.77533e-12
158.169	-2.58438e-12
158.336	-2.33341e-12
158.504	-2.0325e-12
158.671	-1.69257e-12
158.839	-1.325e-12
159.006	-9.41297e-13
159.174	-5.52795e-13
159.342	-1.70336e-13
159.509	1.95989e-13
159.677	5.3708e-13
159.844	8.45014e-13
160.012	1.1132e-12
160.179	1.3365e-12
160.347	1.51127e-12
160.514	1.63537e-12
160.682	1.70819e-12
160.85	1.73052e-12
161.017	1.7045e-12
161.185	1.63346e-12
161.352	1.52178e-12
161.52	1.37472e-12
161.687	1.19819e-12
161.855	9.98615e-13
162.022	7.82675e-13
162.19	5.57145e-13
162.358	3.28687e-13
162.525	1.03684e-13
162.693	-1.11923e-13
162.86	-3.1277e-13
163.028	-4.94188e-13
163.195	-6.52291e-13
163.363	-7.84038e-13
163.53	-8.87272e-13
163.698	-9.6073e-13
163.865	-1.00403e-12
164.033	-1.01762e-12
164.201	-1.00276e-12
164.368	-9.61388e-13
164.536	-8.96075e-13
164.703	-8.09901e-13
164.871	-7.06345e-13
165.038	-5.89173e-13
165.206	-4.62315e-13
165.373	-3.29754e-13
165.541	-1.95411e-13
165.709	-6.3041e-14
165.876	6.38564e-14
166.044	1.82122e-13
166.211	2.89003e-13
166.379	3.82207e-13
166.546	4.59936e-13
166.714	5.20915e-13
166.881	5.64393e-13
167.049	5.90134e-13
167.217	5.98402e-13
167.384	5.89921e-13
167.552	5.6583e-13
167.719	5.27635e-13
167.887	4.77141e-13
168.054	4.16392e-13
168.222	3.47601e-13
168.389	2.73077e-13
168.557	1.95161e-13
168.724	1.16162e-13
168.892	3.82891e-14
169.06	-3.63972e-14
169.227	-1.06035e-13
169.395	-1.69003e-13
169.562	-2.23947e-13
169.73	-2.69806e-13
169.897	-3.05825e-13
170.065	-3.31557e-13
170.232	-3.46859e-13
170.4	-3.51882e-13
170.568	-3.47046e-13
170.735	-3.3302e-13
170.903	-3.10684e-13
171.07	-2.81098e-13
171.238	-2.45462e-13
171.405	-2.05075e-13
171.573	-1.61295e-13
171.74	-1.15499e-13
171.908	-6.90447e-14
172.076	-2.32325e-14
172.243	2.07242e-14
172.411	6.1729e-14
172.578	9.88251e-14
172.746	1.31214e-13
172.913	1.5827e-13
173.081	1.79545e-13
173.248	1.94774e-13
173.416	2.03869e-13
173.583	2.06918e-13
173.751	2.04164e-13
173.919	1.95998e-13
174.086	1.82937e-13
174.254	1.65602e-13
174.421	1.44697e-13
174.589	1.20987e-13
174.756	9.5268e-14
174.924	6.83511e-14
175.091	4.10344e-14
175.259	1.40835e-14
175.427	-1.17871e-14
175.594	-3.59316e-14
175.762	-5.77858e-14
175.929	-7.6879e-14
176.097	-9.2841e-14
176.264	-1.05407e-13
176.432	-1.14419e-13
176.599	-1.19825e-13
176.767	-1.21673e-13
176.934	-1.20107e-13
177.102	-1.15353e-13
177.27	-1.07716e-13
177.437	-9.75592e-14
177.605	-8.52966e-14
177.772	-7.13766e-14
177.94	-5.62682e-14
178.107	-4.04478e-14
178.275	-2.43847e-14
178.442	-8.52993e-15
178.61	6.69609e-15
178.778	2.09127e-14
178.945	3.37875e-14
179.113	4.50427e-14
179.28	5.44595e-14
179.448	6.18814e-14
179.615	6.72145e-14
179.783	7.0427e-14
179.95	7.15466e-14
180.118	7.06564e-14
180.286	6.78899e-14
180.453	6.34243e-14
180.621	5.74735e-14
180.788	5.02804e-14
180.956	4.21083e-14
181.123	3.3233e-14
181.291	2.39345e-14
181.458	1.44891e-14
181.626	5.16201e-15
181.793	-3.79911e-15
181.961	-1.217e-14
182.129	-1.97548e-14
182.296	-2.63894e-14
182.464	-3.19449e-14
182.631	-3.63284e-14
182.799	-3.94842e-14
182.966	-4.13931e-14
183.134	-4.20707e-14
183.301	-4.15655e-14
183.469	-3.99555e-14
183.637	-3.73446e-14
183.804	-3.38582e-14
183.972	-2.96388e-14
184.139	-2.48412e-14
184.307	-1.96276e-14
184.474	-1.41624e-14
184.642	-8.60834e-15
184.809	-3.12141e-15
184.977	2.15252e-15
185.145	7.08137e-15
185.312	1.15496e-14
185.48	1.54606e-14
185.647	1.87379e-14
185.815	2.13269e-14
185.982	2.31942e-14
186.15	2.43284e-14
186.317	2.47382e-14
186.485	2.44519e-14
186.652	2.35151e-14
186.82	2.19885e-14
186.988	1.9946e-14
187.155	1.7471e-14
187.323	1.46546e-14
187.49	1.15919e-14
187.658	8.3798e-15
187.825	5.1139e-15
187.993	1.88609e-15
188.16	-1.21779e-15
188.328	-4.11991e-15
188.496	-6.75217e-15
188.663	-9.05754e-15
188.831	-1.0991e-14
188.998	-1.252e-14
189.166	-1.36249e-14
189.333	-1.42987e-14
189.501	-1.45463e-14
189.668	-1.43843e-14
189.836	-1.38392e-14
190.004	-1.29468e-14
190.171	-1.17501e-14
190.339	-1.02984e-14
190.506	-8.64502e-15
190.674	-6.84592e-15
190.841	-4.95806e-15
191.009	-3.03768e-15
191.176	-1.13885e-15
191.344	6.87866e-16
191.511	2.39663e-15
191.679	3.94729e-15
191.847	5.30621e-15
192.014	6.44678e-15
192.182	7.34978e-15
192.349	8.00353e-15
192.517	8.40376e-15
192.684	8.55332e-15
192.852	8.46177e-15
193.019	8.14469e-15
193.187	7.62297e-15
193.355	6.92193e-15
193.522	6.07042e-15
193.69	5.09979e-15
193.857	4.04297e-15
194.025	2.93341e-15
194.192	1.80421e-15
194.36	6.87197e-16
194.527	-3.87867e-16
194.695	-1.39397e-15
194.863	-2.30746e-15
195.03	-3.10848e-15
195.198	-3.78132e-15
195.365	-4.3146e-15
195.533	-4.70139e-15
195.7	-4.93911e-15
195.868	-5.02937e-15
196.035	-4.97773e-15
196.203	-4.7933e-15
196.37	-4.48831e-15
196.538	-4.07763e-15
196.706	-3.57818e-15
196.873	-3.00838e-15
197.041	-2.38759e-15
197.208	-1.73547e-15
197.376	-1.0715e-15
197.543	-4.14401e-16
197.711	2.18295e-16
197.878	8.10679e-16
198.046	1.34881e-15
198.214	1.82096e-15
198.381	2.21787e-15
198.549	2.53281e-15
198.716	2.76164e-15
198.884	2.90282e-15
199.051	2.95726e-15
199.219	2.92818e-15
199.386	2.82092e-15
199.554	2.64264e-15
199.722	2.40206e-15
199.889	2.10912e-15
200.057	1.77463e-15
200.224	1.40997e-15
200.392	1.0267e-15
200.559	6.36287e-16
200.727	2.49745e-16
200.894	-1.22605e-16
201.062	-4.71392e-16
201.229	-7.88394e-16
201.397	-1.0667e-15
201.565	-1.30084e-15
201.732	-1.48682e-15
201.9	-1.6222e-15
202.067	-1.70604e-15
202.235	-1.73885e-15
202.402	-1.72251e-15
202.57	-1.66014e-15
202.737	-1.55593e-15
202.905	-1.415e-15
203.073	-1.24318e-15
203.24	-1.04683e-15
203.408	-8.32624e-16
203.575	-6.07373e-16
203.743	-3.77811e-16
203.91	-1.50426e-16
204.078	6.87057e-17
204.245	2.74064e-16
204.413	4.60803e-16
204.581	6.24848e-16
204.748	7.62961e-16
204.916	8.72789e-16
205.083	9.52877e-16
205.251	1.00266e-15
205.418	1.02242e-15
205.586	1.01326e-15
205.753	9.77001e-16
205.921	9.16094e-16
206.088	8.3354e-16
206.256	7.32764e-16
206.424	6.175e-16
206.591	4.91677e-16
206.759	3.59294e-16
206.926	2.24314e-16
207.094	9.0555e-17
207.261	-3.84056e-17
207.429	-1.59316e-16
207.596	-2.69319e-16
207.764	-3.66011e-16
207.932	-4.47481e-16
208.099	-5.12337e-16
208.267	-5.59714e-16
208.434	-5.89271e-16
208.602	-6.0117e-16
208.769	-5.96048e-16
208.937	-5.74967e-16
209.104	-5.39369e-16
209.272	-4.91011e-16
209.44	-4.31905e-16
209.607	-3.64245e-16
209.775	-2.90337e-16
209.942	-2.12534e-16
210.11	-1.33168e-16
210.277	-5.44846e-17
210.445	2.14091e-17
210.612	9.25974e-17
210.78	1.57397e-16
210.947	2.14389e-16
211.115	2.62446e-16
211.283	3.00744e-16
211.45	3.28769e-16
211.618	3.46316e-16
211.785	3.53477e-16
211.953	3.50619e-16
212.12	3.38366e-16
212.288	3.17562e-16
212.455	2.89236e-16
212.623	2.54571e-16
212.791	2.14854e-16
212.958	1.71441e-16
213.126	1.25716e-16
213.293	7.90501e-17
213.461	3.27655e-17
213.628	-1.18978e-17
213.796	-5.38111e-17
213.963	-9.19821e-17
214.131	-1.25574e-16
214.299	-1.53921e-16
214.466	-1.76536e-16
214.634	-1.93113e-16
214.801	-2.03529e-16
214.969	-2.07836e-16
215.136	-2.06247e-16
215.304	-1.99126e-16
215.471	-1.86968e-16
215.639	-1.70377e-16
215.806	-1.50046e-16
215.974	-1.26732e-16
216.142	-1.01232e-16
216.309	-7.43596e-17
216.477	-4.69211e-17
216.644	-1.96948e-17
216.812	6.58928e-18
216.979	3.12662e-17
217.147	5.37512e-17
217.314	7.35507e-17
217.482	9.02713e-17
217.65	1.03625e-16
217.817	1.1343e-16
217.985	1.19613e-16
218.152	1.22202e-16
218.32	1.21321e-16
218.487	1.17184e-16
218.655	1.10079e-16
218.822	1.00361e-16
218.99	8.84373e-17
219.158	7.47522e-17
219.325	5.97741e-17
219.493	4.39813e-17
219.66	2.78482e-17
219.828	1.18328e-17
219.995	-3.63514e-18
220.163	-1.81639e-17
220.33	-3.14087e-17
220.498	-4.30786e-17
220.665	-5.29412e-17
220.833	-6.08259e-17
221.001	-6.66255e-17
221.168	-7.02952e-17
221.336	-7.18507e-17
221.503	-7.13645e-17
221.671	-6.89608e-17
221.838	-6.4809e-17
222.006	-5.91174e-17
222.173	-5.21245e-17
222.341	-4.40916e-17
222.509	-3.52939e-17
222.676	-2.60126e-17
222.844	-1.65268e-17
223.011	-7.10608e-18
223.179	1.99656e-18
223.346	1.05504e-17
223.514	1.83523e-17
223.681	2.52304e-17
223.849	3.10478e-17
224.017	3.57034e-17
224.184	3.91335e-17
224.352	4.13114e-17
224.519	4.22456e-17
224.687	4.19783e-17
224.854	4.05821e-17
225.022	3.81562e-17
225.189	3.48227e-17
225.357	3.07216e-17
225.524	2.60065e-17
225.692	2.0839e-17
225.86	1.53845e-17
226.027	9.80722e-18
226.195	4.2657e-18
226.362	-1.09104e-18
226.53	-6.1271e-18
226.697	-1.07227e-17
226.865	-1.47767e-17
227.032	-1.82079e-17
227.2	-2.09568e-17
227.368	-2.29855e-17
227.535	-2.42779e-17
227.703	-2.48387e-17
227.87	-2.46925e-17
228.038	-2.38816e-17
228.205	-2.24642e-17
228.373	-2.05119e-17
228.54	-1.81068e-17
228.708	-1.53391e-17
228.875	-1.2304e-17
229.043	-9.09848e-18
229.211	-5.81925e-18
229.378	-2.55961e-18
229.546	5.92707e-19
229.713	3.55766e-18
229.881	6.26467e-18
230.048	8.65399e-18
230.216	1.06778e-17
230.383	1.23008e-17
230.551	1.35006e-17
230.719	1.42675e-17
230.886	1.46041e-17
231.054	1.45245e-17
231.221	1.40537e-17
231.389	1.32256e-17
231.556	1.20821e-17
231.724	1.06717e-17
231.891	9.04721e-18
232.059	7.26449e-18
232.227	5.3807e-18
232.394	3.45266e-18
232.562	1.53528e-18
232.729	-3.19773e-19
232.897	-2.06536e-18
233.064	-3.65988e-18
233.232	-5.06809e-18
233.399	-6.26177e-18
233.567	-7.22003e-18
233.734	-7.92958e-18
233.902	-8.38458e-18
234.07	-8.58647e-18
234.237	-8.5435e-18
234.405	-8.27014e-18
234.572	-7.78634e-18
234.74	-7.11672e-18
234.907	-6.28961e-18
235.075	-5.33609e-18
235.242	-4.289e-18
235.41	-3.18195e-18
235.578	-2.04836e-18
235.745	-9.20533e-19
235.913	1.71109e-19
236.08	1.1988e-18
236.248	2.13801e-18
236.415	2.96798e-18
236.583	3.67201e-18
236.75	4.23778e-18
236.918	4.65739e-18
237.086	4.92733e-18
237.253	5.04839e-18
237.421	5.02536e-18
237.588	4.86668e-18
237.756	4.58405e-18
237.923	4.19191e-18
238.091	3.70687e-18
238.258	3.1472e-18
238.426	2.5322e-18
238.593	1.88163e-18
238.761	1.21513e-18
238.929	5.51739e-19
239.096	-9.06545e-20
239.264	-6.95687e-19
239.431	-1.24891e-18
239.599	-1.73806e-18
239.766	-2.1533e-18
239.934	-2.48733e-18
240.101	-2.73546e-18
240.269	-2.8956e-18
240.437	-2.96816e-18
240.604	-2.95593e-18
240.772	-2.86385e-18
240.939	-2.69875e-18
241.107	-2.46911e-18
241.274	-2.18468e-18
241.442	-1.85619e-18
241.609	-1.49497e-18
241.777	-1.11265e-18
241.945	-7.20792e-19
242.112	-3.3058e-19
242.28	4.74434e-20
242.447	4.03642e-19
242.615	7.29499e-19
242.782	1.01779e-18
242.95	1.26269e-18
243.117	1.4599e-18
243.285	1.60662e-18
243.452	1.70162e-18
243.62	1.7451e-18
243.788	1.73868e-18
243.955	1.68525e-18
244.123	1.58881e-18
244.29	1.45434e-18
244.458	1.28755e-18
244.625	1.09474e-18
244.793	8.82589e-19
244.96	6.57918e-19
245.128	4.27527e-19
245.296	1.98004e-19
245.463	-2.44465e-20
245.631	-2.34149e-19
245.798	-4.26083e-19
245.966	-5.95986e-19
246.133	-7.40426e-19
246.301	-8.56851e-19
246.468	-9.43612e-19
246.636	-9.99956e-19
246.804	-1.026e-18
246.971	-1.02268e-18
247.139	-9.91687e-19
247.306	-9.35361e-19
247.474	-8.56615e-19
247.641	-7.58811e-19
247.809	-6.45649e-19
247.976	-5.21046e-19
248.144	-3.89017e-19
248.311	-2.53563e-19
248.479	-1.18558e-19
248.647	1.23437e-20
248.814	1.35799e-19
248.982	2.4885e-19
249.149	3.48982e-19
249.317	4.34169e-19
249.484	5.02902e-19
249.652	5.54203e-19
249.819	5.87621e-19
249.987	6.03217e-19
250.155	6.01534e-19
250.322	5.83556e-19
250.49	5.50659e-19
250.657	5.04548e-19
250.825	4.47198e-19
250.992	3.80781e-19
251.16	3.07599e-19
251.327	2.30013e-19
251.495	1.50375e-19
251.663	7.09661e-20
251.83	-6.06271e-21
251.998	-7.87426e-20
252.165	-1.4533e-19
252.333	-2.04342e-19
252.5	-2.54582e-19
252.668	-2.95159e-19
252.835	-3.25492e-19
253.003	-3.4531e-19
253.17	-3.54646e-19
253.338	-3.53815e-19
253.506	-3.4339e-19
253.673	-3.24178e-19
253.841	-2.97178e-19
254.008	-2.6355e-19
254.176	-2.24569e-19
254.343	-1.81588e-19
254.511	-1.35994e-19
254.678	-8.91732e-20
254.846	-4.24659e-20
255.014	2.86125e-21
255.181	4.56486e-20
255.349	8.48685e-20
255.516	1.19646e-19
255.684	1.49276e-19
255.851	1.7323e-19
256.019	1.91164e-19
256.186	2.02917e-19
256.354	2.08504e-19
256.522	2.08108e-19
256.689	2.02064e-19
256.857	1.90845e-19
257.024	1.75036e-19
257.192	1.55317e-19
257.359	1.32439e-19
257.527	1.07196e-19
257.694	8.04038e-20
257.862	5.28766e-20
258.029	2.54041e-20
258.197	-1.26826e-21
258.365	-2.64574e-20
258.532	-4.95576e-20
258.7	-7.00533e-20
258.867	-8.75275e-20
259.035	-1.01668e-19
259.202	-1.12272e-19
259.37	-1.19241e-19
259.537	-1.22583e-19
259.705	-1.22405e-19
259.873	-1.18902e-19
260.04	-1.1235e-19
260.208	-1.03094e-19
260.375	-9.15321e-20
260.543	-7.8105e-20
260.71	-6.32795e-20
260.878	-4.75355e-20
261.045	-3.13518e-20
261.213	-1.5193e-20
261.381	5.01963e-22
261.548	1.53308e-20
261.716	2.89366e-20
261.883	4.10152e-20
262.051	5.13205e-20
262.218	5.9668e-20
262.386	6.59369e-20
262.553	7.0069e-20
262.721	7.20681e-20
262.888	7.19954e-20
263.056	6.99655e-20
263.224	6.614e-20
263.391	6.07206e-20
263.559	5.39415e-20
263.726	4.60612e-20
263.894	3.73542e-20
264.061	2.81026e-20
264.229	1.8588e-20
264.396	9.08376e-21
264.564	-1.5167e-22
264.732	-8.88135e-21
264.899	-1.6895e-20
265.067	-2.40131e-20
265.234	-3.00905e-20
265.402	-3.50181e-20
265.569	-3.87242e-20
265.737	-4.11741e-20
265.904	-4.23694e-20
266.072	-4.23456e-20
266.24	-4.11696e-20
266.407	-3.8936e-20
266.575	-3.57631e-20
266.742	-3.17883e-20
266.91	-2.71635e-20
267.077	-2.205e-20
267.245	-1.66135e-20
267.412	-1.10198e-20
267.58	-5.42966e-21
267.747	4.72777e-24
267.915	5.14382e-21
268.083	9.86367e-21
268.25	1.40585e-20
268.418	1.76425e-20
268.585	2.05512e-20
268.753	2.27422e-20
268.92	2.41946e-20
269.088	2.49091e-20
269.255	2.49063e-20
269.423	2.42252e-20
269.591	2.29211e-20
269.758	2.10635e-20
269.926	1.8733e-20
270.093	1.60189e-20
270.261	1.30157e-20
270.428	9.82116e-21
270.596	6.53257e-21
270.763	3.24465e-21
270.931	4.6929e-23
271.099	-2.97839e-21
271.266	-5.75826e-21
271.434	-8.23029e-21
271.601	-1.03439e-20
271.769	-1.20609e-20
271.936	-1.33561e-20
272.104	-1.42171e-20
272.271	-1.46441e-20
272.439	-1.4649e-20
272.606	-1.42545e-20
272.774	-1.34933e-20
272.942	-1.24057e-20
273.109	-1.10394e-20
273.277	-9.44651e-21
273.444	-7.68282e-21
273.612	-5.80565e-21
273.779	-3.87229e-21
273.947	-1.93846e-21
274.114	-5.68522e-23
274.282	1.7241e-21
274.45	3.36136e-21
274.617	4.81813e-21
274.785	6.06453e-21
274.952	7.07803e-21
275.12	7.84367e-21
275.287	8.35407e-21
275.455	8.60918e-21
275.622	8.61592e-21
275.79	8.38759e-21
275.957	7.94318e-21
276.125	7.30654e-21
276.293	6.50544e-21
276.46	5.57064e-21
276.628	4.53488e-21
276.795	3.43183e-21
276.963	2.29522e-21
277.13	1.15782e-21
277.298	5.06498e-23
277.465	-9.9776e-22
277.633	-1.96205e-21
277.801	-2.82051e-21
277.968	-3.55552e-21
278.136	-4.15375e-21
278.303	-4.60635e-21
278.471	-4.90888e-21
278.638	-5.06126e-21
278.806	-5.06749e-21
278.973	-4.93535e-21
279.141	-4.67594e-21
279.309	-4.30325e-21
279.476	-3.83358e-21
279.644	-3.28499e-21
279.811	-2.67672e-21
279.979	-2.02856e-21
280.146	-1.36036e-21
280.314	-6.91387e-22
280.481	-3.99178e-23
280.649	5.77255e-22
280.816	1.14518e-21
280.984	1.65107e-21
281.152	2.0845e-21
281.319	2.43761e-21
281.487	2.70514e-21
281.654	2.88445e-21
281.822	2.97544e-21
281.989	2.98045e-21
282.157	2.90399e-21
282.324	2.75258e-21
282.492	2.53442e-21
282.66	2.25906e-21
282.827	1.93712e-21
282.995	1.57991e-21
283.162	1.19905e-21
283.33	8.06222e-22
283.497	4.12767e-22
283.665	2.94373e-23
283.832	-3.33874e-22
284	-6.68357e-22
284.168	-9.66467e-22
284.335	-1.22206e-21
284.503	-1.43048e-21
284.67	-1.58861e-21
284.838	-1.69488e-21
285.005	-1.74921e-21
285.173	-1.75294e-21
285.34	-1.70872e-21
285.508	-1.62035e-21
285.675	-1.49264e-21
285.843	-1.33121e-21
286.011	-1.14229e-21
286.178	-9.32508e-22
286.346	-7.08721e-22
286.513	-4.77782e-22
286.681	-2.46373e-22
286.848	-2.08203e-23
287.016	1.93048e-22
287.183	3.90042e-22
287.351	5.65712e-22
287.519	7.1643e-22
287.686	8.39446e-22
287.854	9.32914e-22
288.021	9.95893e-22
288.189	1.02832e-21
288.356	1.03098e-21
288.524	1.00541e-21
288.691	9.53836e-22
288.859	8.79084e-22
289.027	7.84445e-22
289.194	6.73578e-22
289.362	5.50385e-22
289.529	4.1889e-22
289.697	2.83126e-22
289.864	1.47024e-22
290.032	1.43089e-23
290.199	-1.11587e-22
290.367	-2.27606e-22
290.534	-3.31123e-22
290.702	-4.19998e-22
290.87	-4.92605e-22
291.037	-5.4785e-22
291.205	-5.8517e-22
291.372	-6.04523e-22
291.54	-6.06358e-22
291.707	-5.91576e-22
291.875	-5.61482e-22
292.042	-5.17727e-22
292.21	-4.62246e-22
292.378	-3.97187e-22
292.545	-3.24842e-22
292.713	-2.47578e-22
292.88	-1.67766e-22
293.048	-8.77187e-23
293.215	-9.62991e-24
293.383	6.44799e-23
293.55	1.32808e-22
293.718	1.93807e-22
293.886	2.46214e-22
294.053	2.89067e-22
294.221	3.21719e-22
294.388	3.43833e-22
294.556	3.5538e-22
294.723	3.5662e-22
294.891	3.48077e-22
295.058	3.30517e-22
295.226	3.04908e-22
295.393	2.72383e-22
295.561	2.34205e-22
295.729	1.91722e-22
295.896	1.46323e-22
296.064	9.94035e-23
296.231	5.2325e-23
296.399	6.37824e-24
296.566	-3.72467e-23
296.734	-7.74876e-23
296.901	-1.13432e-22
297.069	-1.44334e-22
297.237	-1.69626e-22
297.404	-1.88924e-22
297.572	-2.02027e-22
297.739	-2.08916e-22
297.907	-2.09739e-22
298.074	-2.04804e-22
298.242	-1.94558e-22
298.409	-1.79569e-22
298.577	-1.60503e-22
298.745	-1.381e-22
298.912	-1.13152e-22
299.08	-8.64766e-23
299.247	-5.88945e-23
299.415	-3.12062e-23
299.582	-4.17173e-24
299.75	2.1508e-23
299.917	4.52071e-23
300.085	6.63876e-23
300.252	8.46092e-23
300.42	9.95364e-23
300.588	1.10941e-22
300.755	1.18705e-22
300.923	1.22813e-22
301.09	1.23353e-22
301.258	1.20503e-22
301.425	1.14526e-22
301.593	1.05753e-22
301.76	9.45761e-23
301.928	8.143e-23
302.096	6.67798e-23
302.263	5.11062e-23
302.431	3.48918e-23
302.598	1.86076e-23
302.766	2.70094e-24
302.933	-1.24153e-23
303.101	-2.63723e-23
303.268	-3.88529e-23
303.436	-4.95972e-23
303.604	-5.8407e-23
303.771	-6.51472e-23
303.939	-6.97467e-23
304.106	-7.21965e-23
304.274	-7.25465e-23
304.441	-7.09014e-23
304.609	-6.74142e-23
304.776	-6.22801e-23
304.944	-5.57283e-23
305.111	-4.80143e-23
305.279	-3.94114e-23
305.447	-3.02021e-23
305.614	-2.06703e-23
305.782	-1.10932e-23
305.949	-1.73409e-24
306.117	7.16394e-24
306.284	1.53835e-23
306.452	2.27376e-23
306.619	2.90729e-23
306.787	3.42722e-23
306.955	3.82554e-23
307.122	4.09803e-23
307.29	4.24408e-23
307.457	4.26659e-23
307.625	4.17165e-23
307.792	3.96824e-23
307.96	3.66777e-23
308.127	3.28372e-23
308.295	2.83107e-23
308.463	2.3259e-23
308.63	1.7848e-23
308.798	1.22447e-23
308.965	6.61221e-24
309.133	1.10554e-24
309.3	-4.13216e-24
309.468	-8.97282e-24
309.635	-1.33061e-23
309.803	-1.70416e-23
309.97	-2.011e-23
310.138	-2.2464e-23
310.306	-2.40781e-23
310.473	-2.49487e-23
310.641	-2.50924e-23
310.808	-2.45448e-23
310.976	-2.33583e-23
311.143	-2.15999e-23
311.311	-1.93487e-23
311.478	-1.66927e-23
311.646	-1.37262e-23
311.814	-1.0547e-23
311.981	-7.25312e-24
312.149	-3.94057e-24
312.316	-7.00606e-25
312.484	2.38247e-24
312.651	5.23319e-24
312.819	7.78653e-24
312.986	9.98907e-24
313.154	1.17999e-23
313.322	1.31909e-23
313.489	1.41471e-23
313.657	1.46659e-23
313.824	1.47571e-23
313.992	1.44413e-23
314.159	1.37493e-23
314.327	1.27203e-23
314.494	1.14008e-23
314.662	9.84231e-24
314.829	8.10038e-24
314.997	6.23242e-24
315.165	4.29614e-24
315.332	2.348e-24
315.5	4.41706e-25
315.667	-1.37308e-24
315.835	-3.05189e-24
316.002	-4.55638e-24
316.17	-5.85504e-24
316.337	-6.92368e-24
316.505	-7.74567e-24
316.673	-8.31201e-24
316.84	-8.62118e-24
317.008	-8.67871e-24
317.175	-8.49671e-24
317.343	-8.09314e-24
317.51	-7.49103e-24
317.678	-6.71757e-24
317.845	-5.80312e-24
318.013	-4.78027e-24
318.181	-3.68276e-24
318.348	-2.54454e-24
318.516	-1.39882e-24
318.683	-2.77232e-25
318.851	7.90991e-25
319.018	1.77965e-24
319.186	2.66613e-24
319.353	3.43183e-24
319.521	4.06247e-24
319.688	4.54819e-24
319.856	4.88363e-24
320.024	5.06782e-24
320.191	5.10396e-24
320.359	4.99911e-24
320.526	4.76377e-24
320.694	4.41145e-24
320.861	3.95809e-24
321.029	3.42154e-24
321.196	2.82093e-24
321.364	2.1761e-24
321.532	1.50701e-24
321.699	8.33214e-25
321.867	1.73317e-25
322.034	-4.5546e-25
322.202	-1.03768e-24
322.369	-1.56001e-24
322.537	-2.01147e-24
322.704	-2.38362e-24
322.872	-2.67063e-24
323.04	-2.8693e-24
323.207	-2.97901e-24
323.375	-3.00163e-24
323.542	-2.94124e-24
323.71	-2.80402e-24
323.877	-2.59787e-24
324.045	-2.33215e-24
324.212	-2.01733e-24
324.38	-1.66466e-24
324.547	-1.2858e-24
324.715	-8.92486e-25
324.883	-4.96228e-25
325.05	-1.07975e-25
325.218	2.62132e-25
325.385	6.04997e-25
325.553	9.12758e-25
325.72	1.17894e-24
325.888	1.39855e-24
326.055	1.56814e-24
326.223	1.68579e-24
326.391	1.75114e-24
326.558	1.76523e-24
326.726	1.73048e-24
326.893	1.65047e-24
327.061	1.52985e-24
327.228	1.37411e-24
327.396	1.1894e-24
327.563	9.82314e-25
327.731	7.59722e-25
327.898	5.28524e-25
328.066	2.95487e-25
328.234	6.7058e-26
328.401	-1.50791e-25
328.569	-3.527e-25
328.736	-5.34034e-25
328.904	-6.90973e-25
329.071	-8.20565e-25
329.239	-9.20766e-25
329.406	-9.90443e-25
329.574	-1.02936e-24
329.742	-1.03811e-24
329.909	-1.01812e-24
330.077	-9.71477e-25
330.244	-9.00904e-25
330.412	-8.09623e-25
330.579	-7.01246e-25
330.747	-5.79654e-25
330.914	-4.48875e-25
331.082	-3.12973e-25
331.25	-1.75926e-25
331.417	-4.15304e-26
331.585	8.66967e-26
331.752	2.05598e-25
331.92	3.1244e-25
332.087	4.04968e-25
332.255	4.8144e-25
332.422	5.40643e-25
332.59	5.81904e-25
332.757	6.05072e-25
332.925	6.10499e-25
333.093	5.99002e-25
333.26	5.71812e-25
333.428	5.30523e-25
333.595	4.77025e-25
333.763	4.13438e-25
333.93	3.42042e-25
334.098	2.65208e-25
334.265	1.85322e-25
334.433	1.04726e-25
334.601	2.5656e-26
334.768	-4.98188e-26
334.936	-1.19837e-25
335.103	-1.82788e-25
335.271	-2.37341e-25
335.438	-2.82465e-25
335.606	-3.17444e-25
335.773	-3.41876e-25
335.941	-3.55668e-25
336.109	-3.59023e-25
336.276	-3.52415e-25
336.444	-3.36567e-25
336.611	-3.12411e-25
336.779	-2.81057e-25
336.946	-2.4375e-25
337.114	-2.01829e-25
337.281	-1.56688e-25
337.449	-1.0973e-25
337.616	-6.23333e-26
337.784	-1.58131e-26
337.952	2.86111e-26
338.119	6.98431e-26
338.287	1.06933e-25
338.454	1.39096e-25
338.622	1.65722e-25
338.789	1.86389e-25
338.957	2.00855e-25
339.124	2.09064e-25
339.292	2.11133e-25
339.46	2.07338e-25
339.627	1.98101e-25
339.795	1.83969e-25
339.962	1.65594e-25
340.13	1.43706e-25
340.297	1.19092e-25
340.465	9.25707e-26
340.632	6.49685e-26
340.8	3.70956e-26
340.968	9.72622e-27
341.135	-1.64216e-26
341.303	-4.07019e-26
341.47	-6.25547e-26
341.638	-8.15166e-26
341.805	-9.7228e-26
341.973	-1.09438e-25
342.14	-1.18003e-25
342.308	-1.22889e-25
342.475	-1.24161e-25
342.643	-1.21983e-25
342.811	-1.166e-25
342.978	-1.08333e-25
343.146	-9.75641e-26
343.313	-8.47224e-26
343.481	-7.02704e-26
343.648	-5.46892e-26
343.816	-3.84645e-26
343.983	-2.20732e-26
344.151	-5.97095e-27
344.319	9.41938e-27
344.486	2.37172e-26
344.654	3.65924e-26
344.821	4.77715e-26
344.989	5.70421e-26
345.156	6.42553e-26
345.324	6.93265e-26
345.491	7.22337e-26
345.659	7.30153e-26
345.827	7.17656e-26
345.994	6.86288e-26
346.162	6.37929e-26
346.329	5.7482e-26
346.497	4.9948e-26
346.664	4.14626e-26
346.832	3.23086e-26
346.999	2.27717e-26
347.167	1.31326e-26
347.334	3.65917e-27
347.502	-5.39934e-27
347.67	-1.38188e-26
347.837	-2.14045e-26
348.005	-2.79951e-26
348.172	-3.34652e-26
348.34	-3.77266e-26
348.507	-4.07288e-26
348.675	-4.24585e-26
348.842	-4.29377e-26
349.01	-4.22212e-26
349.178	-4.03935e-26
349.345	-3.75648e-26
349.513	-3.38664e-26
349.68	-2.94464e-26
349.848	-2.44643e-26
350.015	-1.90864e-26
350.183	-1.34807e-26
350.35	-7.81224e-27
350.518	-2.23884e-27
350.686	3.09283e-27
350.853	8.05066e-27
351.021	1.25199e-26
351.188	1.64054e-26
351.356	1.96329e-26
351.523	2.21503e-26
351.691	2.39277e-26
351.858	2.49567e-26
352.026	2.52499e-26
352.193	2.48395e-26
352.361	2.37747e-26
352.529	2.21201e-26
352.696	1.99528e-26
352.864	1.73597e-26
353.031	1.44346e-26
353.199	1.12751e-26
353.366	7.98011e-27
353.534	4.64671e-27
353.701	1.36778e-27
353.869	-1.77031e-27
354.037	-4.68974e-27
354.204	-7.32285e-27
354.372	-9.61347e-27
354.539	-1.15178e-26
354.707	-1.3005e-26
354.874	-1.40571e-26
355.042	-1.46691e-26
355.209	-1.48484e-26
355.377	-1.46134e-26
355.545	-1.39931e-26
355.712	-1.30253e-26
355.88	-1.17553e-26
356.047	-1.0234e-26
356.215	-8.51661e-27
356.382	-6.66048e-27
356.55	-4.72374e-27
356.717	-2.76351e-27
356.885	-8.34471e-28
357.052	1.01253e-27
357.22	2.73162e-27
357.388	4.28294e-27
357.555	5.63332e-27
357.723	6.75691e-27
357.89	7.63542e-27
358.058	8.25821e-27
358.225	8.62223e-27
358.393	8.7316e-27
358.56	8.59718e-27
358.728	8.23587e-27
358.896	7.66984e-27
359.063	6.92563e-27
359.231	6.03318e-27
359.398	5.02486e-27
359.566	3.93442e-27
359.733	2.79604e-27
359.901	1.64332e-27
360.068	5.08449e-28
360.236	-5.78634e-28
360.404	-1.59091e-27
360.571	-2.50487e-27
360.739	-3.30095e-27
360.906	-3.96388e-27
361.074	-4.48283e-27
361.241	-4.85147e-27
361.409	-5.06794e-27
361.576	-5.13459e-27
361.744	-5.05776e-27
361.911	-4.84733e-27
362.079	-4.51629e-27
362.247	-4.0802e-27
362.414	-3.55665e-27
362.582	-2.96465e-27
362.749	-2.32405e-27
362.917	-1.65494e-27
363.084	-9.77083e-28
363.252	-3.09431e-28
363.419	3.30386e-28
363.587	9.26453e-28
363.755	1.46491e-27
363.922	1.93421e-27
364.09	2.32534e-27
364.257	2.63188e-27
364.425	2.85008e-27
364.592	2.97879e-27
364.76	3.01936e-27
364.927	2.97549e-27
365.095	2.85294e-27
365.263	2.65934e-27
365.43	2.40381e-27
365.598	2.09667e-27
365.765	1.74911e-27
365.933	1.37278e-27
366.1	9.79491e-28
366.268	5.80884e-28
366.435	1.88103e-28
366.603	-1.88468e-28
366.77	-5.39452e-28
366.938	-8.56678e-28
367.106	-1.13334e-27
367.273	-1.3641e-27
367.441	-1.54517e-27
367.608	-1.67431e-27
367.776	-1.75083e-27
367.943	-1.7755e-27
368.111	-1.75047e-27
368.278	-1.67911e-27
368.446	-1.56589e-27
368.614	-1.41616e-27
368.781	-1.23599e-27
368.949	-1.03194e-27
369.116	-8.10858e-28
369.284	-5.79697e-28
369.451	-3.453e-28
369.619	-1.14228e-28
369.786	1.07405e-28
369.954	3.14075e-28
370.122	5.00964e-28
370.289	6.64055e-28
370.457	8.002e-28
370.624	9.07152e-28
370.792	9.83585e-28
370.959	1.02907e-27
371.127	1.04406e-27
371.294	1.02979e-27
371.462	9.88242e-28
371.629	9.22033e-28
371.797	8.34303e-28
371.965	7.28612e-28
372.132	6.08814e-28
372.3	4.78938e-28
372.467	3.4307e-28
372.635	2.05236e-28
372.802	6.92981e-29
372.97	-6.11443e-29
373.137	-1.82836e-28
373.305	-2.92938e-28
373.473	-3.8908e-28
373.64	-4.69402e-28
373.808	-5.32574e-28
373.975	-5.77808e-28
374.143	-6.04845e-28
374.31	-6.13938e-28
374.478	-6.05813e-28
374.645	-5.81626e-28
374.813	-5.4291e-28
374.98	-4.91508e-28
375.148	-4.29509e-28
375.316	-3.59177e-28
375.483	-2.82881e-28
375.651	-2.03024e-28
375.818	-1.21973e-28
375.986	-4.2002e-29
376.153	3.47696e-29
376.321	1.06424e-28
376.488	1.71288e-28
376.656	2.27963e-28
376.824	2.75349e-28
376.991	3.12662e-28
377.159	3.39431e-28
377.326	3.55499e-28
377.494	3.61012e-28
377.661	3.5639e-28
377.829	3.42312e-28
377.996	3.19673e-28
378.164	2.89556e-28
378.332	2.53188e-28
378.499	2.11897e-28
378.667	1.67078e-28
378.834	1.20141e-28
379.002	7.24812e-29
379.169	2.54355e-29
379.337	-1.97479e-29
379.504	-6.19392e-29
379.672	-1.00152e-28
379.839	-1.33561e-28
380.007	-1.61517e-28
380.175	-1.83554e-28
380.342	-1.99395e-28
380.51	-2.08944e-28
380.677	-2.12283e-28
380.845	-2.09657e-28
381.012	-2.01463e-28
381.18	-1.88227e-28
381.347	-1.70582e-28
381.515	-1.49248e-28
381.683	-1.25008e-28
381.85	-9.86787e-29
382.018	-7.10918e-29
382.185	-4.30666e-29
382.353	-1.53905e-29
382.52	1.12016e-29
382.688	3.60443e-29
382.855	5.85559e-29
383.023	7.82496e-29
383.191	9.47422e-29
383.358	1.07758e-28
383.526	1.17132e-28
383.693	1.22806e-28
383.861	1.24826e-28
384.028	1.23337e-28
384.196	1.18568e-28
384.363	1.10829e-28
384.531	1.00491e-28
384.698	8.79771e-29
384.866	7.37465e-29
385.034	5.82799e-29
385.201	4.20658e-29
385.369	2.55865e-29
385.536	9.30527e-30
385.704	-6.34514e-30
385.871	-2.09727e-29
386.039	-3.42344e-29
386.206	-4.58433e-29
386.374	-5.55729e-29
386.542	-6.32602e-29
386.709	-6.88067e-29
386.877	-7.21777e-29
387.044	-7.33995e-29
387.212	-7.25555e-29
387.379	-6.97808e-29
387.547	-6.52561e-29
387.714	-5.91995e-29
387.882	-5.18593e-29
388.05	-4.3505e-29
388.217	-3.44195e-29
388.385	-2.48898e-29
388.552	-1.51997e-29
388.72	-5.62194e-30
388.887	3.58881e-30
389.055	1.22015e-29
389.222	2.00141e-29
389.39	2.68571e-29
389.557	3.25968e-29
389.725	3.71369e-29
389.893	4.04188e-29
390.06	4.24213e-29
390.228	4.31596e-29
390.395	4.26821e-29
390.563	4.10678e-29
390.73	3.84225e-29
390.898	3.48743e-29
391.065	3.05688e-29
391.233	2.56644e-29
391.401	2.03273e-29
391.568	1.47264e-29
391.736	9.02855e-30
391.903	3.39422e-30
392.071	-2.02655e-30
392.238	-7.09769e-30
392.406	-1.17e-29
392.573	-1.57337e-29
392.741	-1.91197e-29
392.909	-2.1801e-29
393.076	-2.37428e-29
393.244	-2.49323e-29
393.411	-2.53781e-29
393.579	-2.51083e-29
393.746	-2.41693e-29
393.914	-2.26229e-29
394.081	-2.05442e-29
394.249	-1.80188e-29
394.416	-1.51397e-29
394.584	-1.20046e-29
394.752	-8.71275e-30
394.919	-5.36237e-30
395.087	-2.04789e-30
395.254	1.14235e-30
395.422	4.1282e-30
395.589	6.83942e-30
395.757	9.21708e-30
395.924	1.12145e-29
396.092	1.2798e-29
396.26	1.39468e-29
396.427	1.46533e-29
396.595	1.49223e-29
396.762	1.47702e-29
396.93	1.4224e-29
397.097	1.33201e-29
397.265	1.21023e-29
397.432	1.06211e-29
397.6	8.93093e-30
397.768	7.08932e-30
397.935	5.15462e-30
398.103	3.18459e-30
398.27	1.23481e-30
398.438	-6.42707e-31
398.605	-2.40074e-30
398.773	-3.99789e-30
398.94	-5.39938e-30
399.108	-6.57768e-30
399.275	-7.5128e-30
399.443	-8.19248e-30
399.611	-8.61208e-30
399.778	-8.77429e-30
399.946	-8.68868e-30
400.113	-8.37104e-30
400.281	-7.84262e-30
400.448	-7.12926e-30
400.616	-6.26045e-30
400.783	-5.26829e-30
400.951	-4.18651e-30
401.119	-3.04945e-30
401.286	-1.89107e-30
401.454	-7.44102e-31
401.621	3.60841e-31
401.789	1.39594e-30
401.956	2.3368e-30
402.124	3.16289e-30
402.291	3.85796e-30
402.459	4.41019e-30
402.627	4.81229e-30
402.794	5.06146e-30
402.962	5.15922e-30
403.129	5.11113e-30
403.297	4.92643e-30
403.464	4.61756e-30
403.632	4.19969e-30
403.799	3.69011e-30
403.967	3.10768e-30
404.134	2.47224e-30
404.302	1.80397e-30
404.47	1.12285e-30
404.637	4.48144e-31
404.805	-2.02126e-31
404.972	-8.11571e-31
405.14	-1.36581e-30
405.307	-1.85274e-30
405.475	-2.26275e-30
405.642	-2.58885e-30
405.81	-2.82673e-30
405.978	-2.97468e-30
406.145	-3.03356e-30
406.313	-3.00661e-30
406.48	-2.89923e-30
406.648	-2.7187e-30
406.815	-2.47392e-30
406.983	-2.17504e-30
407.15	-1.83315e-30
407.318	-1.45989e-30
407.486	-1.06714e-30
407.653	-6.6665e-31
407.821	-2.69753e-31
407.988	1.12935e-31
408.156	4.71761e-31
408.323	7.98246e-31
408.491	1.08525e-30
408.658	1.32711e-30
408.826	1.51968e-30
408.993	1.6604e-30
409.161	1.74824e-30
409.329	1.78369e-30
409.496	1.76862e-30
409.664	1.7062e-30
409.831	1.60069e-30
409.999	1.4573e-30
410.166	1.28201e-30
410.334	1.08132e-30
410.501	8.62067e-31
410.669	6.31243e-31
410.837	3.95761e-31
411.004	1.62289e-31
411.172	-6.29233e-32
411.339	-2.74189e-31
411.507	-4.66512e-31
411.674	-6.3568e-31
411.842	-7.78344e-31
412.009	-8.92058e-31
412.177	-9.75295e-31
412.345	-1.02744e-30
412.512	-1.04877e-30
412.68	-1.04037e-30
412.847	-1.00409e-30
413.015	-9.42428e-31
413.182	-8.58441e-31
413.35	-7.55633e-31
413.517	-6.37824e-31
413.685	-5.0904e-31
413.852	-3.73385e-31
414.02	-2.34926e-31
414.188	-9.75878e-32
414.355	3.4949e-32
414.523	1.59335e-31
414.69	2.72625e-31
414.858	3.72335e-31
415.025	4.56487e-31
415.193	5.23634e-31
415.36	5.7287e-31
415.528	6.03826e-31
415.696	6.16653e-31
415.863	6.11985e-31
416.031	5.909e-31
416.198	5.54864e-31
416.366	5.05671e-31
416.533	4.45375e-31
416.701	3.76222e-31
416.868	3.00576e-31
417.036	2.20851e-31
417.204	1.39441e-31
417.371	5.86537e-32
417.539	-1.93433e-32
417.706	-9.25771e-32
417.874	-1.59311e-31
418.041	-2.18081e-31
418.209	-2.67719e-31
418.376	-3.07367e-31
418.544	-3.3649e-31
418.711	-3.54864e-31
418.879	-3.62574e-31
419.047	-3.59989e-31
419.214	-3.47738e-31
419.382	-3.2668e-31
419.549	-2.97866e-31
419.717	-2.62504e-31
419.884	-2.21912e-31
420.052	-1.77479e-31
420.219	-1.30626e-31
420.387	-8.27585e-32
420.555	-3.52368e-32
420.722	1.06636e-32
420.89	5.37804e-32
421.057	9.30904e-32
421.225	1.2773e-31
421.392	1.57008e-31
421.56	1.80419e-31
421.727	1.97644e-31
421.895	2.0855e-31
422.063	2.13182e-31
422.23	2.11755e-31
422.398	2.04638e-31
422.565	1.92333e-31
422.733	1.75457e-31
422.9	1.54718e-31
423.068	1.30891e-31
423.235	1.04793e-31
423.403	7.72576e-32
423.57	4.91132e-32
423.738	2.11597e-32
423.906	-5.85203e-33
424.073	-3.12372e-32
424.241	-5.43927e-32
424.408	-7.48088e-32
424.576	-9.20783e-32
424.743	-1.05901e-31
424.911	-1.16089e-31
425.078	-1.22561e-31
425.246	-1.25343e-31
425.414	-1.24559e-31
425.581	-1.20425e-31
425.749	-1.13236e-31
425.916	-1.03352e-31
426.084	-9.11891e-32
426.251	-7.72032e-32
426.419	-6.1874e-32
426.586	-4.56918e-32
426.754	-2.9144e-32
426.921	-1.2701e-32
427.089	3.19486e-33
427.257	1.81403e-32
427.424	3.17799e-32
427.592	4.38129e-32
427.759	5.39989e-32
427.927	6.21608e-32
428.094	6.8186e-32
428.262	7.20266e-32
428.429	7.36966e-32
428.597	7.32683e-32
428.765	7.08675e-32
428.932	6.66666e-32
429.1	6.08779e-32
429.267	5.37452e-32
429.435	4.55359e-32
429.602	3.65321e-32
429.77	2.70222e-32
429.937	1.72927e-32
430.105	7.62065e-33
430.273	-1.73369e-33
430.44	-1.05327e-32
430.608	-1.8567e-32
430.775	-2.5659e-32
430.943	-3.16669e-32
431.11	-3.64859e-32
431.278	-4.00493e-32
431.445	-4.23282e-32
431.613	-4.33302e-32
431.78	-4.30975e-32
431.948	-4.17035e-32
432.116	-3.92492e-32
432.283	-3.5859e-32
432.451	-3.16761e-32
432.618	-2.68576e-32
432.786	-2.15692e-32
432.953	-1.59804e-32
433.121	-1.02599e-32
433.288	-4.57065e-33
433.456	9.34125e-34
433.624	6.11447e-33
433.791	1.08469e-32
433.959	1.50268e-32
434.126	1.85703e-32
434.294	2.14156e-32
434.461	2.35229e-32
434.629	2.4875e-32
434.796	2.5476e-32
434.964	2.53505e-32
435.132	2.45412e-32
435.299	2.31073e-32
435.467	2.11219e-32
435.634	1.8669e-32
435.802	1.58407e-32
435.969	1.27345e-32
436.137	9.4502e-33
436.304	6.08683e-33
436.472	2.74032e-33
436.639	-4.99063e-34
436.807	-3.54891e-33
436.975	-6.33643e-33
437.142	-8.79995e-33
437.31	-1.08899e-32
437.477	-1.25698e-32
437.645	-1.3816e-32
437.812	-1.46181e-32
437.98	-1.49785e-32
438.147	-1.49113e-32
438.315	-1.44416e-32
438.483	-1.3604e-32
438.65	-1.24413e-32
438.818	-1.10028e-32
438.985	-9.34276e-33
439.153	-7.51838e-33
439.32	-5.58829e-33
439.488	-3.6108e-33
439.655	-1.64237e-33
439.823	2.63898e-34
439.991	2.05944e-33
440.158	3.70135e-33
440.326	5.15326e-33
440.493	6.38594e-33
440.661	7.3777e-33
440.828	8.11463e-33
440.996	8.59049e-33
441.163	8.8065e-33
441.331	8.77089e-33
441.498	8.49828e-33
441.666	8.00899e-33
441.834	7.32811e-33
442.001	6.48459e-33
442.169	5.51024e-33
442.336	4.43871e-33
442.504	3.30447e-33
442.671	2.14183e-33
442.839	9.83982e-34
443.006	-1.37778e-34
443.174	-1.19486e-33
443.342	-2.16197e-33
443.509	-3.01767e-33
443.677	-3.74469e-33
443.844	-4.33021e-33
444.012	-4.76598e-33
444.179	-5.04825e-33
444.347	-5.17767e-33
444.514	-5.15903e-33
444.682	-5.00086e-33
444.85	-4.71506e-33
445.017	-4.31634e-33
445.185	-3.8217e-33
445.352	-3.24983e-33
445.52	-2.62048e-33
445.687	-1.95394e-33
445.855	-1.27038e-33
446.022	-5.89332e-34
446.19	7.07747e-35
446.357	6.931e-34
446.525	1.26274e-33
446.693	1.76705e-33
446.86	2.19583e-33
447.028	2.54151e-33
447.195	2.79918e-33
447.363	2.96661e-33
447.53	3.04413e-33
447.698	3.03451e-33
447.865	2.94276e-33
448.033	2.77583e-33
448.201	2.54235e-33
448.368	2.2523e-33
448.536	1.91665e-33
448.703	1.54703e-33
448.871	1.15533e-33
449.038	7.53439e-34
449.206	3.52852e-34
449.373	-3.55888e-35
449.541	-4.01963e-34
449.709	-7.37487e-34
449.876	-1.0347e-33
450.044	-1.28758e-33
450.211	-1.49166e-33
450.379	-1.64401e-33
450.546	-1.74331e-33
450.714	-1.78973e-33
450.881	-1.78487e-33
451.049	-1.73166e-33
451.216	-1.63417e-33
451.384	-1.49745e-33
451.552	-1.32737e-33
451.719	-1.13037e-33
451.887	-9.13282e-34
452.054	-6.83104e-34
452.222	-4.4682e-34
452.389	-2.11199e-34
452.557	1.73788e-35
452.724	2.33068e-34
452.892	4.30693e-34
453.06	6.05852e-34
453.227	7.54994e-34
453.395	8.75469e-34
453.562	9.65553e-34
453.73	1.02444e-33
453.897	1.05223e-33
454.065	1.04984e-33
454.232	1.01898e-33
454.4	9.62046e-34
454.568	8.81995e-34
454.735	7.82266e-34
454.903	6.66645e-34
455.07	5.39144e-34
455.238	4.03881e-34
455.405	2.64964e-34
455.573	1.26374e-34
455.74	-8.1307e-36
455.908	-1.35109e-34
456.075	-2.51509e-34
456.243	-3.54737e-34
456.411	-4.42694e-34
456.578	-5.13815e-34
456.746	-5.67077e-34
456.913	-6.01999e-34
457.081	-6.18625e-34
457.248	-6.17497e-34
457.416	-5.99609e-34
457.583	-5.66359e-34
457.751	-5.19488e-34
457.919	-4.61011e-34
458.086	-3.93153e-34
458.254	-3.1827e-34
458.421	-2.38785e-34
458.589	-1.57112e-34
458.756	-7.55962e-35
458.924	3.55182e-36
459.091	7.83042e-35
459.259	1.46863e-34
459.427	2.07698e-34
459.594	2.59571e-34
459.762	3.01556e-34
459.929	3.33046e-34
460.097	3.53753e-34
460.264	3.637e-34
460.432	3.63198e-34
460.599	3.52831e-34
460.767	3.33415e-34
460.934	3.05972e-34
461.102	2.71684e-34
461.27	2.31858e-34
461.437	1.87879e-34
461.605	1.41171e-34
461.772	9.31546e-35
461.94	4.52085e-35
462.107	-1.36506e-36
462.275	-4.53718e-35
462.442	-8.57524e-35
462.61	-1.21604e-34
462.778	-1.52195e-34
462.945	-1.7698e-34
463.113	-1.95597e-34
463.28	-2.07875e-34
463.448	-2.13823e-34
463.615	-2.13624e-34
463.783	-2.07616e-34
463.95	-1.9628e-34
464.118	-1.80212e-34
464.286	-1.60108e-34
464.453	-1.36734e-34
464.621	-1.10906e-34
464.788	-8.34588e-35
464.956	-5.52292e-35
465.123	-2.70285e-35
465.291	3.76856e-37
465.458	2.62834e-35
465.626	5.00669e-35
465.793	7.11948e-35
465.961	8.92358e-35
466.129	1.03866e-34
466.296	1.14872e-34
466.464	1.22152e-34
466.631	1.25708e-34
466.799	1.25647e-34
466.966	1.22167e-34
467.134	1.15548e-34
467.301	1.06141e-34
467.469	9.43532e-35
467.637	8.06357e-35
467.804	6.54668e-35
467.972	4.93383e-35
468.139	3.27419e-35
468.307	1.61551e-35
468.474	2.90308e-38
468.642	-1.52219e-35
468.809	-2.92299e-35
468.977	-4.16808e-35
469.145	-5.232e-35
469.312	-6.09562e-35
469.48	-6.74629e-35
469.647	-7.17784e-35
469.815	-7.39043e-35
469.982	-7.39015e-35
470.15	-7.18858e-35
470.317	-6.80214e-35
470.485	-6.2514e-35
470.652	-5.56028e-35
470.82	-4.75523e-35
470.988	-3.86438e-35
471.155	-2.91665e-35
471.323	-1.94094e-35
471.49	-9.65352e-36
471.658	-1.64584e-37
471.825	8.81345e-36
471.993	1.70638e-35
472.16	2.44012e-35
472.328	3.06753e-35
472.496	3.57731e-35
472.663	3.96196e-35
472.831	4.21778e-35
472.998	4.34482e-35
473.166	4.34661e-35
473.333	4.22989e-35
473.501	4.0043e-35
473.668	3.68187e-35
473.836	3.27667e-35
474.003	2.80421e-35
474.171	2.28103e-35
474.339	1.72413e-35
474.506	1.15051e-35
474.674	5.76707e-36
474.841	1.83599e-37
475.009	-5.10161e-36
475.176	-9.96079e-36
475.344	-1.42847e-35
475.511	-1.79847e-35
475.679	-2.09938e-35
475.847	-2.32675e-35
476.014	-2.4784e-35
476.182	-2.5543e-35
476.349	-2.55649e-35
476.517	-2.48893e-35
476.684	-2.35724e-35
476.852	-2.16849e-35
477.019	-1.93092e-35
477.187	-1.65365e-35
477.355	-1.3464e-35
477.522	-1.01916e-35
477.69	-6.81933e-36
477.857	-3.44446e-36
478.025	-1.5906e-37
478.192	2.95223e-36
478.36	5.81411e-36
478.527	8.36217e-36
478.695	1.05441e-35
478.862	1.23202e-35
479.03	1.36643e-35
479.198	1.45631e-35
479.365	1.50165e-35
479.533	1.50361e-35
479.7	1.46451e-35
479.868	1.38764e-35
480.035	1.27715e-35
480.203	1.13786e-35
480.37	9.75151e-36
480.538	7.94712e-36
480.706	6.02425e-36
480.873	4.04172e-36
481.041	2.05677e-36
481.208	1.23605e-37
481.376	-1.70793e-36
481.543	-3.39346e-36
481.711	-4.895e-36
481.878	-6.18165e-36
482.046	-7.23003e-36
482.214	-8.02451e-36
482.381	-8.55726e-36
482.549	-8.82796e-36
482.716	-8.84349e-36
482.884	-8.61728e-36
483.051	-8.16861e-36
483.219	-7.5218e-36
483.386	-6.70523e-36
483.554	-5.75035e-36
483.721	-4.6907e-36
483.889	-3.56082e-36
484.057	-2.39532e-36
484.224	-1.22787e-36
484.392	-9.0383e-38
484.559	9.87785e-37
484.727	1.98049e-36
484.894	2.86532e-36
485.062	3.62404e-36
485.229	4.24284e-36
485.397	4.71244e-36
485.565	5.02818e-36
485.732	5.18979e-36
485.9	5.20126e-36
486.067	5.07042e-36
486.235	4.80857e-36
486.402	4.42995e-36
486.57	3.95123e-36
486.737	3.39087e-36
486.905	2.76858e-36
487.073	2.10468e-36
487.24	1.4195e-36
487.408	7.32866e-37
487.575	6.35647e-38
487.743	-5.71115e-37
487.91	-1.15577e-36
488.078	-1.67718e-36
488.245	-2.12458e-36
488.413	-2.48981e-36
488.58	-2.76738e-36
488.748	-2.95449e-36
488.916	-3.05096e-36
489.083	-3.05908e-36
489.251	-2.98343e-36
489.418	-2.83061e-36
489.586	-2.60899e-36
489.753	-2.32834e-36
489.921	-1.99951e-36
490.088	-1.63407e-36
490.256	-1.24396e-36
490.424	-8.41162e-37
490.591	-4.37324e-37
490.759	-4.35086e-38
490.926	3.30103e-37
491.094	6.74429e-37
491.261	9.81683e-37
491.429	1.24551e-36
491.596	1.46107e-36
491.764	1.62513e-36
491.932	1.73601e-36
492.099	1.79358e-36
492.267	1.79916e-36
492.434	1.75543e-36
492.602	1.66626e-36
492.769	1.53654e-36
492.937	1.37201e-36
493.104	1.17904e-36
493.272	9.64439e-37
493.439	7.3522e-37
493.607	4.98424e-37
493.775	2.60912e-37
493.942	2.91924e-38
494.11	-1.90736e-37
494.277	-3.93524e-37
494.445	-5.74578e-37
494.612	-7.30146e-37
494.78	-8.57375e-37
494.947	-9.54339e-37
495.115	-1.02004e-36
495.283	-1.05439e-36
495.45	-1.05815e-36
495.618	-1.03288e-36
495.785	-9.80844e-37
495.953	-9.04919e-37
496.12	-8.08468e-37
496.288	-6.95233e-37
496.455	-5.69209e-37
496.623	-4.34525e-37
496.791	-2.9532e-37
496.958	-1.55631e-37
497.126	-1.92895e-38
497.293	1.10172e-37
497.461	2.29601e-37
497.628	3.36289e-37
497.796	4.28021e-37
497.963	5.03112e-37
498.131	5.60419e-37
498.298	5.99348e-37
498.466	6.19836e-37
498.634	6.22327e-37
498.801	6.0773e-37
498.969	5.77371e-37
499.136	5.32933e-37
499.304	4.76392e-37
499.471	4.09945e-37
499.639	3.3594e-37
499.806	2.56803e-37
499.974	1.74969e-37
