#t	omega	theta
0	0
0.167552	3.20676e-07
0.335103	2.52671e-06
0.502655	8.33801e-06
0.670206	1.92409e-05
0.837758	3.64664e-05
1.00531	6.10008e-05
1.17286	9.36214e-05
1.34041	0.000134941
1.50796	0.000185441
1.67552	0.000245484
1.84307	0.000315287
2.01062	0.000394857
2.17817	0.000483882
2.34572	0.000581584
2.51327	0.000686524
2.68083	0.000796392
2.84838	0.000907798
3.01593	0.00101614
3.18348	0.00111565
3.35103	0.00119977
3.51858	0.00126186
3.68614	0.00129631
3.85369	0.00129974
4.02124	0.00127183
4.18879	0.00121546
4.35634	0.00113608
4.52389	0.00104041
4.69145	0.000935104
4.859	0.000825723
5.02655	0.000716145
5.1941	0.000608481
5.36165	0.000503279
5.5292	0.000399859
5.69675	0.000296667
5.86431	0.00019157
6.03186	8.2085e-05
6.19941	-3.44665e-05
6.36696	-0.000160864
6.53451	-0.00029994
6.70206	-0.000454574
6.86962	-0.000627713
7.03717	-0.000822422
7.20472	-0.00104196
7.37227	-0.00128986
7.53982	-0.00157004
7.70737	-0.00188689
7.87493	-0.00224523
8.04248	-0.00265028
8.21003	-0.00310717
8.37758	-0.00362017
8.54513	-0.00419118
8.71268	-0.00481728
8.88024	-0.00548738
9.04779	-0.00617819
9.21534	-0.00685096
9.38289	-0.00745137
9.55044	-0.00791571
9.71799	-0.0081844
9.88554	-0.00821941
10.0531	-0.00801743
10.2206	-0.00761099
10.3882	-0.00705696
10.5558	-0.00641937
10.7233	-0.00575497
10.8909	-0.00510574
11.0584	-0.00449789
11.226	-0.00394448
11.3935	-0.00344914
11.5611	-0.00300942
11.7286	-0.00261931
11.8962	-0.00227084
12.0637	-0.00195516
12.2313	-0.00166326
12.3988	-0.00138668
12.5664	-0.00111834
12.7339	-0.000853601
12.9015	-0.000591259
13.069	-0.000333988
13.2366	-8.77126e-05
13.4041	0.000140234
13.5717	0.000343525
13.7392	0.000518777
13.9068	0.000666236
14.0743	0.000789235
14.2419	0.000893018
14.4094	0.000983558
14.577	0.00106673
14.7445	0.0011479
14.9121	0.00123182
15.0796	0.0013227
15.2472	0.0014244
15.4147	0.00154053
15.5823	0.0016746
15.7499	0.00183006
15.9174	0.00201016
16.085	0.00221771
16.2525	0.00245448
16.4201	0.00272031
16.5876	0.00301168
16.7552	0.00332001
16.9227	0.00362992
17.0903	0.0039184
17.2578	0.00415641
17.4254	0.00431392
17.5929	0.00436811
17.7605	0.0043116
17.928	0.00415636
18.0956	0.00393061
18.2631	0.00367064
18.4307	0.00341198
18.5982	0.00318361
18.7658	0.00300605
18.9333	0.00289217
19.1009	0.00284928
19.2684	0.00288124
19.436	0.0029902
19.6035	0.00317775
19.7711	0.0034457
19.9386	0.00379645
20.1062	0.00423306
20.2737	0.00475889
20.4413	0.00537692
20.6088	0.00608814
20.7764	0.00688905
20.944	0.00776784
21.1115	0.00869938
21.2791	0.00963991
21.4466	0.010524
21.6142	0.0112673
21.7817	0.0117796
21.9493	0.0119868
22.1168	0.0118555
22.2844	0.0114059
22.4519	0.0107065
22.6195	0.00985151
22.787	0.00893625
22.9546	0.00803873
23.1221	0.00721287
23.2897	0.00649004
23.4572	0.00588438
23.6248	0.00539876
23.7923	0.00502965
23.9599	0.00477038
24.1274	0.00461313
24.295	0.00454969
24.4625	0.00457146
24.6301	0.00466868
24.7976	0.00482901
24.9652	0.00503566
25.1327	0.00526536
25.3003	0.00548709
25.4678	0.00566298
25.6354	0.00575288
25.8029	0.0057229
25.9705	0.00555562
26.1381	0.00525695
26.3056	0.00485531
26.4732	0.00439317
26.6407	0.00391545
26.8083	0.00346023
26.9758	0.00305448
27.1434	0.00271409
27.3109	0.00244626
27.4785	0.00225249
27.646	0.00213114
27.8136	0.00207921
27.9811	0.00209351
28.1487	0.0021713
28.3162	0.00231056
28.4838	0.00250999
28.6513	0.00276875
28.8189	0.00308594
28.9864	0.00345959
29.154	0.00388513
29.3215	0.00435307
29.4891	0.00484625
29.6566	0.00533709
29.8242	0.00578651
29.9917	0.00614665
30.1593	0.00636919
30.3268	0.00641814
30.4944	0.0062821
30.6619	0.00597905
30.8295	0.00555052
30.997	0.00504851
31.1646	0.00452225
31.3322	0.00400996
31.4997	0.00353653
31.6673	0.00311512
31.8348	0.00275038
32.0024	0.00244163
32.1699	0.00218537
32.3375	0.00197683
32.505	0.00181102
32.6726	0.00168313
32.8401	0.00158862
33.0077	0.00152311
33.1752	0.00148201
33.3428	0.00146013
33.5103	0.00145118
33.6779	0.00144753
33.8454	0.00144029
34.013	0.00142034
34.1805	0.00138002
34.3481	0.00131544
34.5156	0.00122796
34.6832	0.00112418
34.8507	0.00101409
35.0183	0.000908376
35.1858	0.000816296
35.3534	0.000744584
35.5209	0.000697472
35.6885	0.000677241
35.856	0.000684925
36.0236	0.000720907
36.1911	0.000785338
36.3587	0.000878398
36.5263	0.00100043
36.6938	0.00115197
36.8614	0.00133373
37.0289	0.00154636
37.1965	0.00179014
37.364	0.00206429
37.5316	0.00236597
37.6991	0.00268874
37.8667	0.00302085
38.0342	0.00334362
38.2018	0.00363117
38.3693	0.00385288
38.5369	0.00397933
38.7044	0.00399064
38.872	0.0038835
39.0395	0.00367277
39.2071	0.00338656
39.3746	0.00305755
39.5422	0.00271523
39.7097	0.0023815
39.8773	0.00206991
40.0448	0.00178697
40.2124	0.00153427
40.3799	0.0013104
40.5475	0.00111243
40.715	0.000936842
40.8826	0.000780077
41.0501	0.000638841
41.2177	0.00051021
41.3852	0.000391675
41.5528	0.000281188
41.7204	0.000177239
41.8879	7.90126e-05
42.0555	-1.33858e-05
42.223	-9.87074e-05
42.3906	-0.000174497
42.5581	-0.000237388
42.7257	-0.000283863
42.8932	-0.00031127
43.0608	-0.000318641
43.2283	-0.000306842
43.3959	-0.000278028
43.5634	-0.000234757
43.731	-0.000179214
43.8985	-0.0001128
44.0661	-3.60489e-05
44.2336	5.12513e-05
44.4012	0.000149862
44.5687	0.000260912
44.7363	0.000385757
44.9038	0.000525876
45.0714	0.000682801
45.2389	0.000858015
45.4065	0.0010528
45.574	0.00126795
45.7416	0.00150324
45.9091	0.00175663
46.0767	0.00202307
46.2442	0.00229315
46.4118	0.00255198
46.5793	0.00277913
46.7469	0.00295086
46.9145	0.00304504
47.082	0.00304761
47.2496	0.00295766
47.4171	0.00278804
47.5847	0.00256102
47.7522	0.00230161
47.9198	0.00203175
48.0873	0.00176732
48.2549	0.00151782
48.4224	0.00128748
48.59	0.00107692
48.7575	0.000884578
48.9251	0.000707819
49.0926	0.000543617
49.2602	0.000388967
49.4277	0.000241109
49.5953	9.76562e-05
49.7628	-4.32908e-05
49.9304	-0.000182968
50.0979	-0.00032167
50.2655	-0.000458342
50.433	-0.000590102
50.6006	-0.000711902
50.7681	-0.000816659
50.9357	-0.00089625
51.1032	-0.000943423
51.2708	-0.000954035
51.4383	-0.000928496
51.6059	-0.000871554
51.7734	-0.000790553
51.941	-0.000693186
52.1086	-0.000585781
52.2761	-0.000472535
52.4437	-0.000355534
52.6112	-0.000235193
52.7788	-0.000110785
52.9463	1.90983e-05
53.1139	0.000156222
53.2814	0.000302488
53.449	0.000459796
53.6165	0.000629932
53.7841	0.000814416
53.9516	0.00101425
54.1192	0.00122945
54.2867	0.00145836
54.4543	0.00169665
54.6218	0.0019361
54.7894	0.0021637
54.9569	0.00236177
55.1245	0.00250994
55.292	0.00258957
55.4596	0.00258928
55.6271	0.00250909
55.7947	0.00236061
55.9622	0.00216315
56.1298	0.0019379
56.2973	0.0017032
56.4649	0.0014721
56.6324	0.00125221
56.8	0.00104675
56.9675	0.000855896
57.1351	0.000678052
57.3027	0.00051073
57.4702	0.00035114
57.6378	0.000196525
57.8053	4.43603e-05
57.9729	-0.000107513
58.1404	-0.00026074
58.308	-0.000416216
58.4755	-0.000573703
58.6431	-0.000731294
58.8106	-0.000884798
58.9782	-0.0010273
59.1457	-0.00114936
59.3133	-0.00124031
59.4808	-0.00129071
59.6484	-0.00129533
59.8159	-0.00125495
59.9835	-0.00117614
60.151	-0.00106892
60.3186	-0.000943742
60.4861	-0.000809287
60.6537	-0.000671389
60.8212	-0.000533097
60.9888	-0.000395264
61.1563	-0.000257255
61.3239	-0.000117558
61.4914	2.57768e-05
61.659	0.000174855
61.8265	0.000331762
61.9941	0.000498433
62.1616	0.00067651
62.3292	0.000867103
62.4967	0.00107038
62.6643	0.00128492
62.8319	0.0015068
62.9994	0.00172853
63.167	0.00193825
63.3345	0.00211986
63.5021	0.00225496
63.6696	0.00232689
63.8372	0.00232571
64.0047	0.00225186
64.1723	0.00211614
64.3398	0.00193606
64.5074	0.00173065
64.6749	0.00151618
64.8425	0.00130413
65.01	0.00110108
65.1776	0.000909675
65.3451	0.000729885
65.5127	0.000560094
65.6802	0.000397909
65.8478	0.000240672
66.0153	8.57655e-05
66.1829	-6.92071e-05
66.3504	-0.000226287
66.518	-0.000386989
66.6855	-0.000552032
66.8531	-0.000720895
67.0206	-0.000891209
67.1882	-0.00105805
67.3557	-0.00121344
67.5233	-0.00134656
67.6908	-0.00144519
67.8584	-0.00149854
68.026	-0.00150059
68.1935	-0.00145224
68.3611	-0.00136104
68.5286	-0.00123857
68.6962	-0.00109699
68.8637	-0.000946423
69.0313	-0.000793747
69.1988	-0.000642644
69.3664	-0.000494267
69.5339	-0.000348062
69.7015	-0.000202475
69.869	-5.5453e-05
70.0366	9.52251e-05
70.2041	0.000251752
70.3717	0.000416153
70.5392	0.000590145
70.7068	0.000774906
70.8743	0.000970699
71.0419	0.00117626
71.2094	0.00138793
71.377	0.0015987
71.5445	0.00179743
71.7121	0.00196902
71.8796	0.00209631
72.0472	0.00216382
72.2147	0.00216248
72.3823	0.00209292
72.5498	0.00196541
72.7174	0.00179631
72.8849	0.0016033
73.0525	0.00140138
73.2201	0.0012011
73.3876	0.0010084
73.5552	0.000825621
73.7227	0.000652588
73.8903	0.000487691
74.0578	0.000328596
74.2254	0.000172729
74.3929	1.75576e-05
74.5605	-0.00013924
74.728	-0.000299635
74.8956	-0.000465068
75.0631	-0.000636155
75.2307	-0.000812212
75.3982	-0.000990594
75.5658	-0.00116594
75.7333	-0.00132962
75.9009	-0.00146995
76.0684	-0.00157374
76.236	-0.00162933
76.4035	-0.00163014
76.5711	-0.00157712
76.7386	-0.00147838
76.9062	-0.00134649
77.0737	-0.00119468
77.2413	-0.001034
77.4088	-0.000872002
77.5764	-0.000712798
77.7439	-0.000557743
77.9115	-0.000406346
78.079	-0.000257028
78.2466	-0.000107678
78.4142	4.39961e-05
78.5817	0.000200255
78.7493	0.000363181
78.9168	0.000534537
79.0844	0.000715549
79.2519	0.000906542
79.4195	0.00110635
79.587	0.00131152
79.7546	0.00151532
79.9221	0.00170708
80.0897	0.00187238
80.2572	0.00199482
80.4248	0.00205968
80.5923	0.00205842
80.7599	0.00199178
80.9274	0.00186964
81.095	0.00170764
81.2625	0.00152258
81.4301	0.00132869
81.5976	0.00113589
81.7652	0.000949776
81.9327	0.000772455
82.1003	0.000603697
82.2678	0.000441887
82.4354	0.000284732
82.6029	0.000129711
82.7705	-2.56545e-05
82.938	-0.000183638
83.1056	-0.000346169
83.2731	-0.000514642
83.4407	-0.000689611
83.6083	-0.000870293
83.7758	-0.00105387
83.9434	-0.00123471
84.1109	-0.00140377
84.2785	-0.00154883
84.446	-0.00165606
84.6136	-0.00171323
84.7811	-0.00171341
84.9487	-0.00165752
85.1162	-0.00155406
85.2838	-0.00141619
85.4513	-0.00125785
85.6189	-0.00109068
85.7864	-0.000922699
85.954	-0.000758281
86.1215	-0.000598922
86.2891	-0.000444174
86.4566	-0.00029245
86.6242	-0.000141599
86.7917	1.07157e-05
86.9593	0.000166797
87.1268	0.000328765
87.2944	0.000498412
87.4619	0.000676997
87.6295	0.000864885
87.797	0.00106098
87.9646	0.00126195
88.1321	0.00146126
88.2997	0.00164857
88.4672	0.00180985
88.6348	0.00192922
88.8024	0.00199245
88.9699	0.00199133
89.1375	0.00192664
89.305	0.00180802
89.4726	0.00165064
89.6401	0.00147073
89.8077	0.00128202
89.9752	0.00109406
90.1428	0.000912174
90.3103	0.000738364
90.4779	0.00057235
90.6454	0.000412518
90.813	0.000256602
90.9805	0.000102118
91.1481	-5.33801e-05
91.3156	-0.000212135
91.4832	-0.000376048
91.6507	-0.000546487
91.8183	-0.000723967
91.9858	-0.000907642
92.1534	-0.00109459
92.3209	-0.00127899
92.4885	-0.00145156
92.656	-0.00159971
92.8236	-0.00170922
92.9911	-0.00176747
93.1587	-0.0017673
93.3262	-0.00170961
93.4938	-0.00160314
93.6613	-0.00146144
93.8289	-0.00129888
93.9965	-0.00112753
94.164	-0.000955674
94.3316	-0.000787877
94.4991	-0.000625726
94.6667	-0.000468805
94.8342	-0.000315518
95.0018	-0.000163693
95.1693	-1.0962e-05
95.3369	0.000145004
95.5044	0.000306349
95.672	0.000474887
95.8395	0.000651896
96.0071	0.000837769
96.1746	0.00103146
96.3422	0.0012297
96.5097	0.00142611
96.6773	0.00161054
96.8448	0.00176924
97.0124	0.00188665
97.1799	0.00194886
97.3475	0.00194786
97.515	0.00188447
97.6826	0.00176816
97.8501	0.00161379
98.0177	0.00143723
98.1852	0.00125189
98.3528	0.00106705
98.5203	0.000887902
98.6879	0.000716362
98.8554	0.00055212
99.023	0.000393565
99.1906	0.000238448
99.3581	8.43085e-05
99.5257	-7.12779e-05
99.6932	-0.000230534
99.8608	-0.000395344
100.028	-0.000567059
100.196	-0.000746167
100.363	-0.000931783
100.531	-0.00112092
100.699	-0.00130764
100.866	-0.00148249
101.034	-0.00163266
101.201	-0.00174367
101.369	-0.00180265
101.536	-0.00180228
101.704	-0.00174345
101.871	-0.00163504
102.039	-0.00149086
102.206	-0.00132558
102.374	-0.00115151
102.542	-0.000977143
102.709	-0.000807151
102.877	-0.000643186
103.044	-0.000484851
103.212	-0.000330548
103.379	-0.000178088
103.547	-2.50868e-05
103.714	0.000130805
103.882	0.000291745
104.05	0.000459561
104.217	0.000635546
104.385	0.000820109
104.552	0.00101224
104.72	0.00120871
104.887	0.00140324
105.055	0.0015858
105.222	0.00174284
105.39	0.00185899
105.558	0.00192054
105.725	0.00191964
105.893	0.00185711
106.06	0.00174232
106.228	0.00158991
106.395	0.00141553
106.563	0.00123236
106.73	0.00104955
106.898	0.000872184
107.065	0.000702116
107.233	0.000539022
107.401	0.000381293
107.568	0.000226695
107.736	7.2777e-05
107.903	-8.28676e-05
108.071	-0.00024245
108.238	-0.000407843
108.406	-0.000580385
108.573	-0.000760551
108.741	-0.000947429
108.909	-0.00113798
109.076	-0.00132622
109.244	-0.00150255
109.411	-0.00165404
109.579	-0.00176604
109.746	-0.0018255
109.914	-0.00182501
110.081	-0.00176545
110.249	-0.00165579
110.417	-0.00151001
110.584	-0.00134296
110.752	-0.00116712
110.919	-0.000991121
111.087	-0.000819702
111.254	-0.000654557
111.422	-0.000495302
111.589	-0.000340337
111.757	-0.000187465
111.924	-3.4287e-05
112.092	0.000121556
112.26	0.000282234
112.427	0.000449581
112.595	0.000624899
112.762	0.000808611
112.93	0.000999721
113.097	0.00119505
113.265	0.00138836
113.432	0.00156971
113.6	0.00172566
113.768	0.001841
113.935	0.00190214
114.103	0.00190131
114.27	0.00183934
114.438	0.00172553
114.605	0.0015744
114.773	0.00140144
114.94	0.00121969
115.108	0.0010382
115.276	0.000861989
115.443	0.000692875
115.611	0.000530526
115.778	0.000373335
115.946	0.000219071
116.113	6.52976e-05
116.281	-9.03851e-05
116.448	-0.000250179
116.616	-0.000415951
116.783	-0.000589031
116.951	-0.000769884
117.119	-0.000957582
117.286	-0.00114906
117.454	-0.00133827
117.621	-0.00151558
117.789	-0.00166793
117.956	-0.00178057
118.124	-0.00184035
118.291	-0.00183978
118.459	-0.00177975
118.627	-0.00166928
118.794	-0.00152246
118.962	-0.00135426
119.129	-0.00117728
119.297	-0.00100022
119.464	-0.000827872
119.632	-0.000661959
119.799	-0.000502106
119.967	-0.000346711
120.135	-0.00019357
120.302	-4.02769e-05
120.47	0.000115535
120.637	0.000276041
120.805	0.000443083
120.972	0.000617968
121.14	0.000801127
121.307	0.000991576
121.475	0.00118616
121.642	0.00137867
121.81	0.00155924
121.978	0.00171449
122.145	0.0018293
122.313	0.00189018
122.48	0.00188939
122.648	0.0018278
122.815	0.00171463
122.983	0.00156433
123.15	0.00139229
123.318	0.00121147
123.486	0.00103083
123.653	0.000855369
123.821	0.000686876
123.988	0.000525011
124.156	0.000368168
124.323	0.000214122
124.491	6.04417e-05
124.658	-9.52659e-05
124.826	-0.000255198
124.993	-0.000421216
125.161	-0.000594645
125.329	-0.000775945
125.496	-0.000964176
125.664	-0.00115625
125.831	-0.00134611
125.999	-0.00152404
126.166	-0.00167696
126.334	-0.00179001
126.501	-0.00185
126.669	-0.00184939
126.837	-0.00178905
127.004	-0.00167806
127.172	-0.00153056
127.339	-0.00136162
127.507	-0.0011839
127.674	-0.00100614
127.842	-0.000833188
128.009	-0.000666776
128.177	-0.000506534
128.345	-0.000350859
128.512	-0.000197543
128.68	-4.41752e-05
128.847	0.000111616
129.015	0.000272011
129.182	0.000438855
129.35	0.000613458
129.517	0.000796257
129.685	0.000986277
129.852	0.00118037
130.02	0.00137237
130.188	0.00155243
130.355	0.00170723
130.523	0.0018217
130.69	0.0018824
130.858	0.00188164
131.025	0.00182029
131.193	0.00170754
131.36	0.00155779
131.528	0.00138635
131.696	0.00120612
131.863	0.00102605
132.031	0.000851068
132.198	0.000682978
132.366	0.000521428
132.533	0.000364811
132.701	0.000210907
132.868	5.72873e-05
133.036	-9.84366e-05
133.204	-0.000258458
133.371	-0.000424636
133.539	-0.000598293
133.706	-0.000779883
133.874	-0.00096846
134.041	-0.00116093
134.209	-0.0013512
134.376	-0.00152955
134.544	-0.00168282
134.711	-0.00179615
134.879	-0.00185627
135.047	-0.00185563
135.214	-0.0017951
135.382	-0.00168376
135.549	-0.00153583
135.717	-0.0013664
135.884	-0.0011882
136.052	-0.00100999
136.219	-0.000836647
136.387	-0.00066991
136.555	-0.000509415
136.722	-0.000353558
136.89	-0.000200128
137.057	-4.67115e-05
137.225	0.000109067
137.392	0.00026939
137.56	0.000436105
137.727	0.000610524
137.895	0.000793089
138.063	0.00098283
138.23	0.00117661
138.398	0.00136828
138.565	0.001548
138.733	0.0017025
138.9	0.00181675
139.068	0.00187734
139.235	0.0018766
139.403	0.00181541
139.57	0.00170294
139.738	0.00155353
139.906	0.00138248
140.073	0.00120265
140.241	0.00102293
140.408	0.000848273
140.576	0.000680446
140.743	0.000519099
140.911	0.00036263
141.078	0.000208818
141.246	5.52375e-05
141.414	-0.000100497
141.581	-0.000260577
141.749	-0.000426859
141.916	-0.000600663
142.084	-0.000782443
142.251	-0.000971245
142.419	-0.00116397
142.586	-0.00135451
142.754	-0.00153312
142.922	-0.00168663
143.089	-0.00180014
143.257	-0.00186035
143.424	-0.00185969
143.592	-0.00179903
143.759	-0.00168747
143.927	-0.00153926
144.094	-0.00136952
144.262	-0.00119099
144.429	-0.00101249
144.597	-0.000838897
144.765	-0.000671949
144.932	-0.000511289
145.1	-0.000355313
145.267	-0.000201809
145.435	-4.83613e-05
145.602	0.000107409
145.77	0.000267684
145.937	0.000434315
146.105	0.000608616
146.273	0.000791029
146.44	0.000980588
146.608	0.00117416
146.775	0.00136561
146.943	0.00154512
147.11	0.00169943
147.278	0.00181353
147.445	0.00187405
147.613	0.00187333
147.781	0.00181224
147.948	0.00169994
148.116	0.00155077
148.283	0.00137997
148.451	0.00120039
148.618	0.00102091
148.786	0.000846456
148.953	0.000678799
149.121	0.000517586
149.288	0.000361212
149.456	0.00020746
149.624	5.39052e-05
149.791	-0.000101836
149.959	-0.000261954
150.126	-0.000428304
150.294	-0.000602204
150.461	-0.000784106
150.629	-0.000973055
150.796	-0.00116594
150.964	-0.00135666
151.132	-0.00153544
151.299	-0.00168911
151.467	-0.00180273
151.634	-0.00186301
151.802	-0.00186233
151.969	-0.00180159
152.137	-0.00168989
152.304	-0.00154149
152.472	-0.00137154
152.64	-0.00119281
152.807	-0.00101412
152.975	-0.00084036
153.142	-0.000673275
153.31	-0.000512508
153.477	-0.000356455
153.645	-0.000202903
153.812	-4.94344e-05
153.98	0.00010633
154.147	0.000266575
154.315	0.000433152
154.483	0.000607375
154.65	0.000789689
154.818	0.000979129
154.985	0.00117257
155.153	0.00136388
155.32	0.00154325
155.488	0.00169743
155.655	0.00181144
155.823	0.00187191
155.991	0.0018712
156.158	0.00181018
156.326	0.00169799
156.493	0.00154897
156.661	0.00137834
156.828	0.00119892
156.996	0.0010196
157.163	0.000845275
157.331	0.000677729
157.499	0.000516602
157.666	0.000360291
157.834	0.000206577
158.001	5.30391e-05
158.169	-0.000102707
158.336	-0.000262849
158.504	-0.000429243
158.671	-0.000603206
158.839	-0.000785187
159.006	-0.000974231
159.174	-0.00116723
159.342	-0.00135806
159.509	-0.00153696
159.677	-0.00169072
159.844	-0.00180442
160.012	-0.00186473
160.179	-0.00186405
160.347	-0.00180325
160.514	-0.00169146
160.682	-0.00154293
160.85	-0.00137286
161.017	-0.00119399
161.185	-0.00101518
161.352	-0.000841312
161.52	-0.000674137
161.687	-0.0005133
161.855	-0.000357198
162.022	-0.000203614
162.19	-5.01322e-05
162.358	0.000105629
162.525	0.000265854
162.693	0.000432395
162.86	0.000606568
163.028	0.000788817
163.195	0.000978181
163.363	0.00117154
163.53	0.00136275
163.698	0.00154203
163.865	0.00169614
164.033	0.00181008
164.201	0.00187052
164.368	0.00186982
164.536	0.00180883
164.703	0.00169673
164.871	0.0015478
165.038	0.00137728
165.206	0.00119797
165.373	0.00101874
165.541	0.000844508
165.709	0.000677033
165.876	0.000515963
166.044	0.000359692
166.211	0.000206003
166.379	5.2476e-05
166.546	-0.000103273
166.714	-0.000263431
166.881	-0.000429853
167.049	-0.000603857
167.217	-0.000785891
167.384	-0.000974996
167.552	-0.00116806
167.719	-0.00135897
167.887	-0.00153794
168.054	-0.00169177
168.222	-0.00180552
168.389	-0.00186585
168.557	-0.00186517
168.724	-0.00180433
168.892	-0.00169248
169.06	-0.00154388
169.227	-0.00137371
169.395	-0.00119476
169.562	-0.00101587
169.73	-0.00084193
169.897	-0.000674698
170.065	-0.000513816
170.232	-0.00035768
170.4	-0.000204077
170.568	-5.0586e-05
170.735	0.000105172
170.903	0.000265385
171.07	0.000431903
171.238	0.000606043
171.405	0.000788251
171.573	0.000977565
171.74	0.00117087
171.908	0.00136202
172.076	0.00154124
172.243	0.00169529
172.411	0.0018092
172.578	0.00186962
172.746	0.00186892
172.913	0.00180796
173.081	0.00169591
173.248	0.00154704
173.416	0.00137659
173.583	0.00119735
173.751	0.00101819
173.919	0.000844008
174.086	0.000676581
174.254	0.000515547
174.421	0.000359302
174.589	0.00020563
174.756	5.211e-05
174.924	-0.000103641
175.091	-0.00026381
175.259	-0.00043025
175.427	-0.00060428
175.594	-0.000786348
175.762	-0.000975494
175.929	-0.00116861
176.097	-0.00135956
176.264	-0.00153858
176.432	-0.00169245
176.599	-0.00180623
176.767	-0.00186658
176.934	-0.00186589
177.102	-0.00180503
177.27	-0.00169314
177.437	-0.00154449
177.605	-0.00137427
177.772	-0.00119526
177.94	-0.00101632
178.107	-0.000842333
178.275	-0.000675063
178.442	-0.000514151
178.61	-0.000357994
178.778	-0.000204378
178.945	-5.08811e-05
179.113	0.000104876
179.28	0.00026508
179.448	0.000431583
179.615	0.000605702
179.783	0.000787882
179.95	0.000977164
180.118	0.00117043
180.286	0.00136154
180.453	0.00154072
180.621	0.00169474
180.788	0.00180862
180.956	0.00186903
181.123	0.00186833
181.291	0.0018074
181.458	0.00169537
181.626	0.00154655
181.793	0.00137614
181.961	0.00119694
182.129	0.00101782
182.296	0.000843684
182.464	0.000676287
182.631	0.000515277
182.799	0.000359049
182.966	0.000205388
183.134	5.1872e-05
183.301	-0.00010388
183.469	-0.000264056
183.637	-0.000430508
183.804	-0.000604556
183.972	-0.000786645
184.139	-0.000975817
184.307	-0.00116896
184.474	-0.00135994
184.642	-0.00153899
184.809	-0.0016929
184.977	-0.00180669
185.145	-0.00186706
185.312	-0.00186636
185.48	-0.00180549
185.647	-0.00169357
185.815	-0.00154489
185.982	-0.00137463
186.15	-0.00119559
186.317	-0.00101661
186.485	-0.000842594
186.652	-0.0006753
186.82	-0.000514369
186.988	-0.000358199
187.155	-0.000204573
187.323	-5.10729e-05
187.49	0.000104683
187.658	0.000264882
187.825	0.000431375
187.993	0.00060548
188.16	0.000787643
188.328	0.000976903
188.496	0.00117014
188.663	0.00136123
188.831	0.00154039
188.998	0.00169438
189.166	0.00180825
189.333	0.00186865
189.501	0.00186795
189.668	0.00180703
189.836	0.00169502
190.004	0.00154623
190.171	0.00137584
190.339	0.00119668
190.506	0.00101759
190.674	0.000843473
190.841	0.000676096
191.009	0.000515101
191.176	0.000358884
191.344	0.00020523
191.511	5.17172e-05
191.679	-0.000104035
191.847	-0.000264216
192.014	-0.000430676
192.182	-0.000604735
192.349	-0.000786838
192.517	-0.000976027
192.684	-0.00116919
192.852	-0.00136019
193.019	-0.00153926
193.187	-0.00169318
193.355	-0.001807
193.522	-0.00186736
193.69	-0.00186667
193.857	-0.00180579
194.025	-0.00169385
194.192	-0.00154515
194.36	-0.00137487
194.527	-0.0011958
194.695	-0.0010168
194.863	-0.000842764
195.03	-0.000675454
195.198	-0.000514511
195.365	-0.000358331
195.533	-0.0002047
195.7	-5.11977e-05
195.868	0.000104558
196.035	0.000264753
196.203	0.000431239
196.37	0.000605336
196.538	0.000787487
196.706	0.000976733
196.873	0.00116996
197.041	0.00136103
197.208	0.00154017
197.376	0.00169415
197.543	0.00180801
197.711	0.0018684
197.878	0.0018677
198.046	0.00180679
198.214	0.0016948
198.381	0.00154602
198.549	0.00137566
198.716	0.00119651
198.884	0.00101744
199.051	0.000843336
199.219	0.000675972
199.386	0.000514987
199.554	0.000358777
199.722	0.000205127
199.889	5.16166e-05
200.057	-0.000104136
200.224	-0.00026432
200.392	-0.000430785
200.559	-0.000604851
200.727	-0.000786964
200.894	-0.000976164
201.062	-0.00116934
201.229	-0.00136035
201.397	-0.00153944
201.565	-0.00169337
201.732	-0.00180719
201.9	-0.00186756
202.067	-0.00186687
202.235	-0.00180598
202.402	-0.00169404
202.57	-0.00154532
202.737	-0.00137502
202.905	-0.00119594
203.073	-0.00101692
203.24	-0.000842875
203.408	-0.000675554
203.575	-0.000514603
203.743	-0.000358418
203.91	-0.000204783
204.078	-5.12788e-05
204.245	0.000104476
204.413	0.000264669
204.581	0.000431152
204.748	0.000605242
204.916	0.000787386
205.083	0.000976623
205.251	0.00116984
205.418	0.0013609
205.586	0.00154003
205.753	0.001694
205.921	0.00180785
206.088	0.00186824
206.256	0.00186754
206.424	0.00180663
206.591	0.00169465
206.759	0.00154588
206.926	0.00137553
207.094	0.0011964
207.261	0.00101734
207.429	0.000843247
207.596	0.000675891
207.764	0.000514912
207.932	0.000358707
208.099	0.000205061
208.267	5.15512e-05
208.434	-0.000104202
208.602	-0.000264387
208.769	-0.000430856
208.937	-0.000604927
209.104	-0.000787045
209.272	-0.000976253
209.44	-0.00116943
209.607	-0.00136046
209.775	-0.00153955
209.942	-0.00169349
210.11	-0.00180732
210.277	-0.00186769
210.445	-0.001867
210.612	-0.00180611
210.78	-0.00169416
210.947	-0.00154542
211.115	-0.00137512
211.283	-0.00119603
211.45	-0.001017
211.618	-0.000842947
211.785	-0.000675619
211.953	-0.000514663
212.12	-0.000358474
212.288	-0.000204837
212.455	-5.13316e-05
212.623	0.000104423
212.791	0.000264614
212.958	0.000431094
213.126	0.000605181
213.293	0.00078732
213.461	0.000976551
213.628	0.00116976
213.796	0.00136081
213.963	0.00153994
214.131	0.0016939
214.299	0.00180775
214.466	0.00186813
214.634	0.00186744
214.801	0.00180653
214.969	0.00169455
215.136	0.00154579
215.304	0.00137545
215.471	0.00119633
215.639	0.00101727
215.806	0.000843189
215.974	0.000675838
216.142	0.000514864
216.309	0.000358662
216.477	0.000205017
216.644	5.15087e-05
216.812	-0.000104245
216.979	-0.000264431
217.147	-0.000430902
217.314	-0.000604976
217.482	-0.000787098
217.65	-0.000976311
217.817	-0.0011695
217.985	-0.00136053
218.152	-0.00153963
218.32	-0.00169357
218.487	-0.0018074
218.655	-0.00186778
218.822	-0.00186709
218.99	-0.00180619
219.158	-0.00169423
219.325	-0.0015455
219.493	-0.00137518
219.66	-0.00119609
219.828	-0.00101706
219.995	-0.000842994
220.163	-0.000675662
220.33	-0.000514702
220.498	-0.00035851
220.665	-0.000204872
220.833	-5.13659e-05
221.001	0.000104389
221.168	0.000264579
221.336	0.000431057
221.503	0.000605141
221.671	0.000787277
221.838	0.000976505
222.006	0.00116971
222.173	0.00136076
222.341	0.00153988
222.509	0.00169384
222.676	0.00180768
222.844	0.00186806
223.011	0.00186737
223.179	0.00180646
223.346	0.00169449
223.514	0.00154574
223.681	0.0013754
223.849	0.00119628
224.017	0.00101723
224.184	0.000843151
224.352	0.000675804
224.519	0.000514833
224.687	0.000358633
224.854	0.000204989
225.022	5.1481e-05
225.189	-0.000104273
225.357	-0.00026446
225.524	-0.000430932
225.692	-0.000605008
225.86	-0.000787133
226.027	-0.000976348
226.195	-0.00116954
226.362	-0.00136057
226.53	-0.00153967
226.697	-0.00169362
226.865	-0.00180746
227.032	-0.00186783
227.2	-0.00186714
227.368	-0.00180624
227.535	-0.00169428
227.703	-0.00154554
227.87	-0.00137522
228.038	-0.00119612
228.205	-0.00101709
228.373	-0.000843024
228.54	-0.000675689
228.708	-0.000514727
228.875	-0.000358534
229.043	-0.000204894
229.211	-5.13882e-05
229.378	0.000104366
229.546	0.000264556
229.713	0.000431033
229.881	0.000605115
230.048	0.000787249
230.216	0.000976475
230.383	0.00116968
230.551	0.00136072
230.719	0.00153984
230.886	0.0016938
231.054	0.00180764
231.221	0.00186802
231.389	0.00186732
231.556	0.00180642
231.724	0.00169445
231.891	0.0015457
232.059	0.00137537
232.227	0.00119625
232.394	0.0010172
232.562	0.000843126
232.729	0.000675782
232.897	0.000514812
233.064	0.000358614
233.232	0.000204971
233.399	5.1463e-05
233.567	-0.000104291
233.734	-0.000264478
233.902	-0.000430952
234.07	-0.000605029
234.237	-0.000787155
234.405	-0.000976373
234.572	-0.00116956
234.74	-0.0013606
234.907	-0.00153971
235.075	-0.00169366
235.242	-0.00180749
235.41	-0.00186787
235.578	-0.00186718
235.745	-0.00180628
235.913	-0.00169432
236.08	-0.00154557
236.248	-0.00137525
236.415	-0.00119615
236.583	-0.00101711
236.75	-0.000843044
236.918	-0.000675707
237.086	-0.000514744
237.253	-0.000358549
237.421	-0.000204909
237.588	-5.14027e-05
237.756	0.000104352
237.923	0.000264541
238.091	0.000431017
238.258	0.000605098
238.426	0.000787231
238.593	0.000976455
238.761	0.00116965
238.929	0.0013607
239.096	0.00153981
239.264	0.00169377
239.431	0.00180761
239.599	0.00186799
239.766	0.0018673
239.934	0.00180639
240.101	0.00169442
240.269	0.00154567
240.437	0.00137534
240.604	0.00119623
240.772	0.00101719
240.939	0.00084311
241.107	0.000675767
241.274	0.000514799
241.442	0.000358601
241.609	0.000204959
241.777	5.14513e-05
241.945	-0.000104303
242.112	-0.00026449
242.28	-0.000430964
242.447	-0.000605042
242.615	-0.00078717
242.782	-0.000976389
242.95	-0.00116958
243.117	-0.00136062
243.285	-0.00153973
243.452	-0.00169368
243.62	-0.00180751
243.788	-0.00186789
243.955	-0.0018672
244.123	-0.0018063
244.29	-0.00169434
244.458	-0.00154559
244.625	-0.00137527
244.793	-0.00119616
244.96	-0.00101713
245.128	-0.000843057
245.296	-0.000675719
245.463	-0.000514754
245.631	-0.000358559
245.798	-0.000204919
245.966	-5.14121e-05
246.133	0.000104342
246.301	0.000264531
246.468	0.000431007
246.636	0.000605088
246.804	0.000787219
246.971	0.000976442
247.139	0.00116964
247.306	0.00136068
247.474	0.0015398
247.641	0.00169375
247.809	0.00180759
247.976	0.00186797
248.144	0.00186728
248.311	0.00180638
248.479	0.00169441
248.647	0.00154566
248.814	0.00137533
248.982	0.00119622
249.149	0.00101717
249.317	0.0008431
249.484	0.000675758
249.652	0.00051479
249.819	0.000358593
249.987	0.000204951
250.155	5.14437e-05
250.322	-0.00010431
250.49	-0.000264498
250.657	-0.000430973
250.825	-0.000605051
250.992	-0.00078718
251.16	-0.000976399
251.327	-0.00116959
251.495	-0.00136063
251.663	-0.00153974
251.83	-0.00169369
251.998	-0.00180753
252.165	-0.00186791
252.333	-0.00186721
252.5	-0.00180631
252.668	-0.00169435
252.835	-0.0015456
253.003	-0.00137528
253.17	-0.00119617
253.338	-0.00101714
253.506	-0.000843065
253.673	-0.000675726
253.841	-0.000514761
254.008	-0.000358566
254.176	-0.000204925
254.343	-5.14182e-05
254.511	0.000104336
254.678	0.000264525
254.846	0.000431
255.014	0.00060508
255.181	0.000787211
255.349	0.000976434
255.516	0.00116963
255.684	0.00136067
255.851	0.00153978
256.019	0.00169374
256.186	0.00180758
256.354	0.00186796
256.522	0.00186726
256.689	0.00180636
256.857	0.0016944
257.024	0.00154565
257.192	0.00137532
257.359	0.00119621
257.527	0.00101717
257.694	0.000843093
257.862	0.000675752
258.029	0.000514785
258.197	0.000358588
258.365	0.000204946
258.532	5.14388e-05
258.7	-0.000104315
258.867	-0.000264503
259.035	-0.000430978
259.202	-0.000605057
259.37	-0.000787186
259.537	-0.000976406
259.705	-0.0011696
259.873	-0.00136064
260.04	-0.00153975
260.208	-0.0016937
260.375	-0.00180754
260.543	-0.00186792
260.71	-0.00186722
260.878	-0.00180632
261.045	-0.00169436
261.213	-0.00154561
261.381	-0.00137529
261.548	-0.00119618
261.716	-0.00101714
261.883	-0.000843071
262.051	-0.000675731
262.218	-0.000514766
262.386	-0.00035857
262.553	-0.000204929
262.721	-5.14222e-05
262.888	0.000104332
263.056	0.00026452
263.224	0.000430996
263.391	0.000605076
263.559	0.000787206
263.726	0.000976428
263.894	0.00116963
264.061	0.00136067
264.229	0.00153978
264.396	0.00169373
264.564	0.00180757
264.732	0.00186795
264.899	0.00186726
265.067	0.00180636
265.234	0.00169439
265.402	0.00154564
265.569	0.00137531
265.737	0.0011962
265.904	0.00101716
266.072	0.000843089
266.24	0.000675748
266.407	0.000514781
266.575	0.000358584
266.742	0.000204943
266.91	5.14356e-05
267.077	-0.000104318
267.245	-0.000264507
267.412	-0.000430982
267.58	-0.00060506
267.747	-0.00078719
267.915	-0.00097641
268.083	-0.00116961
268.25	-0.00136065
268.418	-0.00153975
268.585	-0.00169371
268.753	-0.00180754
268.92	-0.00186792
269.088	-0.00186723
269.255	-0.00180633
269.423	-0.00169436
269.591	-0.00154562
269.758	-0.00137529
269.926	-0.00119619
270.093	-0.00101715
270.261	-0.000843074
270.428	-0.000675734
270.596	-0.000514769
270.763	-0.000358573
270.931	-0.000204932
271.099	-5.14248e-05
271.266	0.000104329
271.434	0.000264518
271.601	0.000430993
271.769	0.000605073
271.936	0.000787203
272.104	0.000976425
272.271	0.00116962
272.439	0.00136066
272.606	0.00153977
272.774	0.00169373
272.942	0.00180756
273.109	0.00186795
273.277	0.00186725
273.444	0.00180635
273.612	0.00169438
273.779	0.00154564
273.947	0.00137531
274.114	0.0011962
274.282	0.00101716
274.45	0.000843086
274.617	0.000675745
274.785	0.000514779
274.952	0.000358582
275.12	0.000204941
275.287	5.14335e-05
275.455	-0.000104321
275.622	-0.000264509
275.79	-0.000430984
275.957	-0.000605063
276.125	-0.000787192
276.293	-0.000976413
276.46	-0.00116961
276.628	-0.00136065
276.795	-0.00153976
276.963	-0.00169371
277.13	-0.00180755
277.298	-0.00186793
277.465	-0.00186723
277.633	-0.00180633
277.801	-0.00169437
277.968	-0.00154562
278.136	-0.0013753
278.303	-0.00119619
278.471	-0.00101715
278.638	-0.000843076
278.806	-0.000675737
278.973	-0.000514771
279.141	-0.000358575
279.309	-0.000204933
279.476	-5.14265e-05
279.644	0.000104328
279.811	0.000264516
279.979	0.000430991
280.146	0.000605071
280.314	0.000787201
280.481	0.000976422
280.649	0.00116962
280.816	0.00136066
280.984	0.00153977
281.152	0.00169373
281.319	0.00180756
281.487	0.00186794
281.654	0.00186725
281.822	0.00180635
281.989	0.00169438
282.157	0.00154563
282.324	0.00137531
282.492	0.0011962
282.66	0.00101716
282.827	0.000843084
282.995	0.000675744
283.162	0.000514777
283.33	0.000358581
283.497	0.000204939
283.665	5.14321e-05
283.832	-0.000104322
284	-0.00026451
284.168	-0.000430985
284.335	-0.000605064
284.503	-0.000787194
284.67	-0.000976415
284.838	-0.00116961
285.005	-0.00136065
285.173	-0.00153976
285.34	-0.00169372
285.508	-0.00180755
285.675	-0.00186793
285.843	-0.00186724
286.011	-0.00180634
286.178	-0.00169437
286.346	-0.00154562
286.513	-0.0013753
286.681	-0.00119619
286.848	-0.00101715
287.016	-0.000843078
287.183	-0.000675738
287.351	-0.000514772
287.519	-0.000358576
287.686	-0.000204935
287.854	-5.14276e-05
288.021	0.000104327
288.189	0.000264515
288.356	0.00043099
288.524	0.00060507
288.691	0.0007872
288.859	0.000976421
289.027	0.00116962
289.194	0.00136066
289.362	0.00153977
289.529	0.00169372
289.697	0.00180756
289.864	0.00186794
290.032	0.00186725
290.199	0.00180635
290.367	0.00169438
290.534	0.00154563
290.702	0.00137531
290.87	0.0011962
291.037	0.00101716
291.205	0.000843083
291.372	0.000675742
291.54	0.000514776
291.707	0.00035858
291.875	0.000204938
292.042	5.14312e-05
292.21	-0.000104323
292.378	-0.000264511
292.545	-0.000430986
292.713	-0.000605065
292.88	-0.000787195
293.048	-0.000976416
293.215	-0.00116961
293.383	-0.00136065
293.55	-0.00153976
293.718	-0.00169372
293.886	-0.00180755
294.053	-0.00186793
294.221	-0.00186724
294.388	-0.00180634
294.556	-0.00169437
294.723	-0.00154563
294.891	-0.0013753
295.058	-0.00119619
295.226	-0.00101715
295.393	-0.000843079
295.561	-0.000675739
295.729	-0.000514773
295.896	-0.000358577
296.064	-0.000204935
296.231	-5.14283e-05
296.399	0.000104326
296.566	0.000264514
296.734	0.000430989
296.901	0.000605069
297.069	0.000787199
297.237	0.00097642
297.404	0.00116962
297.572	0.00136066
297.739	0.00153977
297.907	0.00169372
298.074	0.00180756
298.242	0.00186794
298.409	0.00186724
298.577	0.00180634
298.745	0.00169438
298.912	0.00154563
299.08	0.0013753
299.247	0.0011962
299.415	0.00101715
299.582	0.000843082
299.75	0.000675742
299.917	0.000514775
300.085	0.000358579
300.252	0.000204938
300.42	5.14307e-05
300.588	-0.000104323
300.755	-0.000264512
300.923	-0.000430987
301.09	-0.000605066
301.258	-0.000787196
301.425	-0.000976417
301.593	-0.00116961
301.76	-0.00136065
301.928	-0.00153976
302.096	-0.00169372
302.263	-0.00180755
302.431	-0.00186793
302.598	-0.00186724
302.766	-0.00180634
302.933	-0.00169437
303.101	-0.00154563
303.268	-0.0013753
303.436	-0.00119619
303.604	-0.00101715
303.771	-0.00084308
303.939	-0.000675739
304.106	-0.000514773
304.274	-0.000358577
304.441	-0.000204936
304.609	-5.14287e-05
304.776	0.000104325
304.944	0.000264514
305.111	0.000430989
305.279	0.000605068
305.447	0.000787198
305.614	0.000976419
305.782	0.00116962
305.949	0.00136066
306.117	0.00153977
306.284	0.00169372
306.452	0.00180756
306.619	0.00186794
306.787	0.00186724
306.955	0.00180634
307.122	0.00169438
307.29	0.00154563
307.457	0.0013753
307.625	0.0011962
307.792	0.00101715
307.96	0.000843082
308.127	0.000675741
308.295	0.000514775
308.463	0.000358579
308.63	0.000204937
308.798	5.14303e-05
308.965	-0.000104324
309.133	-0.000264512
309.3	-0.000430987
309.468	-0.000605067
309.635	-0.000787196
309.803	-0.000976417
309.97	-0.00116961
310.138	-0.00136065
310.306	-0.00153976
310.473	-0.00169372
310.641	-0.00180755
310.808	-0.00186793
310.976	-0.00186724
311.143	-0.00180634
311.311	-0.00169437
311.478	-0.00154563
311.646	-0.0013753
311.814	-0.00119619
311.981	-0.00101715
312.149	-0.00084308
312.316	-0.00067574
312.484	-0.000514774
312.651	-0.000358577
312.819	-0.000204936
312.986	-5.1429e-05
313.154	0.000104325
313.322	0.000264513
313.489	0.000430989
313.657	0.000605068
313.824	0.000787198
313.992	0.000976419
314.159	0.00116962
314.327	0.00136066
314.494	0.00153977
314.662	0.00169372
314.829	0.00180756
314.997	0.00186794
315.165	0.00186724
315.332	0.00180634
315.5	0.00169438
315.667	0.00154563
315.835	0.0013753
316.002	0.00119619
316.17	0.00101715
316.337	0.000843081
316.505	0.000675741
316.673	0.000514775
316.84	0.000358579
317.008	0.000204937
317.175	5.14301e-05
317.343	-0.000104324
317.51	-0.000264512
317.678	-0.000430988
317.845	-0.000605067
318.013	-0.000787197
318.181	-0.000976418
318.348	-0.00116961
318.516	-0.00136065
318.683	-0.00153976
318.851	-0.00169372
319.018	-0.00180755
319.186	-0.00186794
319.353	-0.00186724
319.521	-0.00180634
319.688	-0.00169437
319.856	-0.00154563
320.024	-0.0013753
320.191	-0.00119619
320.359	-0.00101715
320.526	-0.00084308
320.694	-0.00067574
320.861	-0.000514774
321.029	-0.000358578
321.196	-0.000204936
321.364	-5.14292e-05
321.532	0.000104325
321.699	0.000264513
321.867	0.000430988
322.034	0.000605068
322.202	0.000787198
322.369	0.000976419
322.537	0.00116961
322.704	0.00136066
322.872	0.00153977
323.04	0.00169372
323.207	0.00180756
323.375	0.00186794
323.542	0.00186724
323.71	0.00180634
323.877	0.00169438
324.045	0.00154563
324.212	0.0013753
324.38	0.00119619
324.547	0.00101715
324.715	0.000843081
324.883	0.000675741
325.05	0.000514775
325.218	0.000358578
325.385	0.000204937
325.553	5.14299e-05
325.72	-0.000104324
325.888	-0.000264513
326.055	-0.000430988
326.223	-0.000605067
326.391	-0.000787197
326.558	-0.000976418
326.726	-0.00116961
326.893	-0.00136065
327.061	-0.00153976
327.228	-0.00169372
327.396	-0.00180755
327.563	-0.00186794
327.731	-0.00186724
327.898	-0.00180634
328.066	-0.00169438
328.234	-0.00154563
328.401	-0.0013753
328.569	-0.00119619
328.736	-0.00101715
328.904	-0.00084308
329.071	-0.00067574
329.239	-0.000514774
329.406	-0.000358578
329.574	-0.000204936
329.742	-5.14294e-05
329.909	0.000104325
330.077	0.000264513
330.244	0.000430988
330.412	0.000605068
330.579	0.000787198
330.747	0.000976419
330.914	0.00116961
331.082	0.00136066
331.25	0.00153976
331.417	0.00169372
331.585	0.00180756
331.752	0.00186794
331.92	0.00186724
332.087	0.00180634
332.255	0.00169438
332.422	0.00154563
332.59	0.0013753
332.757	0.00119619
332.925	0.00101715
333.093	0.000843081
333.26	0.000675741
333.428	0.000514774
333.595	0.000358578
333.763	0.000204937
333.93	5.14298e-05
334.098	-0.000104324
334.265	-0.000264513
334.433	-0.000430988
334.601	-0.000605067
334.768	-0.000787197
334.936	-0.000976418
335.103	-0.00116961
335.271	-0.00136065
335.438	-0.00153976
335.606	-0.00169372
335.773	-0.00180756
335.941	-0.00186794
336.109	-0.00186724
336.276	-0.00180634
336.444	-0.00169438
336.611	-0.00154563
336.779	-0.0013753
336.946	-0.00119619
337.114	-0.00101715
337.281	-0.00084308
337.449	-0.00067574
337.616	-0.000514774
337.784	-0.000358578
337.952	-0.000204937
338.119	-5.14295e-05
338.287	0.000104325
338.454	0.000264513
338.622	0.000430988
338.789	0.000605067
338.957	0.000787197
339.124	0.000976418
339.292	0.00116961
339.46	0.00136066
339.627	0.00153976
339.795	0.00169372
339.962	0.00180756
340.13	0.00186794
340.297	0.00186724
340.465	0.00180634
340.632	0.00169438
340.8	0.00154563
340.968	0.0013753
341.135	0.00119619
341.303	0.00101715
341.47	0.000843081
341.638	0.000675741
341.805	0.000514774
341.973	0.000358578
342.14	0.000204937
342.308	5.14297e-05
342.475	-0.000104324
342.643	-0.000264513
342.811	-0.000430988
342.978	-0.000605067
343.146	-0.000787197
343.313	-0.000976418
343.481	-0.00116961
343.648	-0.00136065
343.816	-0.00153976
343.983	-0.00169372
344.151	-0.00180756
344.319	-0.00186794
344.486	-0.00186724
344.654	-0.00180634
344.821	-0.00169438
344.989	-0.00154563
345.156	-0.0013753
345.324	-0.00119619
345.491	-0.00101715
345.659	-0.000843081
345.827	-0.00067574
345.994	-0.000514774
346.162	-0.000358578
346.329	-0.000204937
346.497	-5.14295e-05
346.664	0.000104325
346.832	0.000264513
346.999	0.000430988
347.167	0.000605067
347.334	0.000787197
347.502	0.000976418
347.67	0.00116961
347.837	0.00136066
348.005	0.00153976
348.172	0.00169372
348.34	0.00180756
348.507	0.00186794
348.675	0.00186724
348.842	0.00180634
349.01	0.00169438
349.178	0.00154563
349.345	0.0013753
349.513	0.00119619
349.68	0.00101715
349.848	0.000843081
350.015	0.000675741
350.183	0.000514774
350.35	0.000358578
350.518	0.000204937
350.686	5.14297e-05
350.853	-0.000104324
351.021	-0.000264513
351.188	-0.000430988
351.356	-0.000605067
351.523	-0.000787197
351.691	-0.000976418
351.858	-0.00116961
352.026	-0.00136065
352.193	-0.00153976
352.361	-0.00169372
352.529	-0.00180756
352.696	-0.00186794
352.864	-0.00186724
353.031	-0.00180634
353.199	-0.00169438
353.366	-0.00154563
353.534	-0.0013753
353.701	-0.00119619
353.869	-0.00101715
354.037	-0.000843081
354.204	-0.00067574
354.372	-0.000514774
354.539	-0.000358578
354.707	-0.000204937
354.874	-5.14295e-05
355.042	0.000104325
355.209	0.000264513
355.377	0.000430988
355.545	0.000605067
355.712	0.000787197
355.88	0.000976418
356.047	0.00116961
356.215	0.00136066
356.382	0.00153976
356.55	0.00169372
356.717	0.00180756
356.885	0.00186794
357.052	0.00186724
357.22	0.00180634
357.388	0.00169438
357.555	0.00154563
357.723	0.0013753
357.89	0.00119619
358.058	0.00101715
358.225	0.000843081
358.393	0.00067574
358.56	0.000514774
358.728	0.000358578
358.896	0.000204937
359.063	5.14297e-05
359.231	-0.000104324
359.398	-0.000264513
359.566	-0.000430988
359.733	-0.000605067
359.901	-0.000787197
360.068	-0.000976418
360.236	-0.00116961
360.404	-0.00136065
360.571	-0.00153976
360.739	-0.00169372
360.906	-0.00180756
361.074	-0.00186794
361.241	-0.00186724
361.409	-0.00180634
361.576	-0.00169438
361.744	-0.00154563
361.911	-0.0013753
362.079	-0.00119619
362.247	-0.00101715
362.414	-0.000843081
362.582	-0.00067574
362.749	-0.000514774
362.917	-0.000358578
363.084	-0.000204937
363.252	-5.14296e-05
363.419	0.000104325
363.587	0.000264513
363.755	0.000430988
363.922	0.000605067
364.09	0.000787197
364.257	0.000976418
364.425	0.00116961
364.592	0.00136066
364.76	0.00153976
364.927	0.00169372
365.095	0.00180756
365.263	0.00186794
365.43	0.00186724
365.598	0.00180634
365.765	0.00169438
365.933	0.00154563
366.1	0.0013753
366.268	0.00119619
366.435	0.00101715
366.603	0.000843081
366.77	0.00067574
366.938	0.000514774
367.106	0.000358578
367.273	0.000204937
367.441	5.14296e-05
367.608	-0.000104324
367.776	-0.000264513
367.943	-0.000430988
368.111	-0.000605067
368.278	-0.000787197
368.446	-0.000976418
368.614	-0.00116961
368.781	-0.00136065
368.949	-0.00153976
369.116	-0.00169372
369.284	-0.00180756
369.451	-0.00186794
369.619	-0.00186724
369.786	-0.00180634
369.954	-0.00169438
370.122	-0.00154563
370.289	-0.0013753
370.457	-0.00119619
370.624	-0.00101715
370.792	-0.000843081
370.959	-0.00067574
371.127	-0.000514774
371.294	-0.000358578
371.462	-0.000204937
371.629	-5.14296e-05
371.797	0.000104325
371.965	0.000264513
372.132	0.000430988
372.3	0.000605067
372.467	0.000787197
372.635	0.000976418
372.802	0.00116961
372.97	0.00136066
373.137	0.00153976
373.305	0.00169372
373.473	0.00180756
373.64	0.00186794
373.808	0.00186724
373.975	0.00180634
374.143	0.00169438
374.31	0.00154563
374.478	0.0013753
374.645	0.00119619
374.813	0.00101715
374.98	0.000843081
375.148	0.00067574
375.316	0.000514774
375.483	0.000358578
375.651	0.000204937
375.818	5.14296e-05
375.986	-0.000104324
376.153	-0.000264513
376.321	-0.000430988
376.488	-0.000605067
376.656	-0.000787197
376.824	-0.000976418
376.991	-0.00116961
377.159	-0.00136065
377.326	-0.00153976
377.494	-0.00169372
377.661	-0.00180756
377.829	-0.00186794
377.996	-0.00186724
378.164	-0.00180634
378.332	-0.00169438
378.499	-0.00154563
378.667	-0.0013753
378.834	-0.00119619
379.002	-0.00101715
379.169	-0.000843081
379.337	-0.00067574
379.504	-0.000514774
379.672	-0.000358578
379.839	-0.000204937
380.007	-5.14296e-05
380.175	0.000104325
380.342	0.000264513
380.51	0.000430988
380.677	0.000605067
380.845	0.000787197
381.012	0.000976418
381.18	0.00116961
381.347	0.00136066
381.515	0.00153976
381.683	0.00169372
381.85	0.00180756
382.018	0.00186794
382.185	0.00186724
382.353	0.00180634
382.52	0.00169438
382.688	0.00154563
382.855	0.0013753
383.023	0.00119619
383.191	0.00101715
383.358	0.000843081
383.526	0.00067574
383.693	0.000514774
383.861	0.000358578
384.028	0.000204937
384.196	5.14296e-05
384.363	-0.000104324
384.531	-0.000264513
384.698	-0.000430988
384.866	-0.000605067
385.034	-0.000787197
385.201	-0.000976418
385.369	-0.00116961
385.536	-0.00136065
385.704	-0.00153976
385.871	-0.00169372
386.039	-0.00180756
386.206	-0.00186794
386.374	-0.00186724
386.542	-0.00180634
386.709	-0.00169438
386.877	-0.00154563
387.044	-0.0013753
387.212	-0.00119619
387.379	-0.00101715
387.547	-0.000843081
387.714	-0.00067574
387.882	-0.000514774
388.05	-0.000358578
388.217	-0.000204937
388.385	-5.14296e-05
388.552	0.000104324
388.72	0.000264513
388.887	0.000430988
389.055	0.000605067
389.222	0.000787197
389.39	0.000976418
389.557	0.00116961
389.725	0.00136066
389.893	0.00153976
390.06	0.00169372
390.228	0.00180756
390.395	0.00186794
390.563	0.00186724
390.73	0.00180634
390.898	0.00169438
391.065	0.00154563
391.233	0.0013753
391.401	0.00119619
391.568	0.00101715
391.736	0.000843081
391.903	0.00067574
392.071	0.000514774
392.238	0.000358578
392.406	0.000204937
392.573	5.14296e-05
392.741	-0.000104324
392.909	-0.000264513
393.076	-0.000430988
393.244	-0.000605067
393.411	-0.000787197
393.579	-0.000976418
393.746	-0.00116961
393.914	-0.00136065
394.081	-0.00153976
394.249	-0.00169372
394.416	-0.00180756
394.584	-0.00186794
394.752	-0.00186724
394.919	-0.00180634
395.087	-0.00169438
395.254	-0.00154563
395.422	-0.0013753
395.589	-0.00119619
395.757	-0.00101715
395.924	-0.000843081
396.092	-0.00067574
396.26	-0.000514774
396.427	-0.000358578
396.595	-0.000204937
396.762	-5.14296e-05
396.93	0.000104324
397.097	0.000264513
397.265	0.000430988
397.432	0.000605067
397.6	0.000787197
397.768	0.000976418
397.935	0.00116961
398.103	0.00136066
398.27	0.00153976
398.438	0.00169372
398.605	0.00180756
398.773	0.00186794
398.94	0.00186724
399.108	0.00180634
399.275	0.00169438
399.443	0.00154563
399.611	0.0013753
399.778	0.00119619
399.946	0.00101715
400.113	0.000843081
400.281	0.00067574
400.448	0.000514774
400.616	0.000358578
400.783	0.000204937
400.951	5.14296e-05
401.119	-0.000104324
401.286	-0.000264513
401.454	-0.000430988
401.621	-0.000605067
401.789	-0.000787197
401.956	-0.000976418
402.124	-0.00116961
402.291	-0.00136065
402.459	-0.00153976
402.627	-0.00169372
402.794	-0.00180756
402.962	-0.00186794
403.129	-0.00186724
403.297	-0.00180634
403.464	-0.00169438
403.632	-0.00154563
403.799	-0.0013753
403.967	-0.00119619
404.134	-0.00101715
404.302	-0.000843081
404.47	-0.00067574
404.637	-0.000514774
404.805	-0.000358578
404.972	-0.000204937
405.14	-5.14296e-05
405.307	0.000104324
405.475	0.000264513
405.642	0.000430988
405.81	0.000605067
405.978	0.000787197
406.145	0.000976418
406.313	0.00116961
406.48	0.00136065
406.648	0.00153976
406.815	0.00169372
406.983	0.00180756
407.15	0.00186794
407.318	0.00186724
407.486	0.00180634
407.653	0.00169438
407.821	0.00154563
407.988	0.0013753
408.156	0.00119619
408.323	0.00101715
408.491	0.000843081
408.658	0.00067574
408.826	0.000514774
408.993	0.000358578
409.161	0.000204937
409.329	5.14296e-05
409.496	-0.000104324
409.664	-0.000264513
409.831	-0.000430988
409.999	-0.000605067
410.166	-0.000787197
410.334	-0.000976418
410.501	-0.00116961
410.669	-0.00136065
410.837	-0.00153976
411.004	-0.00169372
411.172	-0.00180756
411.339	-0.00186794
411.507	-0.00186724
411.674	-0.00180634
411.842	-0.00169438
412.009	-0.00154563
412.177	-0.0013753
412.345	-0.00119619
412.512	-0.00101715
412.68	-0.000843081
412.847	-0.00067574
413.015	-0.000514774
413.182	-0.000358578
413.35	-0.000204937
413.517	-5.14296e-05
413.685	0.000104324
413.852	0.000264513
414.02	0.000430988
414.188	0.000605067
414.355	0.000787197
414.523	0.000976418
414.69	0.00116961
414.858	0.00136065
415.025	0.00153976
415.193	0.00169372
415.36	0.00180756
415.528	0.00186794
415.696	0.00186724
415.863	0.00180634
416.031	0.00169438
416.198	0.00154563
416.366	0.0013753
416.533	0.00119619
416.701	0.00101715
416.868	0.000843081
417.036	0.00067574
417.204	0.000514774
417.371	0.000358578
417.539	0.000204937
417.706	5.14296e-05
417.874	-0.000104324
418.041	-0.000264513
418.209	-0.000430988
418.376	-0.000605067
418.544	-0.000787197
418.711	-0.000976418
418.879	-0.00116961
419.047	-0.00136065
419.214	-0.00153976
419.382	-0.00169372
419.549	-0.00180756
419.717	-0.00186794
419.884	-0.00186724
420.052	-0.00180634
420.219	-0.00169438
420.387	-0.00154563
420.555	-0.0013753
420.722	-0.00119619
420.89	-0.00101715
421.057	-0.000843081
421.225	-0.00067574
421.392	-0.000514774
421.56	-0.000358578
421.727	-0.000204937
421.895	-5.14296e-05
422.063	0.000104324
422.23	0.000264513
422.398	0.000430988
422.565	0.000605067
422.733	0.000787197
422.9	0.000976418
423.068	0.00116961
423.235	0.00136065
423.403	0.00153976
423.57	0.00169372
423.738	0.00180756
423.906	0.00186794
424.073	0.00186724
424.241	0.00180634
424.408	0.00169438
424.576	0.00154563
424.743	0.0013753
424.911	0.00119619
425.078	0.00101715
425.246	0.000843081
425.414	0.00067574
425.581	0.000514774
425.749	0.000358578
425.916	0.000204937
426.084	5.14296e-05
426.251	-0.000104324
426.419	-0.000264513
426.586	-0.000430988
426.754	-0.000605067
426.921	-0.000787197
427.089	-0.000976418
427.257	-0.00116961
427.424	-0.00136065
427.592	-0.00153976
427.759	-0.00169372
427.927	-0.00180756
428.094	-0.00186794
428.262	-0.00186724
428.429	-0.00180634
428.597	-0.00169438
428.765	-0.00154563
428.932	-0.0013753
429.1	-0.00119619
429.267	-0.00101715
429.435	-0.000843081
429.602	-0.00067574
429.77	-0.000514774
429.937	-0.000358578
430.105	-0.000204937
430.273	-5.14296e-05
430.44	0.000104324
430.608	0.000264513
430.775	0.000430988
430.943	0.000605067
431.11	0.000787197
431.278	0.000976418
431.445	0.00116961
431.613	0.00136065
431.78	0.00153976
431.948	0.00169372
432.116	0.00180756
432.283	0.00186794
432.451	0.00186724
432.618	0.00180634
432.786	0.00169438
432.953	0.00154563
433.121	0.0013753
433.288	0.00119619
433.456	0.00101715
433.624	0.000843081
433.791	0.00067574
433.959	0.000514774
434.126	0.000358578
434.294	0.000204937
434.461	5.14296e-05
434.629	-0.000104324
434.796	-0.000264513
434.964	-0.000430988
435.132	-0.000605067
435.299	-0.000787197
435.467	-0.000976418
435.634	-0.00116961
435.802	-0.00136065
435.969	-0.00153976
436.137	-0.00169372
436.304	-0.00180756
436.472	-0.00186794
436.639	-0.00186724
436.807	-0.00180634
436.975	-0.00169438
437.142	-0.00154563
437.31	-0.0013753
437.477	-0.00119619
437.645	-0.00101715
437.812	-0.000843081
437.98	-0.00067574
438.147	-0.000514774
438.315	-0.000358578
438.483	-0.000204937
438.65	-5.14296e-05
438.818	0.000104324
438.985	0.000264513
439.153	0.000430988
439.32	0.000605067
439.488	0.000787197
439.655	0.000976418
439.823	0.00116961
439.991	0.00136065
440.158	0.00153976
440.326	0.00169372
440.493	0.00180756
440.661	0.00186794
440.828	0.00186724
440.996	0.00180634
441.163	0.00169438
441.331	0.00154563
441.498	0.0013753
441.666	0.00119619
441.834	0.00101715
442.001	0.000843081
442.169	0.00067574
442.336	0.000514774
442.504	0.000358578
442.671	0.000204937
442.839	5.14296e-05
443.006	-0.000104324
443.174	-0.000264513
443.342	-0.000430988
443.509	-0.000605067
443.677	-0.000787197
443.844	-0.000976418
444.012	-0.00116961
444.179	-0.00136065
444.347	-0.00153976
444.514	-0.00169372
444.682	-0.00180756
444.85	-0.00186794
445.017	-0.00186724
445.185	-0.00180634
445.352	-0.00169438
445.52	-0.00154563
445.687	-0.0013753
445.855	-0.00119619
446.022	-0.00101715
446.19	-0.000843081
446.357	-0.00067574
446.525	-0.000514774
446.693	-0.000358578
446.86	-0.000204937
447.028	-5.14296e-05
447.195	0.000104324
447.363	0.000264513
447.53	0.000430988
447.698	0.000605067
447.865	0.000787197
448.033	0.000976418
448.201	0.00116961
448.368	0.00136065
448.536	0.00153976
448.703	0.00169372
448.871	0.00180756
449.038	0.00186794
449.206	0.00186724
449.373	0.00180634
449.541	0.00169438
449.709	0.00154563
449.876	0.0013753
450.044	0.00119619
450.211	0.00101715
450.379	0.000843081
450.546	0.00067574
450.714	0.000514774
450.881	0.000358578
451.049	0.000204937
451.216	5.14296e-05
451.384	-0.000104324
451.552	-0.000264513
451.719	-0.000430988
451.887	-0.000605067
452.054	-0.000787197
452.222	-0.000976418
452.389	-0.00116961
452.557	-0.00136065
452.724	-0.00153976
452.892	-0.00169372
453.06	-0.00180756
453.227	-0.00186794
453.395	-0.00186724
453.562	-0.00180634
453.73	-0.00169438
453.897	-0.00154563
454.065	-0.0013753
454.232	-0.00119619
454.4	-0.00101715
454.568	-0.000843081
454.735	-0.00067574
454.903	-0.000514774
455.07	-0.000358578
455.238	-0.000204937
455.405	-5.14296e-05
455.573	0.000104324
455.74	0.000264513
455.908	0.000430988
456.075	0.000605067
456.243	0.000787197
456.411	0.000976418
456.578	0.00116961
456.746	0.00136065
456.913	0.00153976
457.081	0.00169372
457.248	0.00180756
457.416	0.00186794
457.583	0.00186724
457.751	0.00180634
457.919	0.00169438
458.086	0.00154563
458.254	0.0013753
458.421	0.00119619
458.589	0.00101715
458.756	0.000843081
458.924	0.00067574
459.091	0.000514774
459.259	0.000358578
459.427	0.000204937
459.594	5.14296e-05
459.762	-0.000104324
459.929	-0.000264513
460.097	-0.000430988
460.264	-0.000605067
460.432	-0.000787197
460.599	-0.000976418
460.767	-0.00116961
460.934	-0.00136065
461.102	-0.00153976
461.27	-0.00169372
461.437	-0.00180756
461.605	-0.00186794
461.772	-0.00186724
461.94	-0.00180634
462.107	-0.00169438
462.275	-0.00154563
462.442	-0.0013753
462.61	-0.00119619
462.778	-0.00101715
462.945	-0.000843081
463.113	-0.00067574
463.28	-0.000514774
463.448	-0.000358578
463.615	-0.000204937
463.783	-5.14296e-05
463.95	0.000104324
464.118	0.000264513
464.286	0.000430988
464.453	0.000605067
464.621	0.000787197
464.788	0.000976418
464.956	0.00116961
465.123	0.00136065
465.291	0.00153976
465.458	0.00169372
465.626	0.00180756
465.793	0.00186794
465.961	0.00186724
466.129	0.00180634
466.296	0.00169438
466.464	0.00154563
466.631	0.0013753
466.799	0.00119619
466.966	0.00101715
467.134	0.000843081
467.301	0.00067574
467.469	0.000514774
467.637	0.000358578
467.804	0.000204937
467.972	5.14296e-05
468.139	-0.000104324
468.307	-0.000264513
468.474	-0.000430988
468.642	-0.000605067
468.809	-0.000787197
468.977	-0.000976418
469.145	-0.00116961
469.312	-0.00136065
469.48	-0.00153976
469.647	-0.00169372
469.815	-0.00180756
469.982	-0.00186794
470.15	-0.00186724
470.317	-0.00180634
470.485	-0.00169438
470.652	-0.00154563
470.82	-0.0013753
470.988	-0.00119619
471.155	-0.00101715
471.323	-0.000843081
471.49	-0.00067574
471.658	-0.000514774
471.825	-0.000358578
471.993	-0.000204937
472.16	-5.14296e-05
472.328	0.000104324
472.496	0.000264513
472.663	0.000430988
472.831	0.000605067
472.998	0.000787197
473.166	0.000976418
473.333	0.00116961
473.501	0.00136065
473.668	0.00153976
473.836	0.00169372
474.003	0.00180756
474.171	0.00186794
474.339	0.00186724
474.506	0.00180634
474.674	0.00169438
474.841	0.00154563
475.009	0.0013753
475.176	0.00119619
475.344	0.00101715
475.511	0.000843081
475.679	0.00067574
475.847	0.000514774
476.014	0.000358578
476.182	0.000204937
476.349	5.14296e-05
476.517	-0.000104324
476.684	-0.000264513
476.852	-0.000430988
477.019	-0.000605067
477.187	-0.000787197
477.355	-0.000976418
477.522	-0.00116961
477.69	-0.00136065
477.857	-0.00153976
478.025	-0.00169372
478.192	-0.00180756
478.36	-0.00186794
478.527	-0.00186724
478.695	-0.00180634
478.862	-0.00169438
479.03	-0.00154563
479.198	-0.0013753
479.365	-0.00119619
479.533	-0.00101715
479.7	-0.000843081
479.868	-0.00067574
480.035	-0.000514774
480.203	-0.000358578
480.37	-0.000204937
480.538	-5.14296e-05
480.706	0.000104324
480.873	0.000264513
481.041	0.000430988
481.208	0.000605067
481.376	0.000787197
481.543	0.000976418
481.711	0.00116961
481.878	0.00136065
482.046	0.00153976
482.214	0.00169372
482.381	0.00180756
482.549	0.00186794
482.716	0.00186724
482.884	0.00180634
483.051	0.00169438
483.219	0.00154563
483.386	0.0013753
483.554	0.00119619
483.721	0.00101715
483.889	0.000843081
484.057	0.00067574
484.224	0.000514774
484.392	0.000358578
484.559	0.000204937
484.727	5.14296e-05
484.894	-0.000104324
485.062	-0.000264513
485.229	-0.000430988
485.397	-0.000605067
485.565	-0.000787197
485.732	-0.000976418
485.9	-0.00116961
486.067	-0.00136065
486.235	-0.00153976
486.402	-0.00169372
486.57	-0.00180756
486.737	-0.00186794
486.905	-0.00186724
487.073	-0.00180634
487.24	-0.00169438
487.408	-0.00154563
487.575	-0.0013753
487.743	-0.00119619
487.91	-0.00101715
488.078	-0.000843081
488.245	-0.00067574
488.413	-0.000514774
488.58	-0.000358578
488.748	-0.000204937
488.916	-5.14296e-05
489.083	0.000104324
489.251	0.000264513
489.418	0.000430988
489.586	0.000605067
489.753	0.000787197
489.921	0.000976418
490.088	0.00116961
490.256	0.00136065
490.424	0.00153976
490.591	0.00169372
490.759	0.00180756
490.926	0.00186794
491.094	0.00186724
491.261	0.00180634
491.429	0.00169438
491.596	0.00154563
491.764	0.0013753
491.932	0.00119619
492.099	0.00101715
492.267	0.000843081
492.434	0.00067574
492.602	0.000514774
492.769	0.000358578
492.937	0.000204937
493.104	5.14296e-05
493.272	-0.000104324
493.439	-0.000264513
493.607	-0.000430988
493.775	-0.000605067
493.942	-0.000787197
494.11	-0.000976418
494.277	-0.00116961
494.445	-0.00136065
494.612	-0.00153976
494.78	-0.00169372
494.947	-0.00180756
495.115	-0.00186794
495.283	-0.00186724
495.45	-0.00180634
495.618	-0.00169438
495.785	-0.00154563
495.953	-0.0013753
496.12	-0.00119619
496.288	-0.00101715
496.455	-0.000843081
496.623	-0.00067574
496.791	-0.000514774
496.958	-0.000358578
497.126	-0.000204937
497.293	-5.14296e-05
497.461	0.000104324
497.628	0.000264513
497.796	0.000430988
497.963	0.000605067
498.131	0.000787197
498.298	0.000976418
498.466	0.00116961
498.634	0.00136065
498.801	0.00153976
498.969	0.00169372
499.136	0.00180756
499.304	0.00186794
499.471	0.00186724
499.639	0.00180634
499.806	0.00169438
499.974	0.00154563
