#t	omega	theta
0	0.75	0
0.167552	0.780044	0.128513
0.335103	0.786138	0.260056
0.502655	0.768699	0.390634
0.670206	0.729108	0.51641
0.837758	0.669481	0.633841
1.00531	0.592384	0.73978
1.17286	0.500536	0.831527
1.34041	0.396585	0.906835
1.50796	0.282963	0.963884
1.67552	0.161843	1.00124
1.84307	0.0351895	1.01781
2.01062	-0.0951247	1.01283
2.17817	-0.227168	0.985836
2.34572	-0.358782	0.936725
2.51327	-0.487439	0.865771
2.68083	-0.610155	0.773713
2.84838	-0.723493	0.661829
3.01593	-0.823696	0.532002
3.18348	-0.906957	0.386753
3.35103	-0.969804	0.229219
3.51858	-1.00955	0.0630611
3.68614	-1.02466	-0.107705
3.85369	-1.01503	-0.278921
4.02124	-0.981938	-0.446532
4.18879	-0.927835	-0.606797
4.35634	-0.855913	-0.756457
4.52389	-0.769637	-0.892815
4.69145	-0.672313	-1.01375
4.859	-0.566775	-1.11765
5.02655	-0.455228	-1.20334
5.1941	-0.339225	-1.26995
5.36165	-0.219744	-1.31682
5.5292	-0.0973441	-1.34343
5.69675	0.0276485	-1.3493
5.86431	0.15493	-1.33403
6.03186	0.284004	-1.29728
6.19941	0.413969	-1.23881
6.36696	0.543333	-1.15859
6.53451	0.669853	-1.0569
6.70206	0.790473	-0.934449
6.86962	0.90137	-0.792548
7.03717	0.998175	-0.633184
7.20472	1.07639	-0.459096
7.37227	1.13195	-0.273749
7.53982	1.16186	-0.0812108
7.70737	1.16469	0.114077
7.87493	1.14085	0.307587
8.04248	1.09254	0.495011
8.21003	1.02324	0.672526
8.37758	0.937173	0.836964
8.54513	0.83865	0.985881
8.71268	0.731524	1.11752
8.88024	0.618877	1.23071
9.04779	0.502892	1.32472
9.21534	0.384882	1.39912
9.38289	0.265432	1.45362
9.55044	0.144591	1.48799
9.71799	0.0220905	1.50198
9.88554	-0.102433	1.49528
10.0531	-0.229218	1.46753
10.2206	-0.35816	1.41834
10.3882	-0.4886	1.34742
10.5558	-0.619127	1.25461
10.7233	-0.74742	1.14007
10.8909	-0.870169	1.00445
11.0584	-0.983143	0.84902
11.226	-1.08145	0.675817
11.3935	-1.16001	0.487727
11.5611	-1.21428	0.288452
11.7286	-1.24096	0.0823616
11.8962	-1.23861	-0.125773
12.0637	-1.20796	-0.331117
12.2313	-1.15169	-0.52913
12.3988	-1.07399	-0.715854
12.5664	-0.979701	-0.888101
12.7339	-0.873651	-1.0435
12.9015	-0.760033	-1.18044
13.069	-0.642085	-1.29795
13.2366	-0.52199	-1.39549
13.4041	-0.400945	-1.47282
13.5717	-0.279345	-1.52982
13.7392	-0.157	-1.56639
13.9068	-0.0333817	-1.58236
14.0743	0.0921503	-1.57747
14.2419	0.22012	-1.55134
14.4094	0.350712	-1.50356
14.577	0.483556	-1.43369
14.7445	0.617505	-1.34145
14.9121	0.750452	-1.22682
15.0796	0.879202	-1.0902
15.2472	0.999482	-0.932663
15.4147	1.10615	-0.756033
15.5823	1.19367	-0.563058
15.7499	1.25682	-0.357394
15.9174	1.29152	-0.143487
16.085	1.29564	0.073686
16.2525	1.26939	0.288985
16.4201	1.21529	0.497504
16.5876	1.13765	0.694917
16.7552	1.04169	0.877711
16.9227	0.932779	1.04327
17.0903	0.815632	1.18983
17.2578	0.693957	1.31634
17.4254	0.570284	1.42227
17.5929	0.446029	1.50741
17.7605	0.321683	1.57173
17.928	0.197057	1.61519
18.0956	0.0715317	1.63771
18.2631	-0.0556901	1.63907
18.4307	-0.185351	1.61892
18.5982	-0.31791	1.5768
18.7658	-0.453315	1.51222
18.9333	-0.590771	1.42477
19.1009	-0.728518	1.31423
19.2684	-0.863664	1.18079
19.436	-0.992108	1.02519
19.6035	-1.10867	0.84899
19.7711	-1.20749	0.654661
19.9386	-1.2827	0.445675
20.1062	-1.32934	0.226423
20.2737	-1.34429	0.00198316
20.4413	-1.32687	-0.222239
20.6088	-1.27903	-0.440951
20.7764	-1.20492	-0.649377
20.944	-1.10999	-0.843559
21.1115	-1.00008	-1.0205
21.2791	-0.880535	-1.17815
21.4466	-0.755673	-1.31528
21.6142	-0.628533	-1.43126
21.7817	-0.500908	-1.52587
21.9493	-0.373524	-1.59913
22.1168	-0.246297	-1.65105
22.2844	-0.118604	-1.68164
22.4519	0.0104478	-1.69072
22.6195	0.141777	-1.67801
22.787	0.276093	-1.64304
22.9546	0.41366	-1.5853
23.1221	0.554054	-1.50427
23.2897	0.695927	-1.39955
23.4572	0.83678	-1.27111
23.6248	0.972831	-1.11941
23.7923	1.09904	-0.945663
23.9599	1.20938	-0.752007
24.1274	1.29749	-0.541638
24.295	1.35755	-0.318783
24.4625	1.38534	-0.0885248
24.6301	1.37911	0.143544
24.7976	1.33996	0.371776
24.9652	1.27158	0.590932
25.1327	1.17948	0.79656
25.3003	1.06991	0.985205
25.4678	0.948822	1.15445
25.6354	0.821224	1.3028
25.8029	0.690766	1.42949
25.9705	0.559726	1.53425
26.1381	0.429159	1.61708
26.3056	0.299165	1.67809
26.4732	0.169183	1.71733
26.6407	0.0382754	1.73473
26.8083	-0.0946128	1.73005
26.9758	-0.230407	1.70287
27.1434	-0.369664	1.65264
27.3109	-0.512328	1.5788
27.4785	-0.65747	1.48082
27.646	-0.803043	1.35845
27.8136	-0.945674	1.21188
27.9811	-1.0806	1.04198
28.1487	-1.20184	0.850529
28.3162	-1.30268	0.640379
28.4838	-1.37658	0.415503
28.6513	-1.41825	0.180885
28.8189	-1.42473	-0.0577868
28.9864	-1.39605	-0.294577
29.154	-1.33523	-0.523808
29.3215	-1.24757	-0.740515
29.4891	-1.1396	-0.940739
29.6566	-1.01786	-1.12163
29.8242	-0.88806	-1.28138
29.9917	-0.75453	-1.41902
30.1593	-0.620117	-1.53418
30.3268	-0.486289	-1.62686
30.4944	-0.353404	-1.69719
30.6619	-0.221021	-1.74531
30.8295	-0.0882082	-1.77123
30.997	0.046181	-1.77478
31.1646	0.183249	-1.75561
31.3322	0.323811	-1.71318
31.4997	0.468147	-1.64688
31.6673	0.61574	-1.55612
31.8348	0.765001	-1.44045
32.0024	0.913026	-1.29983
32.1699	1.05544	-1.1348
32.3375	1.18644	-0.946784
32.505	1.29921	-0.738242
32.6726	1.38662	-0.512834
32.8401	1.44243	-0.275351
33.0077	1.46246	-0.0314755
33.1752	1.44554	0.212654
33.3428	1.39377	0.450978
33.5103	1.31203	0.678033
33.6779	1.20694	0.889339
33.8454	1.08551	1.08157
34.013	0.954153	1.25254
34.1805	0.817919	1.40104
34.3481	0.680282	1.52656
34.5156	0.543195	1.62904
34.6832	0.407337	1.70865
34.8507	0.272447	1.76559
35.0183	0.137646	1.79996
35.1858	0.00174377	1.81166
35.3534	-0.136496	1.80041
35.5209	-0.278104	1.76573
35.6885	-0.423656	1.70699
35.856	-0.573006	1.62355
36.0236	-0.725009	1.51483
36.1911	-0.877236	1.38058
36.3587	-1.02576	1.22107
36.5263	-1.1651	1.03735
36.6938	-1.28846	0.831529
36.8614	-1.38839	0.606894
37.0289	-1.45785	0.367979
37.1965	-1.49153	0.120367
37.364	-1.487	-0.129697
37.5316	-1.4453	-0.37585
37.6991	-1.37067	-0.612178
37.8667	-1.26959	-0.833686
38.0342	-1.14947	-1.03656
38.2018	-1.01729	-1.2182
38.3693	-0.878844	-1.37711
38.5369	-0.738266	-1.51259
38.7044	-0.598035	-1.62453
38.872	-0.45921	-1.71308
39.0395	-0.321753	-1.77849
39.2071	-0.18489	-1.82093
39.3746	-0.047426	-1.84041
39.5422	0.0919649	-1.83672
39.7097	0.234481	-1.80942
39.8773	0.380943	-1.75792
40.0448	0.531527	-1.68153
40.2124	0.685485	-1.57961
40.3799	0.84084	-1.45174
40.5475	0.994122	-1.29796
40.715	1.14023	-1.11901
40.8826	1.27255	-0.916629
41.0501	1.38347	-0.693765
41.2177	1.46539	-0.454646
41.3852	1.51201	-0.204686
41.5528	1.51972	0.0498533
41.7204	1.48842	0.302392
41.8879	1.42159	0.546639
42.0555	1.3254	0.777128
42.223	1.20741	0.989566
42.3906	1.07516	1.18094
42.5581	0.935085	1.34942
42.7257	0.791972	1.49412
42.8932	0.648854	1.61482
43.0608	0.507191	1.71164
43.2283	0.36721	1.78487
43.3959	0.22827	1.83475
43.5634	0.0892115	1.86136
43.731	-0.0513407	1.86457
43.8985	-0.194708	1.844
44.0661	-0.341903	1.7991
44.2336	-0.493369	1.72919
44.4012	-0.648689	1.63356
44.5687	-0.806284	1.51168
44.7363	-0.963114	1.36341
44.9038	-1.11447	1.18924
45.0714	-1.25399	0.990603
45.2389	-1.37407	0.770107
45.4065	-1.46671	0.531681
45.574	-1.52488	0.280537
45.7416	-1.5439	0.0228827
45.9091	-1.52262	-0.234572
46.0767	-1.46364	-0.485241
46.2442	-1.37273	-0.723255
46.4118	-1.25746	-0.943885
46.5793	-1.12577	-1.14372
46.7469	-0.984643	-1.32061
46.9145	-0.83949	-1.47345
47.082	-0.693864	-1.6019
47.2496	-0.549632	-1.70605
47.4171	-0.407293	-1.78619
47.5847	-0.266363	-1.84262
47.7522	-0.125743	-1.87547
47.9198	0.0159591	-1.88469
48.0873	0.160148	-1.86998
48.2549	0.307982	-1.83082
48.4224	0.460107	-1.76654
48.59	0.616378	-1.6764
48.7575	0.775543	-1.55982
48.9251	0.934928	-1.4165
49.0926	1.09019	-1.24675
49.2602	1.23525	-1.05174
49.4277	1.36257	-0.833805
49.5953	1.46396	-0.596591
49.7628	1.53182	-0.345103
49.9304	1.56065	-0.0854597
50.0979	1.54832	0.175568
50.2655	1.49664	0.431183
50.433	1.41089	0.67519
50.6006	1.29856	0.902491
50.7681	1.16783	1.10932
50.9357	1.02617	1.29323
51.1032	0.879485	1.45291
51.2708	0.731808	1.58789
51.4383	0.585382	1.69822
51.6059	0.440969	1.78417
51.7734	0.298245	1.84608
51.941	0.156185	1.88415
52.1086	0.0133998	1.89838
52.2761	-0.131566	1.88852
52.4437	-0.279972	1.8541
52.6112	-0.43262	1.79446
52.7788	-0.589567	1.70888
52.9463	-0.74982	1.59671
53.1139	-0.911002	1.45756
53.2814	-1.06907	1.2916
53.449	-1.21821	1.09981
53.6165	-1.35102	0.884284
53.7841	-1.45919	0.648455
53.9516	-1.53474	0.397131
54.1192	-1.57155	0.136328
54.2867	-1.5667	-0.127165
54.4543	-1.52131	-0.386408
54.6218	-1.44018	-0.634962
54.7894	-1.33066	-0.86743
54.9569	-1.20107	-1.07975
55.1245	-1.05923	-1.26923
55.292	-0.911467	-1.43438
55.4596	-0.762207	-1.57459
55.6271	-0.614016	-1.68986
55.7947	-0.467888	-1.78046
55.9622	-0.323647	-1.84675
56.1298	-0.180342	-1.88897
56.2973	-0.0366025	-1.90716
56.4649	0.109058	-1.90113
56.6324	0.257968	-1.87044
56.8	0.411039	-1.81445
56.9675	0.56848	-1.73245
57.1351	0.729486	-1.62375
57.3027	0.891908	-1.48791
57.4702	1.05195	-1.325
57.6378	1.204	-1.13585
57.8053	1.34078	-0.922385
57.9729	1.45397	-0.687863
58.1404	1.53534	-0.436934
58.308	1.57828	-0.175518
58.4755	1.57932	0.0896036
58.6431	1.53898	0.351397
58.8106	1.46166	0.60325
58.9782	1.35457	0.83954
59.1457	1.22609	1.05598
59.3133	1.08429	1.24967
59.4808	0.935803	1.41895
59.6484	0.785382	1.56315
59.8159	0.635846	1.68219
59.9835	0.488381	1.77634
60.151	0.342935	1.84596
60.3186	0.198623	1.89133
60.4861	0.0540967	1.91251
60.6537	-0.0921449	1.90936
60.8212	-0.241478	1.88146
60.9888	-0.394888	1.82821
61.1563	-0.552691	1.74888
61.3239	-0.714218	1.64279
61.4914	-0.877484	1.50945
61.659	-1.03887	1.34884
61.8265	-1.19294	1.16172
61.9941	-1.33251	0.949893
62.1616	-1.44928	0.716468
62.3292	-1.53483	0.465982
62.4967	-1.58227	0.204276
62.6643	-1.58768	-0.0618857
62.8319	-1.55116	-0.325411
62.9994	-1.4768	-0.579566
63.167	-1.37163	-0.818568
63.3345	-1.2441	-1.03796
63.5021	-1.10243	-1.23468
63.6696	-0.953491	-1.40698
63.8372	-0.802255	-1.55408
64.0047	-0.651744	-1.67586
64.1723	-0.50329	-1.7726
64.3398	-0.356938	-1.84464
64.5074	-0.211859	-1.89228
64.6749	-0.0667243	-1.91563
64.8425	0.0799738	-1.91455
65.01	0.229641	-1.88866
65.1776	0.383314	-1.83737
65.3451	0.541379	-1.75997
65.5127	0.703264	-1.65574
65.6802	0.867097	-1.52419
65.8478	1.02939	-1.36525
66.0153	1.18481	-1.17962
66.1829	1.32629	-0.968997
66.3504	1.44551	-0.736416
66.518	1.53397	-0.486323
66.6855	1.58456	-0.224497
66.8531	1.59308	0.042312
67.0206	1.55931	0.306979
67.1882	1.4871	0.562689
67.3557	1.38337	0.803548
67.5233	1.25658	1.02497
67.6908	1.11506	1.22381
67.8584	0.965835	1.39821
68.026	0.814048	1.54733
68.1935	0.662858	1.67103
68.3611	0.513706	1.76957
68.5286	0.366706	1.8433
68.6962	0.221072	1.89253
68.8637	0.0754923	1.91739
69.0313	-0.0715439	1.91775
69.1988	-0.221461	1.89325
69.3664	-0.375327	1.84331
69.5339	-0.533579	1.76723
69.7015	-0.695706	1.66429
69.869	-0.859913	1.53398
70.0366	-1.0228	1.3762
70.2041	-1.17912	1.1916
70.3717	-1.32186	0.981831
70.5392	-1.44272	0.74986
70.7068	-1.53314	0.500074
70.8743	-1.58586	0.238211
71.0419	-1.5965	-0.0289955
71.2094	-1.56462	-0.294399
71.377	-1.49391	-0.551131
71.5445	-1.3912	-0.793223
71.7121	-1.26495	-1.01601
71.8796	-1.12355	-1.21627
72.0472	-0.974158	-1.39207
72.2147	-0.822008	-1.54256
72.3823	-0.670362	-1.66756
72.5498	-0.520734	-1.76732
72.7174	-0.37329	-1.84219
72.8849	-0.227272	-1.89249
73.0525	-0.0813807	-1.91835
73.2201	0.0658939	-1.91968
73.3876	0.215988	-1.89611
73.5552	0.369992	-1.84708
73.7227	0.528372	-1.77188
73.8903	0.690659	-1.6698
74.0578	0.855111	-1.54032
74.2254	1.01838	-1.38332
74.3929	1.17528	-1.19941
74.5605	1.31884	-0.990219
74.728	1.44076	-0.758668
74.8956	1.53247	-0.509105
75.0631	1.5866	-0.247238
75.2307	1.59863	0.0202104
75.3982	1.56802	0.28608
75.5658	1.49831	0.543468
75.7333	1.39629	0.786359
75.9009	1.2704	1.01004
76.0684	1.12911	1.21122
76.236	0.979611	1.38795
76.4035	0.827227	1.53933
76.5711	0.675283	1.66518
76.7386	0.525341	1.76573
76.9062	0.377602	1.84135
77.0737	0.231327	1.89235
77.2413	0.085227	1.91888
77.4088	-0.0622091	1.92084
77.5764	-0.212424	1.89788
77.7439	-0.366521	1.84944
77.9115	-0.524987	1.77481
78.079	-0.687379	1.67329
78.2466	-0.851987	1.54434
78.4142	-1.0155	1.38784
78.5817	-1.17277	1.20439
78.7493	-1.31685	0.99558
78.9168	-1.43945	0.764307
79.0844	-1.53198	0.514897
79.2519	-1.58701	0.253036
79.4195	-1.59995	-0.0145571
79.587	-1.57015	-0.280717
79.7546	-1.50109	-0.53852
79.9221	-1.39952	-0.781918
80.0897	-1.27389	-1.00616
80.2572	-1.13266	-1.20793
80.4248	-0.9831	-1.38526
80.5923	-0.83057	-1.53721
80.7599	-0.678435	-1.66361
80.9274	-0.528291	-1.76467
81.095	-0.380361	-1.84077
81.2625	-0.23392	-1.89222
81.4301	-0.0876833	-1.91917
81.5976	0.0598588	-1.92153
81.7652	0.210153	-1.89895
81.9327	0.364312	-1.85089
82.1003	0.522834	-1.77662
82.2678	0.685293	-1.67546
82.4354	0.849999	-1.54685
82.6029	1.01366	-1.39068
82.7705	1.17116	-1.20751
82.938	1.31557	-0.998945
83.1056	1.4386	-0.767853
83.2731	1.53164	-0.518542
83.4407	1.58724	-0.256691
83.6083	1.60076	0.0109902
83.7758	1.57147	0.27733
83.9434	1.50283	0.53539
84.1109	1.40154	0.779105
84.2785	1.27607	1.0037
84.446	1.13489	1.20585
84.6136	0.985293	1.38354
84.7811	0.832671	1.53586
84.9487	0.680417	1.6626
85.1162	0.530146	1.76398
85.2838	0.382095	1.84037
85.4513	0.235548	1.8921
85.6189	0.089224	1.91932
85.7864	-0.0583858	1.92193
85.954	-0.208731	1.8996
86.1215	-0.36293	1.85177
86.2891	-0.521488	1.77774
86.4566	-0.683989	1.67679
86.6242	-0.848755	1.5484
86.7917	-1.01251	1.39243
86.9593	-1.17016	1.20944
87.1268	-1.31477	1.00103
87.2944	-1.43806	0.770049
87.4619	-1.53142	0.520803
87.6295	-1.58738	0.258959
87.797	-1.60124	-0.00877406
87.9646	-1.57228	-0.275223
88.1321	-1.5039	-0.533442
88.2997	-1.40279	-0.777353
88.4672	-1.27742	-1.00217
88.6348	-1.13627	-1.20454
88.8024	-0.986652	-1.38247
88.9699	-0.833973	-1.535
89.1375	-0.681645	-1.66196
89.305	-0.531295	-1.76354
89.4726	-0.383169	-1.84012
89.6401	-0.236555	-1.89203
89.8077	-0.0901771	-1.9194
89.9752	0.0574753	-1.92217
90.1428	0.207853	-1.89999
90.3103	0.362076	-1.8523
90.4779	0.520657	-1.77841
90.6454	0.683184	-1.67761
90.813	0.847988	-1.54935
90.9805	1.0118	-1.3935
91.1481	1.16954	-1.21062
91.3156	1.31427	-1.0023
91.4832	1.43773	-0.771396
91.6507	1.53128	-0.52219
91.8183	1.58745	-0.260351
91.9858	1.60154	0.00741339
92.1534	1.57277	0.273929
92.3209	1.50455	0.532245
92.4885	1.40356	0.776274
92.656	1.27824	1.00122
92.8236	1.13712	1.20374
92.9911	0.987484	1.3818
93.1587	0.834771	1.53448
93.3262	0.682397	1.66156
93.4938	0.531998	1.76326
93.6613	0.383826	1.83996
93.8289	0.237172	1.89197
93.9965	0.0907603	1.91945
94.164	-0.0569184	1.92231
94.3316	-0.207316	1.90023
94.4991	-0.361555	1.85263
94.6667	-0.520149	1.77882
94.8342	-0.682692	1.6781
95.0018	-0.84752	1.54992
95.1693	-1.01137	1.39414
95.3369	-1.16916	1.21134
95.5044	-1.31396	1.00308
95.672	-1.43752	0.772214
95.8395	-1.53119	0.523033
96.0071	-1.5875	0.261198
96.1746	-1.60172	-0.00658546
96.3422	-1.57307	-0.273141
96.5097	-1.50494	-0.531515
96.6773	-1.40402	-0.775617
96.8448	-1.27875	-1.00065
97.0124	-1.13763	-1.20325
97.1799	-0.987989	-1.3814
97.3475	-0.835255	-1.53416
97.515	-0.682854	-1.66132
97.6826	-0.532426	-1.7631
97.8501	-0.384225	-1.83986
98.0177	-0.237547	-1.89194
98.1852	-0.0911143	-1.91948
98.3528	0.0565805	-1.9224
98.5203	0.20699	-1.90036
98.6879	0.361239	-1.85282
98.8554	0.519841	-1.77907
99.023	0.682394	-1.6784
99.1906	0.847236	-1.55026
99.3581	1.01111	-1.39454
99.5257	1.16892	-1.21177
99.6932	1.31378	-1.00355
99.8608	1.43739	-0.772707
100.028	1.53114	-0.523542
100.196	1.58753	-0.261709
100.363	1.60182	0.00608509
100.531	1.57325	0.272665
100.699	1.50518	0.531074
100.866	1.4043	0.77522
101.034	1.27905	1.0003
101.201	1.13794	1.20295
101.369	0.988294	1.38115
101.536	0.835548	1.53396
101.704	0.68313	1.66117
101.871	0.532684	1.76299
102.039	0.384466	1.8398
102.206	0.237772	1.89191
102.374	0.0913278	1.91949
102.542	-0.0563768	1.92245
102.709	-0.206794	1.90045
102.877	-0.361048	1.85294
103.044	-0.519656	1.77921
103.212	-0.682215	1.67857
103.379	-0.847065	1.55047
103.547	-1.01095	1.39477
103.714	-1.16879	1.21203
103.882	-1.31367	1.00383
104.05	-1.43732	0.773004
104.217	-1.53111	0.523848
104.385	-1.58754	0.262017
104.552	-1.60189	-0.00578422
104.72	-1.57336	-0.272378
104.887	-1.50532	-0.530809
105.055	-1.40447	-0.774981
105.222	-1.27923	-1.00009
105.39	-1.13813	-1.20277
105.558	-0.988477	-1.38101
105.725	-0.835724	-1.53384
105.893	-0.683296	-1.66108
106.06	-0.532839	-1.76293
106.228	-0.384611	-1.83976
106.395	-0.237908	-1.8919
106.563	-0.091456	-1.9195
106.73	0.0562545	-1.92248
106.898	0.206676	-1.9005
107.065	0.360934	-1.853
107.233	0.519545	-1.7793
107.401	0.682107	-1.67868
107.568	0.846962	-1.5506
107.736	1.01086	-1.39491
107.903	1.1687	-1.21219
108.071	1.3136	-1.004
108.238	1.43727	-0.773182
108.406	1.53109	-0.524031
108.573	1.58755	-0.262201
108.741	1.60192	0.00560397
108.909	1.57342	0.272206
109.076	1.50541	0.53065
109.244	1.40457	0.774837
109.411	1.27934	0.999963
109.579	1.13824	1.20266
109.746	0.988587	1.38092
109.914	0.835829	1.53377
110.081	0.683395	1.66103
110.249	0.532932	1.76289
110.417	0.384698	1.83974
110.584	0.237989	1.89189
110.752	0.0915327	1.91951
110.919	-0.0561813	1.9225
111.087	-0.206606	1.90053
111.254	-0.360865	1.85305
111.422	-0.519478	1.77936
111.589	-0.682043	1.67874
111.757	-0.8469	1.55067
111.924	-1.0108	1.395
112.092	-1.16865	1.21228
112.26	-1.31356	1.0041
112.427	-1.43725	0.773288
112.595	-1.53108	0.52414
112.762	-1.58755	0.262311
112.93	-1.60195	-0.0054963
113.097	-1.57346	-0.272104
113.265	-1.50546	-0.530555
113.432	-1.40463	-0.774752
113.6	-1.2794	-0.999888
113.768	-1.1383	-1.2026
113.935	-0.988652	-1.38086
114.103	-0.835892	-1.53373
114.27	-0.683454	-1.66099
114.438	-0.532987	-1.76287
114.605	-0.38475	-1.83973
114.773	-0.238038	-1.89189
114.94	-0.0915785	-1.91951
115.108	0.0561376	-1.92251
115.276	0.206563	-1.90054
115.443	0.360825	-1.85307
115.611	0.519438	-1.77939
115.778	0.682004	-1.67878
115.946	0.846864	-1.55071
116.113	1.01076	-1.39505
116.281	1.16862	-1.21234
116.448	1.31354	-1.00416
116.616	1.43723	-0.773351
116.783	1.53107	-0.524206
116.951	1.58756	-0.262377
117.119	1.60196	0.0054321
117.286	1.57348	0.272043
117.454	1.50549	0.530498
117.621	1.40466	0.7747
117.789	1.27944	0.999843
117.956	1.13834	1.20256
118.124	0.988691	1.38083
118.291	0.835929	1.53371
118.459	0.683489	1.66098
118.627	0.53302	1.76286
118.794	0.38478	1.83972
118.962	0.238067	1.89188
119.129	0.0916058	1.91951
119.297	-0.0561115	1.92251
119.464	-0.206538	1.90055
119.632	-0.3608	1.85308
119.799	-0.519415	1.7794
119.967	-0.681981	1.6788
120.135	-0.846842	1.55074
120.302	-1.01074	1.39507
120.47	-1.1686	1.21237
120.637	-1.31352	1.00419
120.805	-1.43722	0.773389
120.972	-1.53106	0.524244
121.14	-1.58756	0.262416
121.307	-1.60197	-0.00539388
121.475	-1.5735	-0.272006
121.642	-1.50551	-0.530464
121.81	-1.40469	-0.77467
121.978	-1.27947	-0.999816
122.145	-1.13837	-1.20254
122.313	-0.988715	-1.38081
122.48	-0.835951	-1.53369
122.648	-0.68351	-1.66096
122.815	-0.53304	-1.76285
122.983	-0.384799	-1.83971
123.15	-0.238084	-1.89188
123.318	-0.0916221	-1.91951
123.486	0.0560961	-1.92252
123.653	0.206523	-1.90056
123.821	0.360786	-1.85309
123.988	0.519401	-1.77942
124.156	0.681968	-1.67882
124.323	0.846829	-1.55076
124.491	1.01073	-1.39509
124.658	1.16859	-1.21239
124.826	1.31351	-1.00421
124.993	1.43721	-0.773411
125.161	1.53106	-0.524267
125.329	1.58756	-0.262439
125.496	1.60197	0.00537115
125.664	1.5735	0.271985
125.831	1.50552	0.530444
125.999	1.4047	0.774652
126.166	1.27948	0.999801
126.334	1.13838	1.20253
126.501	0.988728	1.3808
126.669	0.835965	1.53368
126.837	0.683523	1.66096
127.004	0.533052	1.76284
127.172	0.38481	1.83971
127.339	0.238094	1.89188
127.507	0.0916317	1.91951
127.674	-0.0560868	1.92252
127.842	-0.206515	1.90056
128.009	-0.360777	1.8531
128.177	-0.519392	1.77942
128.345	-0.68196	1.67883
128.512	-0.846821	1.55076
128.68	-1.01073	1.3951
128.847	-1.16859	1.2124
129.015	-1.31351	1.00423
129.182	-1.43721	0.773425
129.35	-1.53106	0.524281
129.517	-1.58756	0.262453
129.685	-1.60198	-0.00535764
129.852	-1.57351	-0.271972
130.02	-1.50553	-0.530432
130.188	-1.40471	-0.774641
130.355	-1.27949	-0.999791
130.523	-1.13839	-1.20252
130.69	-0.988737	-1.38079
130.858	-0.835973	-1.53368
131.025	-0.68353	-1.66095
131.193	-0.533058	-1.76284
131.36	-0.384816	-1.83971
131.528	-0.2381	-1.89188
131.696	-0.0916375	-1.91951
131.863	0.0560814	-1.92252
132.031	0.206509	-1.90057
132.198	0.360772	-1.8531
132.366	0.519387	-1.77943
132.533	0.681955	-1.67883
132.701	0.846817	-1.55077
132.868	1.01072	-1.39511
133.036	1.16858	-1.21241
133.204	1.3135	-1.00423
133.371	1.43721	-0.773433
133.539	1.53106	-0.524289
133.706	1.58756	-0.262461
133.874	1.60198	0.00534962
134.041	1.57351	0.271964
134.209	1.50553	0.530425
134.376	1.40471	0.774635
134.544	1.27949	0.999786
134.711	1.13839	1.20251
134.879	0.988742	1.38079
135.047	0.835977	1.53367
135.214	0.683535	1.66095
135.382	0.533063	1.76284
135.549	0.38482	1.83971
135.717	0.238104	1.89188
135.884	0.0916409	1.91951
136.052	-0.0560781	1.92252
136.219	-0.206506	1.90057
136.387	-0.360769	1.8531
136.555	-0.519384	1.77943
136.722	-0.681952	1.67883
136.89	-0.846814	1.55077
137.057	-1.01072	1.39511
137.225	-1.16858	1.21241
137.392	-1.3135	1.00424
137.56	-1.43721	0.773437
137.727	-1.53106	0.524294
137.895	-1.58756	0.262466
138.063	-1.60198	-0.00534485
138.23	-1.57351	-0.27196
138.398	-1.50553	-0.530421
138.565	-1.40471	-0.774631
138.733	-1.27949	-0.999782
138.9	-1.1384	-1.20251
139.068	-0.988744	-1.38079
139.235	-0.83598	-1.53367
139.403	-0.683537	-1.66095
139.57	-0.533065	-1.76284
139.738	-0.384822	-1.83971
139.906	-0.238106	-1.89188
140.073	-0.0916429	-1.91951
140.241	0.0560762	-1.92252
140.408	0.206504	-1.90057
140.576	0.360767	-1.8531
140.743	0.519383	-1.77943
140.911	0.68195	-1.67883
141.078	0.846812	-1.55078
141.246	1.01072	-1.39512
141.414	1.16858	-1.21241
141.581	1.3135	-1.00424
141.749	1.43721	-0.77344
141.916	1.53106	-0.524297
142.084	1.58756	-0.262469
142.251	1.60198	0.00534203
142.419	1.57351	0.271957
142.586	1.50553	0.530419
142.754	1.40471	0.774629
142.922	1.2795	0.99978
143.089	1.1384	1.20251
143.257	0.988746	1.38079
143.424	0.835982	1.53367
143.592	0.683539	1.66095
143.759	0.533066	1.76284
143.927	0.384824	1.83971
144.094	0.238107	1.89188
144.262	0.0916441	1.91951
144.429	-0.056075	1.92252
144.597	-0.206503	1.90057
144.765	-0.360766	1.85311
144.932	-0.519382	1.77943
145.1	-0.681949	1.67884
145.267	-0.846811	1.55078
145.435	-1.01072	1.39512
145.602	-1.16858	1.21242
145.77	-1.3135	1.00424
145.937	-1.43721	0.773442
146.105	-1.53106	0.524299
146.273	-1.58756	0.26247
146.44	-1.60198	-0.00534035
146.608	-1.57352	-0.271955
146.775	-1.50553	-0.530417
146.943	-1.40472	-0.774627
147.11	-1.2795	-0.999779
147.278	-1.1384	-1.20251
147.445	-0.988747	-1.38079
147.613	-0.835983	-1.53367
147.781	-0.68354	-1.66095
147.948	-0.533067	-1.76284
148.116	-0.384824	-1.83971
148.283	-0.238108	-1.89188
148.451	-0.0916448	-1.91951
148.618	0.0560744	-1.92252
148.786	0.206503	-1.90057
148.953	0.360765	-1.85311
149.121	0.519381	-1.77943
149.288	0.681949	-1.67884
149.456	0.846811	-1.55078
149.624	1.01072	-1.39512
149.791	1.16858	-1.21242
149.959	1.3135	-1.00424
150.126	1.43721	-0.773443
150.294	1.53106	-0.5243
150.461	1.58756	-0.262471
150.629	1.60198	0.00533935
150.796	1.57352	0.271954
150.964	1.50553	0.530416
151.132	1.40472	0.774627
151.299	1.2795	0.999778
151.467	1.1384	1.20251
151.634	0.988748	1.38079
151.802	0.835983	1.53367
151.969	0.68354	1.66095
152.137	0.533068	1.76284
152.304	0.384825	1.83971
152.472	0.238109	1.89188
152.64	0.0916452	1.91951
152.807	-0.056074	1.92252
152.975	-0.206502	1.90057
153.142	-0.360765	1.85311
153.31	-0.519381	1.77943
153.477	-0.681948	1.67884
153.645	-0.84681	1.55078
153.812	-1.01072	1.39512
153.98	-1.16858	1.21242
154.147	-1.3135	1.00424
154.315	-1.43721	0.773443
154.483	-1.53106	0.5243
154.65	-1.58756	0.262472
154.818	-1.60198	-0.00533876
154.985	-1.57352	-0.271954
155.153	-1.50553	-0.530416
155.32	-1.40472	-0.774626
155.488	-1.2795	-0.999778
155.655	-1.1384	-1.20251
155.823	-0.988748	-1.38079
155.991	-0.835984	-1.53367
156.158	-0.683541	-1.66095
156.326	-0.533068	-1.76284
156.493	-0.384825	-1.83971
156.661	-0.238109	-1.89188
156.828	-0.0916455	-1.91951
156.996	0.0560737	-1.92252
157.163	0.206502	-1.90057
157.331	0.360765	-1.85311
157.499	0.51938	-1.77943
157.666	0.681948	-1.67884
157.834	0.84681	-1.55078
158.001	1.01071	-1.39512
158.169	1.16858	-1.21242
158.336	1.3135	-1.00424
158.504	1.43721	-0.773444
158.671	1.53106	-0.524301
158.839	1.58756	-0.262472
159.006	1.60198	0.00533841
159.174	1.57352	0.271954
159.342	1.50553	0.530415
159.509	1.40472	0.774626
159.677	1.2795	0.999778
159.844	1.1384	1.20251
160.012	0.988748	1.38079
160.179	0.835984	1.53367
160.347	0.683541	1.66095
160.514	0.533068	1.76284
160.682	0.384825	1.83971
160.85	0.238109	1.89188
161.017	0.0916456	1.91951
161.185	-0.0560736	1.92252
161.352	-0.206502	1.90057
161.52	-0.360765	1.85311
161.687	-0.51938	1.77943
161.855	-0.681948	1.67884
162.022	-0.84681	1.55078
162.19	-1.01071	1.39512
162.358	-1.16858	1.21242
162.525	-1.3135	1.00424
162.693	-1.43721	0.773444
162.86	-1.53106	0.524301
163.028	-1.58756	0.262472
163.195	-1.60198	-0.00533821
163.363	-1.57352	-0.271953
163.53	-1.50554	-0.530415
163.698	-1.40472	-0.774626
163.865	-1.2795	-0.999778
164.033	-1.1384	-1.20251
164.201	-0.988748	-1.38079
164.368	-0.835984	-1.53367
164.536	-0.683541	-1.66095
164.703	-0.533068	-1.76284
164.871	-0.384825	-1.83971
165.038	-0.238109	-1.89188
165.206	-0.0916457	-1.91951
165.373	0.0560735	-1.92252
165.541	0.206502	-1.90057
165.709	0.360765	-1.85311
165.876	0.51938	-1.77943
166.044	0.681948	-1.67884
166.211	0.84681	-1.55078
166.379	1.01071	-1.39512
166.546	1.16858	-1.21242
166.714	1.3135	-1.00424
166.881	1.43721	-0.773444
167.049	1.53106	-0.524301
167.217	1.58756	-0.262473
167.384	1.60198	0.00533808
167.552	1.57352	0.271953
167.719	1.50554	0.530415
167.887	1.40472	0.774626
168.054	1.2795	0.999777
168.222	1.1384	1.20251
168.389	0.988749	1.38079
168.557	0.835984	1.53367
168.724	0.683541	1.66095
168.892	0.533069	1.76284
169.06	0.384825	1.83971
169.227	0.238109	1.89188
169.395	0.0916458	1.91951
169.562	-0.0560734	1.92252
169.73	-0.206502	1.90057
169.897	-0.360765	1.85311
170.065	-0.51938	1.77943
170.232	-0.681948	1.67884
170.4	-0.84681	1.55078
170.568	-1.01071	1.39512
170.735	-1.16858	1.21242
170.903	-1.3135	1.00424
171.07	-1.4372	0.773444
171.238	-1.53106	0.524301
171.405	-1.58756	0.262473
171.573	-1.60198	-0.00533801
171.74	-1.57352	-0.271953
171.908	-1.50554	-0.530415
172.076	-1.40472	-0.774626
172.243	-1.2795	-0.999777
172.411	-1.1384	-1.20251
172.578	-0.988749	-1.38079
172.746	-0.835984	-1.53367
172.913	-0.683541	-1.66095
173.081	-0.533069	-1.76284
173.248	-0.384826	-1.83971
173.416	-0.238109	-1.89188
173.583	-0.0916458	-1.91951
173.751	0.0560734	-1.92252
173.919	0.206502	-1.90057
174.086	0.360765	-1.85311
174.254	0.51938	-1.77943
174.421	0.681948	-1.67884
174.589	0.84681	-1.55078
174.756	1.01071	-1.39512
174.924	1.16858	-1.21242
175.091	1.3135	-1.00424
175.259	1.4372	-0.773444
175.427	1.53106	-0.524301
175.594	1.58756	-0.262473
175.762	1.60198	0.00533797
175.929	1.57352	0.271953
176.097	1.50554	0.530415
176.264	1.40472	0.774626
176.432	1.2795	0.999777
176.599	1.1384	1.20251
176.767	0.988749	1.38079
176.934	0.835984	1.53367
177.102	0.683541	1.66095
177.27	0.533069	1.76284
177.437	0.384826	1.83971
177.605	0.238109	1.89188
177.772	0.0916458	1.91951
177.94	-0.0560734	1.92252
178.107	-0.206502	1.90057
178.275	-0.360765	1.85311
178.442	-0.51938	1.77943
178.61	-0.681948	1.67884
178.778	-0.84681	1.55078
178.945	-1.01071	1.39512
179.113	-1.16858	1.21242
179.28	-1.3135	1.00424
179.448	-1.4372	0.773444
179.615	-1.53106	0.524301
179.783	-1.58756	0.262473
179.95	-1.60198	-0.00533794
180.118	-1.57352	-0.271953
180.286	-1.50554	-0.530415
180.453	-1.40472	-0.774626
180.621	-1.2795	-0.999777
180.788	-1.1384	-1.20251
180.956	-0.988749	-1.38079
181.123	-0.835984	-1.53367
181.291	-0.683541	-1.66095
181.458	-0.533069	-1.76284
181.626	-0.384826	-1.83971
181.793	-0.238109	-1.89188
181.961	-0.0916458	-1.91951
182.129	0.0560734	-1.92252
182.296	0.206502	-1.90057
182.464	0.360765	-1.85311
182.631	0.51938	-1.77943
182.799	0.681948	-1.67884
182.966	0.84681	-1.55078
183.134	1.01071	-1.39512
183.301	1.16858	-1.21242
183.469	1.3135	-1.00424
183.637	1.4372	-0.773444
183.804	1.53106	-0.524301
183.972	1.58756	-0.262473
184.139	1.60198	0.00533793
184.307	1.57352	0.271953
184.474	1.50554	0.530415
184.642	1.40472	0.774626
184.809	1.2795	0.999777
184.977	1.1384	1.20251
185.145	0.988749	1.38079
185.312	0.835984	1.53367
185.48	0.683541	1.66095
185.647	0.533069	1.76284
185.815	0.384826	1.83971
185.982	0.238109	1.89188
186.15	0.0916458	1.91951
186.317	-0.0560734	1.92252
186.485	-0.206502	1.90057
186.652	-0.360765	1.85311
186.82	-0.51938	1.77943
186.988	-0.681948	1.67884
187.155	-0.84681	1.55078
187.323	-1.01071	1.39512
187.49	-1.16858	1.21242
187.658	-1.3135	1.00424
187.825	-1.4372	0.773444
187.993	-1.53106	0.524301
188.16	-1.58756	0.262473
188.328	-1.60198	-0.00533792
188.496	-1.57352	-0.271953
188.663	-1.50554	-0.530415
188.831	-1.40472	-0.774626
188.998	-1.2795	-0.999777
189.166	-1.1384	-1.20251
189.333	-0.988749	-1.38079
189.501	-0.835984	-1.53367
189.668	-0.683541	-1.66095
189.836	-0.533069	-1.76284
190.004	-0.384826	-1.83971
190.171	-0.238109	-1.89188
190.339	-0.0916458	-1.91951
190.506	0.0560734	-1.92252
190.674	0.206502	-1.90057
190.841	0.360765	-1.85311
191.009	0.51938	-1.77943
191.176	0.681948	-1.67884
191.344	0.84681	-1.55078
191.511	1.01071	-1.39512
191.679	1.16858	-1.21242
191.847	1.3135	-1.00424
192.014	1.4372	-0.773444
192.182	1.53106	-0.524301
192.349	1.58756	-0.262473
192.517	1.60198	0.00533791
192.684	1.57352	0.271953
192.852	1.50554	0.530415
193.019	1.40472	0.774625
193.187	1.2795	0.999777
193.355	1.1384	1.20251
193.522	0.988749	1.38079
193.69	0.835984	1.53367
193.857	0.683541	1.66095
194.025	0.533069	1.76284
194.192	0.384826	1.83971
194.36	0.238109	1.89188
194.527	0.0916458	1.91951
194.695	-0.0560734	1.92252
194.863	-0.206502	1.90057
195.03	-0.360765	1.85311
195.198	-0.51938	1.77943
195.365	-0.681948	1.67884
195.533	-0.84681	1.55078
195.7	-1.01071	1.39512
195.868	-1.16858	1.21242
196.035	-1.3135	1.00424
196.203	-1.4372	0.773444
196.37	-1.53106	0.524301
196.538	-1.58756	0.262473
196.706	-1.60198	-0.00533791
196.873	-1.57352	-0.271953
197.041	-1.50554	-0.530415
197.208	-1.40472	-0.774625
197.376	-1.2795	-0.999777
197.543	-1.1384	-1.20251
197.711	-0.988749	-1.38079
197.878	-0.835984	-1.53367
198.046	-0.683541	-1.66095
198.214	-0.533069	-1.76284
198.381	-0.384826	-1.83971
198.549	-0.238109	-1.89188
198.716	-0.0916458	-1.91951
198.884	0.0560734	-1.92252
199.051	0.206502	-1.90057
199.219	0.360765	-1.85311
199.386	0.51938	-1.77943
199.554	0.681948	-1.67884
199.722	0.84681	-1.55078
199.889	1.01071	-1.39512
200.057	1.16858	-1.21242
200.224	1.3135	-1.00424
200.392	1.4372	-0.773444
200.559	1.53106	-0.524301
200.727	1.58756	-0.262473
200.894	1.60198	0.00533791
201.062	1.57352	0.271953
201.229	1.50554	0.530415
201.397	1.40472	0.774625
201.565	1.2795	0.999777
201.732	1.1384	1.20251
201.9	0.988749	1.38079
202.067	0.835984	1.53367
202.235	0.683541	1.66095
202.402	0.533069	1.76284
202.57	0.384826	1.83971
202.737	0.238109	1.89188
202.905	0.0916458	1.91951
203.073	-0.0560734	1.92252
203.24	-0.206502	1.90057
203.408	-0.360765	1.85311
203.575	-0.51938	1.77943
203.743	-0.681948	1.67884
203.91	-0.84681	1.55078
204.078	-1.01071	1.39512
204.245	-1.16858	1.21242
204.413	-1.3135	1.00424
204.581	-1.4372	0.773444
204.748	-1.53106	0.524301
204.916	-1.58756	0.262473
205.083	-1.60198	-0.0053379
205.251	-1.57352	-0.271953
205.418	-1.50554	-0.530415
205.586	-1.40472	-0.774625
205.753	-1.2795	-0.999777
205.921	-1.1384	-1.20251
206.088	-0.988749	-1.38079
206.256	-0.835984	-1.53367
206.424	-0.683541	-1.66095
206.591	-0.533069	-1.76284
206.759	-0.384826	-1.83971
206.926	-0.238109	-1.89188
207.094	-0.0916458	-1.91951
207.261	0.0560734	-1.92252
207.429	0.206502	-1.90057
207.596	0.360765	-1.85311
207.764	0.51938	-1.77943
207.932	0.681948	-1.67884
208.099	0.84681	-1.55078
208.267	1.01071	-1.39512
208.434	1.16858	-1.21242
208.602	1.3135	-1.00424
208.769	1.4372	-0.773444
208.937	1.53106	-0.524301
209.104	1.58756	-0.262473
209.272	1.60198	0.0053379
209.44	1.57352	0.271953
209.607	1.50554	0.530415
209.775	1.40472	0.774625
209.942	1.2795	0.999777
210.11	1.1384	1.20251
210.277	0.988749	1.38079
210.445	0.835984	1.53367
210.612	0.683541	1.66095
210.78	0.533069	1.76284
210.947	0.384826	1.83971
211.115	0.238109	1.89188
211.283	0.0916458	1.91951
211.45	-0.0560734	1.92252
211.618	-0.206502	1.90057
211.785	-0.360765	1.85311
211.953	-0.51938	1.77943
212.12	-0.681948	1.67884
212.288	-0.84681	1.55078
212.455	-1.01071	1.39512
212.623	-1.16858	1.21242
212.791	-1.3135	1.00424
212.958	-1.4372	0.773444
213.126	-1.53106	0.524301
213.293	-1.58756	0.262473
213.461	-1.60198	-0.0053379
213.628	-1.57352	-0.271953
213.796	-1.50554	-0.530415
213.963	-1.40472	-0.774625
214.131	-1.2795	-0.999777
214.299	-1.1384	-1.20251
214.466	-0.988749	-1.38079
214.634	-0.835984	-1.53367
214.801	-0.683541	-1.66095
214.969	-0.533069	-1.76284
215.136	-0.384826	-1.83971
215.304	-0.238109	-1.89188
215.471	-0.0916458	-1.91951
215.639	0.0560734	-1.92252
215.806	0.206502	-1.90057
215.974	0.360765	-1.85311
216.142	0.51938	-1.77943
216.309	0.681948	-1.67884
216.477	0.84681	-1.55078
216.644	1.01071	-1.39512
216.812	1.16858	-1.21242
216.979	1.3135	-1.00424
217.147	1.4372	-0.773444
217.314	1.53106	-0.524301
217.482	1.58756	-0.262473
217.65	1.60198	0.0053379
217.817	1.57352	0.271953
217.985	1.50554	0.530415
218.152	1.40472	0.774625
218.32	1.2795	0.999777
218.487	1.1384	1.20251
218.655	0.988749	1.38079
218.822	0.835984	1.53367
218.99	0.683541	1.66095
219.158	0.533069	1.76284
219.325	0.384826	1.83971
219.493	0.238109	1.89188
219.66	0.0916458	1.91951
219.828	-0.0560734	1.92252
219.995	-0.206502	1.90057
220.163	-0.360765	1.85311
220.33	-0.51938	1.77943
220.498	-0.681948	1.67884
220.665	-0.84681	1.55078
220.833	-1.01071	1.39512
221.001	-1.16858	1.21242
221.168	-1.3135	1.00424
221.336	-1.4372	0.773444
221.503	-1.53106	0.524301
221.671	-1.58756	0.262473
221.838	-1.60198	-0.0053379
222.006	-1.57352	-0.271953
222.173	-1.50554	-0.530415
222.341	-1.40472	-0.774625
222.509	-1.2795	-0.999777
222.676	-1.1384	-1.20251
222.844	-0.988749	-1.38079
223.011	-0.835984	-1.53367
223.179	-0.683541	-1.66095
223.346	-0.533069	-1.76284
223.514	-0.384826	-1.83971
223.681	-0.238109	-1.89188
223.849	-0.0916458	-1.91951
224.017	0.0560734	-1.92252
224.184	0.206502	-1.90057
224.352	0.360765	-1.85311
224.519	0.51938	-1.77943
224.687	0.681948	-1.67884
224.854	0.84681	-1.55078
225.022	1.01071	-1.39512
225.189	1.16858	-1.21242
225.357	1.3135	-1.00424
225.524	1.4372	-0.773444
225.692	1.53106	-0.524301
225.86	1.58756	-0.262473
226.027	1.60198	0.0053379
226.195	1.57352	0.271953
226.362	1.50554	0.530415
226.53	1.40472	0.774625
226.697	1.2795	0.999777
226.865	1.1384	1.20251
227.032	0.988749	1.38079
227.2	0.835984	1.53367
227.368	0.683541	1.66095
227.535	0.533069	1.76284
227.703	0.384826	1.83971
227.87	0.238109	1.89188
228.038	0.0916458	1.91951
228.205	-0.0560734	1.92252
228.373	-0.206502	1.90057
228.54	-0.360765	1.85311
228.708	-0.51938	1.77943
228.875	-0.681948	1.67884
229.043	-0.84681	1.55078
229.211	-1.01071	1.39512
229.378	-1.16858	1.21242
229.546	-1.3135	1.00424
229.713	-1.4372	0.773444
229.881	-1.53106	0.524301
230.048	-1.58756	0.262473
230.216	-1.60198	-0.0053379
230.383	-1.57352	-0.271953
230.551	-1.50554	-0.530415
230.719	-1.40472	-0.774625
230.886	-1.2795	-0.999777
231.054	-1.1384	-1.20251
231.221	-0.988749	-1.38079
231.389	-0.835984	-1.53367
231.556	-0.683541	-1.66095
231.724	-0.533069	-1.76284
231.891	-0.384826	-1.83971
232.059	-0.238109	-1.89188
232.227	-0.0916458	-1.91951
232.394	0.0560734	-1.92252
232.562	0.206502	-1.90057
232.729	0.360765	-1.85311
232.897	0.51938	-1.77943
233.064	0.681948	-1.67884
233.232	0.84681	-1.55078
233.399	1.01071	-1.39512
233.567	1.16858	-1.21242
233.734	1.3135	-1.00424
233.902	1.4372	-0.773444
234.07	1.53106	-0.524301
234.237	1.58756	-0.262473
234.405	1.60198	0.0053379
234.572	1.57352	0.271953
234.74	1.50554	0.530415
234.907	1.40472	0.774625
235.075	1.2795	0.999777
235.242	1.1384	1.20251
235.41	0.988749	1.38079
235.578	0.835984	1.53367
235.745	0.683541	1.66095
235.913	0.533069	1.76284
236.08	0.384826	1.83971
236.248	0.238109	1.89188
236.415	0.0916458	1.91951
236.583	-0.0560734	1.92252
236.75	-0.206502	1.90057
236.918	-0.360765	1.85311
237.086	-0.51938	1.77943
237.253	-0.681948	1.67884
237.421	-0.84681	1.55078
237.588	-1.01071	1.39512
237.756	-1.16858	1.21242
237.923	-1.3135	1.00424
238.091	-1.4372	0.773444
238.258	-1.53106	0.524301
238.426	-1.58756	0.262473
238.593	-1.60198	-0.0053379
238.761	-1.57352	-0.271953
238.929	-1.50554	-0.530415
239.096	-1.40472	-0.774625
239.264	-1.2795	-0.999777
239.431	-1.1384	-1.20251
239.599	-0.988749	-1.38079
239.766	-0.835984	-1.53367
239.934	-0.683541	-1.66095
240.101	-0.533069	-1.76284
240.269	-0.384826	-1.83971
240.437	-0.238109	-1.89188
240.604	-0.0916458	-1.91951
240.772	0.0560734	-1.92252
240.939	0.206502	-1.90057
241.107	0.360765	-1.85311
241.274	0.51938	-1.77943
241.442	0.681948	-1.67884
241.609	0.84681	-1.55078
241.777	1.01071	-1.39512
241.945	1.16858	-1.21242
242.112	1.3135	-1.00424
242.28	1.4372	-0.773444
242.447	1.53106	-0.524301
242.615	1.58756	-0.262473
242.782	1.60198	0.0053379
242.95	1.57352	0.271953
243.117	1.50554	0.530415
243.285	1.40472	0.774625
243.452	1.2795	0.999777
243.62	1.1384	1.20251
243.788	0.988749	1.38079
243.955	0.835984	1.53367
244.123	0.683541	1.66095
244.29	0.533069	1.76284
244.458	0.384826	1.83971
244.625	0.238109	1.89188
244.793	0.0916458	1.91951
244.96	-0.0560734	1.92252
245.128	-0.206502	1.90057
245.296	-0.360765	1.85311
245.463	-0.51938	1.77943
245.631	-0.681948	1.67884
245.798	-0.84681	1.55078
245.966	-1.01071	1.39512
246.133	-1.16858	1.21242
246.301	-1.3135	1.00424
246.468	-1.4372	0.773444
246.636	-1.53106	0.524301
246.804	-1.58756	0.262473
246.971	-1.60198	-0.0053379
247.139	-1.57352	-0.271953
247.306	-1.50554	-0.530415
247.474	-1.40472	-0.774625
247.641	-1.2795	-0.999777
247.809	-1.1384	-1.20251
247.976	-0.988749	-1.38079
248.144	-0.835984	-1.53367
248.311	-0.683541	-1.66095
248.479	-0.533069	-1.76284
248.647	-0.384826	-1.83971
248.814	-0.238109	-1.89188
248.982	-0.0916458	-1.91951
249.149	0.0560734	-1.92252
249.317	0.206502	-1.90057
249.484	0.360765	-1.85311
249.652	0.51938	-1.77943
249.819	0.681948	-1.67884
249.987	0.84681	-1.55078
250.155	1.01071	-1.39512
250.322	1.16858	-1.21242
250.49	1.3135	-1.00424
250.657	1.4372	-0.773444
250.825	1.53106	-0.524301
250.992	1.58756	-0.262473
251.16	1.60198	0.0053379
251.327	1.57352	0.271953
251.495	1.50554	0.530415
251.663	1.40472	0.774625
251.83	1.2795	0.999777
251.998	1.1384	1.20251
252.165	0.988749	1.38079
252.333	0.835984	1.53367
252.5	0.683541	1.66095
252.668	0.533069	1.76284
252.835	0.384826	1.83971
253.003	0.238109	1.89188
253.17	0.0916458	1.91951
253.338	-0.0560734	1.92252
253.506	-0.206502	1.90057
253.673	-0.360765	1.85311
253.841	-0.51938	1.77943
254.008	-0.681948	1.67884
254.176	-0.84681	1.55078
254.343	-1.01071	1.39512
254.511	-1.16858	1.21242
254.678	-1.3135	1.00424
254.846	-1.4372	0.773444
255.014	-1.53106	0.524301
255.181	-1.58756	0.262473
255.349	-1.60198	-0.0053379
255.516	-1.57352	-0.271953
255.684	-1.50554	-0.530415
255.851	-1.40472	-0.774625
256.019	-1.2795	-0.999777
256.186	-1.1384	-1.20251
256.354	-0.988749	-1.38079
256.522	-0.835984	-1.53367
256.689	-0.683541	-1.66095
256.857	-0.533069	-1.76284
257.024	-0.384826	-1.83971
257.192	-0.238109	-1.89188
257.359	-0.0916458	-1.91951
257.527	0.0560734	-1.92252
257.694	0.206502	-1.90057
257.862	0.360765	-1.85311
258.029	0.51938	-1.77943
258.197	0.681948	-1.67884
258.365	0.84681	-1.55078
258.532	1.01071	-1.39512
258.7	1.16858	-1.21242
258.867	1.3135	-1.00424
259.035	1.4372	-0.773444
259.202	1.53106	-0.524301
259.37	1.58756	-0.262473
259.537	1.60198	0.0053379
259.705	1.57352	0.271953
259.873	1.50554	0.530415
260.04	1.40472	0.774625
260.208	1.2795	0.999777
260.375	1.1384	1.20251
260.543	0.988749	1.38079
260.71	0.835984	1.53367
260.878	0.683541	1.66095
261.045	0.533069	1.76284
261.213	0.384826	1.83971
261.381	0.238109	1.89188
261.548	0.0916458	1.91951
261.716	-0.0560734	1.92252
261.883	-0.206502	1.90057
262.051	-0.360765	1.85311
262.218	-0.51938	1.77943
262.386	-0.681948	1.67884
262.553	-0.84681	1.55078
262.721	-1.01071	1.39512
262.888	-1.16858	1.21242
263.056	-1.3135	1.00424
263.224	-1.4372	0.773444
263.391	-1.53106	0.524301
263.559	-1.58756	0.262473
263.726	-1.60198	-0.0053379
263.894	-1.57352	-0.271953
264.061	-1.50554	-0.530415
264.229	-1.40472	-0.774625
264.396	-1.2795	-0.999777
264.564	-1.1384	-1.20251
264.732	-0.988749	-1.38079
264.899	-0.835984	-1.53367
265.067	-0.683541	-1.66095
265.234	-0.533069	-1.76284
265.402	-0.384826	-1.83971
265.569	-0.238109	-1.89188
265.737	-0.0916458	-1.91951
265.904	0.0560734	-1.92252
266.072	0.206502	-1.90057
266.24	0.360765	-1.85311
266.407	0.51938	-1.77943
266.575	0.681948	-1.67884
266.742	0.84681	-1.55078
266.91	1.01071	-1.39512
267.077	1.16858	-1.21242
267.245	1.3135	-1.00424
267.412	1.4372	-0.773444
267.58	1.53106	-0.524301
267.747	1.58756	-0.262473
267.915	1.60198	0.0053379
268.083	1.57352	0.271953
268.25	1.50554	0.530415
268.418	1.40472	0.774625
268.585	1.2795	0.999777
268.753	1.1384	1.20251
268.92	0.988749	1.38079
269.088	0.835984	1.53367
269.255	0.683541	1.66095
269.423	0.533069	1.76284
269.591	0.384826	1.83971
269.758	0.238109	1.89188
269.926	0.0916458	1.91951
270.093	-0.0560734	1.92252
270.261	-0.206502	1.90057
270.428	-0.360765	1.85311
270.596	-0.51938	1.77943
270.763	-0.681948	1.67884
270.931	-0.84681	1.55078
271.099	-1.01071	1.39512
271.266	-1.16858	1.21242
271.434	-1.3135	1.00424
271.601	-1.4372	0.773444
271.769	-1.53106	0.524301
271.936	-1.58756	0.262473
272.104	-1.60198	-0.0053379
272.271	-1.57352	-0.271953
272.439	-1.50554	-0.530415
272.606	-1.40472	-0.774625
272.774	-1.2795	-0.999777
272.942	-1.1384	-1.20251
273.109	-0.988749	-1.38079
273.277	-0.835984	-1.53367
273.444	-0.683541	-1.66095
273.612	-0.533069	-1.76284
273.779	-0.384826	-1.83971
273.947	-0.238109	-1.89188
274.114	-0.0916458	-1.91951
274.282	0.0560734	-1.92252
274.45	0.206502	-1.90057
274.617	0.360765	-1.85311
274.785	0.51938	-1.77943
274.952	0.681948	-1.67884
275.12	0.84681	-1.55078
275.287	1.01071	-1.39512
275.455	1.16858	-1.21242
275.622	1.3135	-1.00424
275.79	1.4372	-0.773444
275.957	1.53106	-0.524301
276.125	1.58756	-0.262473
276.293	1.60198	0.0053379
276.46	1.57352	0.271953
276.628	1.50554	0.530415
276.795	1.40472	0.774625
276.963	1.2795	0.999777
277.13	1.1384	1.20251
277.298	0.988749	1.38079
277.465	0.835984	1.53367
277.633	0.683541	1.66095
277.801	0.533069	1.76284
277.968	0.384826	1.83971
278.136	0.238109	1.89188
278.303	0.0916458	1.91951
278.471	-0.0560734	1.92252
278.638	-0.206502	1.90057
278.806	-0.360765	1.85311
278.973	-0.51938	1.77943
279.141	-0.681948	1.67884
279.309	-0.84681	1.55078
279.476	-1.01071	1.39512
279.644	-1.16858	1.21242
279.811	-1.3135	1.00424
279.979	-1.4372	0.773444
280.146	-1.53106	0.524301
280.314	-1.58756	0.262473
280.481	-1.60198	-0.0053379
280.649	-1.57352	-0.271953
280.816	-1.50554	-0.530415
280.984	-1.40472	-0.774625
281.152	-1.2795	-0.999777
281.319	-1.1384	-1.20251
281.487	-0.988749	-1.38079
281.654	-0.835984	-1.53367
281.822	-0.683541	-1.66095
281.989	-0.533069	-1.76284
282.157	-0.384826	-1.83971
282.324	-0.238109	-1.89188
282.492	-0.0916458	-1.91951
282.66	0.0560734	-1.92252
282.827	0.206502	-1.90057
282.995	0.360765	-1.85311
283.162	0.51938	-1.77943
283.33	0.681948	-1.67884
283.497	0.84681	-1.55078
283.665	1.01071	-1.39512
283.832	1.16858	-1.21242
284	1.3135	-1.00424
284.168	1.4372	-0.773444
284.335	1.53106	-0.524301
284.503	1.58756	-0.262473
284.67	1.60198	0.0053379
284.838	1.57352	0.271953
285.005	1.50554	0.530415
285.173	1.40472	0.774625
285.34	1.2795	0.999777
285.508	1.1384	1.20251
285.675	0.988749	1.38079
285.843	0.835984	1.53367
286.011	0.683541	1.66095
286.178	0.533069	1.76284
286.346	0.384826	1.83971
286.513	0.238109	1.89188
286.681	0.0916458	1.91951
286.848	-0.0560734	1.92252
287.016	-0.206502	1.90057
287.183	-0.360765	1.85311
287.351	-0.51938	1.77943
287.519	-0.681948	1.67884
287.686	-0.84681	1.55078
287.854	-1.01071	1.39512
288.021	-1.16858	1.21242
288.189	-1.3135	1.00424
288.356	-1.4372	0.773444
288.524	-1.53106	0.524301
288.691	-1.58756	0.262473
288.859	-1.60198	-0.0053379
289.027	-1.57352	-0.271953
289.194	-1.50554	-0.530415
289.362	-1.40472	-0.774625
289.529	-1.2795	-0.999777
289.697	-1.1384	-1.20251
289.864	-0.988749	-1.38079
290.032	-0.835984	-1.53367
290.199	-0.683541	-1.66095
290.367	-0.533069	-1.76284
290.534	-0.384826	-1.83971
290.702	-0.238109	-1.89188
290.87	-0.0916458	-1.91951
291.037	0.0560734	-1.92252
291.205	0.206502	-1.90057
291.372	0.360765	-1.85311
291.54	0.51938	-1.77943
291.707	0.681948	-1.67884
291.875	0.84681	-1.55078
292.042	1.01071	-1.39512
292.21	1.16858	-1.21242
292.378	1.3135	-1.00424
292.545	1.4372	-0.773444
292.713	1.53106	-0.524301
292.88	1.58756	-0.262473
293.048	1.60198	0.0053379
293.215	1.57352	0.271953
293.383	1.50554	0.530415
293.55	1.40472	0.774625
293.718	1.2795	0.999777
293.886	1.1384	1.20251
294.053	0.988749	1.38079
294.221	0.835984	1.53367
294.388	0.683541	1.66095
294.556	0.533069	1.76284
294.723	0.384826	1.83971
294.891	0.238109	1.89188
295.058	0.0916458	1.91951
295.226	-0.0560734	1.92252
295.393	-0.206502	1.90057
295.561	-0.360765	1.85311
295.729	-0.51938	1.77943
295.896	-0.681948	1.67884
296.064	-0.84681	1.55078
296.231	-1.01071	1.39512
296.399	-1.16858	1.21242
296.566	-1.3135	1.00424
296.734	-1.4372	0.773444
296.901	-1.53106	0.524301
297.069	-1.58756	0.262473
297.237	-1.60198	-0.0053379
297.404	-1.57352	-0.271953
297.572	-1.50554	-0.530415
297.739	-1.40472	-0.774625
297.907	-1.2795	-0.999777
298.074	-1.1384	-1.20251
298.242	-0.988749	-1.38079
298.409	-0.835984	-1.53367
298.577	-0.683541	-1.66095
298.745	-0.533069	-1.76284
298.912	-0.384826	-1.83971
299.08	-0.238109	-1.89188
299.247	-0.0916458	-1.91951
299.415	0.0560734	-1.92252
299.582	0.206502	-1.90057
299.75	0.360765	-1.85311
299.917	0.51938	-1.77943
300.085	0.681948	-1.67884
300.252	0.84681	-1.55078
300.42	1.01071	-1.39512
300.588	1.16858	-1.21242
300.755	1.3135	-1.00424
300.923	1.4372	-0.773444
301.09	1.53106	-0.524301
301.258	1.58756	-0.262473
301.425	1.60198	0.0053379
301.593	1.57352	0.271953
301.76	1.50554	0.530415
301.928	1.40472	0.774625
302.096	1.2795	0.999777
302.263	1.1384	1.20251
302.431	0.988749	1.38079
302.598	0.835984	1.53367
302.766	0.683541	1.66095
302.933	0.533069	1.76284
303.101	0.384826	1.83971
303.268	0.238109	1.89188
303.436	0.0916458	1.91951
303.604	-0.0560734	1.92252
303.771	-0.206502	1.90057
303.939	-0.360765	1.85311
304.106	-0.51938	1.77943
304.274	-0.681948	1.67884
304.441	-0.84681	1.55078
304.609	-1.01071	1.39512
304.776	-1.16858	1.21242
304.944	-1.3135	1.00424
305.111	-1.4372	0.773444
305.279	-1.53106	0.524301
305.447	-1.58756	0.262473
305.614	-1.60198	-0.0053379
305.782	-1.57352	-0.271953
305.949	-1.50554	-0.530415
306.117	-1.40472	-0.774625
306.284	-1.2795	-0.999777
306.452	-1.1384	-1.20251
306.619	-0.988749	-1.38079
306.787	-0.835984	-1.53367
306.955	-0.683541	-1.66095
307.122	-0.533069	-1.76284
307.29	-0.384826	-1.83971
307.457	-0.238109	-1.89188
307.625	-0.0916458	-1.91951
307.792	0.0560734	-1.92252
307.96	0.206502	-1.90057
308.127	0.360765	-1.85311
308.295	0.51938	-1.77943
308.463	0.681948	-1.67884
308.63	0.84681	-1.55078
308.798	1.01071	-1.39512
308.965	1.16858	-1.21242
309.133	1.3135	-1.00424
309.3	1.4372	-0.773444
309.468	1.53106	-0.524301
309.635	1.58756	-0.262473
309.803	1.60198	0.0053379
309.97	1.57352	0.271953
310.138	1.50554	0.530415
310.306	1.40472	0.774625
310.473	1.2795	0.999777
310.641	1.1384	1.20251
310.808	0.988749	1.38079
310.976	0.835984	1.53367
311.143	0.683541	1.66095
311.311	0.533069	1.76284
311.478	0.384826	1.83971
311.646	0.238109	1.89188
311.814	0.0916458	1.91951
311.981	-0.0560734	1.92252
312.149	-0.206502	1.90057
312.316	-0.360765	1.85311
312.484	-0.51938	1.77943
312.651	-0.681948	1.67884
312.819	-0.84681	1.55078
312.986	-1.01071	1.39512
313.154	-1.16858	1.21242
313.322	-1.3135	1.00424
313.489	-1.4372	0.773444
313.657	-1.53106	0.524301
313.824	-1.58756	0.262473
313.992	-1.60198	-0.0053379
314.159	-1.57352	-0.271953
314.327	-1.50554	-0.530415
314.494	-1.40472	-0.774625
314.662	-1.2795	-0.999777
314.829	-1.1384	-1.20251
314.997	-0.988749	-1.38079
315.165	-0.835984	-1.53367
315.332	-0.683541	-1.66095
315.5	-0.533069	-1.76284
315.667	-0.384826	-1.83971
315.835	-0.238109	-1.89188
316.002	-0.0916458	-1.91951
316.17	0.0560734	-1.92252
316.337	0.206502	-1.90057
316.505	0.360765	-1.85311
316.673	0.51938	-1.77943
316.84	0.681948	-1.67884
317.008	0.84681	-1.55078
317.175	1.01071	-1.39512
317.343	1.16858	-1.21242
317.51	1.3135	-1.00424
317.678	1.4372	-0.773444
317.845	1.53106	-0.524301
318.013	1.58756	-0.262473
318.181	1.60198	0.0053379
318.348	1.57352	0.271953
318.516	1.50554	0.530415
318.683	1.40472	0.774625
318.851	1.2795	0.999777
319.018	1.1384	1.20251
319.186	0.988749	1.38079
319.353	0.835984	1.53367
319.521	0.683541	1.66095
319.688	0.533069	1.76284
319.856	0.384826	1.83971
320.024	0.238109	1.89188
320.191	0.0916458	1.91951
320.359	-0.0560734	1.92252
320.526	-0.206502	1.90057
320.694	-0.360765	1.85311
320.861	-0.51938	1.77943
321.029	-0.681948	1.67884
321.196	-0.84681	1.55078
321.364	-1.01071	1.39512
321.532	-1.16858	1.21242
321.699	-1.3135	1.00424
321.867	-1.4372	0.773444
322.034	-1.53106	0.524301
322.202	-1.58756	0.262473
322.369	-1.60198	-0.0053379
322.537	-1.57352	-0.271953
322.704	-1.50554	-0.530415
322.872	-1.40472	-0.774625
323.04	-1.2795	-0.999777
323.207	-1.1384	-1.20251
323.375	-0.988749	-1.38079
323.542	-0.835984	-1.53367
323.71	-0.683541	-1.66095
323.877	-0.533069	-1.76284
324.045	-0.384826	-1.83971
324.212	-0.238109	-1.89188
324.38	-0.0916458	-1.91951
324.547	0.0560734	-1.92252
324.715	0.206502	-1.90057
324.883	0.360765	-1.85311
325.05	0.51938	-1.77943
325.218	0.681948	-1.67884
325.385	0.84681	-1.55078
325.553	1.01071	-1.39512
325.72	1.16858	-1.21242
325.888	1.3135	-1.00424
326.055	1.4372	-0.773444
326.223	1.53106	-0.524301
326.391	1.58756	-0.262473
326.558	1.60198	0.0053379
326.726	1.57352	0.271953
326.893	1.50554	0.530415
327.061	1.40472	0.774625
327.228	1.2795	0.999777
327.396	1.1384	1.20251
327.563	0.988749	1.38079
327.731	0.835984	1.53367
327.898	0.683541	1.66095
328.066	0.533069	1.76284
328.234	0.384826	1.83971
328.401	0.238109	1.89188
328.569	0.0916458	1.91951
328.736	-0.0560734	1.92252
328.904	-0.206502	1.90057
329.071	-0.360765	1.85311
329.239	-0.51938	1.77943
329.406	-0.681948	1.67884
329.574	-0.84681	1.55078
329.742	-1.01071	1.39512
329.909	-1.16858	1.21242
330.077	-1.3135	1.00424
330.244	-1.4372	0.773444
330.412	-1.53106	0.524301
330.579	-1.58756	0.262473
330.747	-1.60198	-0.0053379
330.914	-1.57352	-0.271953
331.082	-1.50554	-0.530415
331.25	-1.40472	-0.774625
331.417	-1.2795	-0.999777
331.585	-1.1384	-1.20251
331.752	-0.988749	-1.38079
331.92	-0.835984	-1.53367
332.087	-0.683541	-1.66095
332.255	-0.533069	-1.76284
332.422	-0.384826	-1.83971
332.59	-0.238109	-1.89188
332.757	-0.0916458	-1.91951
332.925	0.0560734	-1.92252
333.093	0.206502	-1.90057
333.26	0.360765	-1.85311
333.428	0.51938	-1.77943
333.595	0.681948	-1.67884
333.763	0.84681	-1.55078
333.93	1.01071	-1.39512
334.098	1.16858	-1.21242
334.265	1.3135	-1.00424
334.433	1.4372	-0.773444
334.601	1.53106	-0.524301
334.768	1.58756	-0.262473
334.936	1.60198	0.0053379
335.103	1.57352	0.271953
335.271	1.50554	0.530415
335.438	1.40472	0.774625
335.606	1.2795	0.999777
335.773	1.1384	1.20251
335.941	0.988749	1.38079
336.109	0.835984	1.53367
336.276	0.683541	1.66095
336.444	0.533069	1.76284
336.611	0.384826	1.83971
336.779	0.238109	1.89188
336.946	0.0916458	1.91951
337.114	-0.0560734	1.92252
337.281	-0.206502	1.90057
337.449	-0.360765	1.85311
337.616	-0.51938	1.77943
337.784	-0.681948	1.67884
337.952	-0.84681	1.55078
338.119	-1.01071	1.39512
338.287	-1.16858	1.21242
338.454	-1.3135	1.00424
338.622	-1.4372	0.773444
338.789	-1.53106	0.524301
338.957	-1.58756	0.262473
339.124	-1.60198	-0.0053379
339.292	-1.57352	-0.271953
339.46	-1.50554	-0.530415
339.627	-1.40472	-0.774625
339.795	-1.2795	-0.999777
339.962	-1.1384	-1.20251
340.13	-0.988749	-1.38079
340.297	-0.835984	-1.53367
340.465	-0.683541	-1.66095
340.632	-0.533069	-1.76284
340.8	-0.384826	-1.83971
340.968	-0.238109	-1.89188
341.135	-0.0916458	-1.91951
341.303	0.0560734	-1.92252
341.47	0.206502	-1.90057
341.638	0.360765	-1.85311
341.805	0.51938	-1.77943
341.973	0.681948	-1.67884
342.14	0.84681	-1.55078
342.308	1.01071	-1.39512
342.475	1.16858	-1.21242
342.643	1.3135	-1.00424
342.811	1.4372	-0.773444
342.978	1.53106	-0.524301
343.146	1.58756	-0.262473
343.313	1.60198	0.0053379
343.481	1.57352	0.271953
343.648	1.50554	0.530415
343.816	1.40472	0.774625
343.983	1.2795	0.999777
344.151	1.1384	1.20251
344.319	0.988749	1.38079
344.486	0.835984	1.53367
344.654	0.683541	1.66095
344.821	0.533069	1.76284
344.989	0.384826	1.83971
345.156	0.238109	1.89188
345.324	0.0916458	1.91951
345.491	-0.0560734	1.92252
345.659	-0.206502	1.90057
345.827	-0.360765	1.85311
345.994	-0.51938	1.77943
346.162	-0.681948	1.67884
346.329	-0.84681	1.55078
346.497	-1.01071	1.39512
346.664	-1.16858	1.21242
346.832	-1.3135	1.00424
346.999	-1.4372	0.773444
347.167	-1.53106	0.524301
347.334	-1.58756	0.262473
347.502	-1.60198	-0.0053379
347.67	-1.57352	-0.271953
347.837	-1.50554	-0.530415
348.005	-1.40472	-0.774625
348.172	-1.2795	-0.999777
348.34	-1.1384	-1.20251
348.507	-0.988749	-1.38079
348.675	-0.835984	-1.53367
348.842	-0.683541	-1.66095
349.01	-0.533069	-1.76284
349.178	-0.384826	-1.83971
349.345	-0.238109	-1.89188
349.513	-0.0916458	-1.91951
349.68	0.0560734	-1.92252
349.848	0.206502	-1.90057
350.015	0.360765	-1.85311
350.183	0.51938	-1.77943
350.35	0.681948	-1.67884
350.518	0.84681	-1.55078
350.686	1.01071	-1.39512
350.853	1.16858	-1.21242
351.021	1.3135	-1.00424
351.188	1.4372	-0.773444
351.356	1.53106	-0.524301
351.523	1.58756	-0.262473
351.691	1.60198	0.0053379
351.858	1.57352	0.271953
352.026	1.50554	0.530415
352.193	1.40472	0.774625
352.361	1.2795	0.999777
352.529	1.1384	1.20251
352.696	0.988749	1.38079
352.864	0.835984	1.53367
353.031	0.683541	1.66095
353.199	0.533069	1.76284
353.366	0.384826	1.83971
353.534	0.238109	1.89188
353.701	0.0916458	1.91951
353.869	-0.0560734	1.92252
354.037	-0.206502	1.90057
354.204	-0.360765	1.85311
354.372	-0.51938	1.77943
354.539	-0.681948	1.67884
354.707	-0.84681	1.55078
354.874	-1.01071	1.39512
355.042	-1.16858	1.21242
355.209	-1.3135	1.00424
355.377	-1.4372	0.773444
355.545	-1.53106	0.524301
355.712	-1.58756	0.262473
355.88	-1.60198	-0.0053379
356.047	-1.57352	-0.271953
356.215	-1.50554	-0.530415
356.382	-1.40472	-0.774625
356.55	-1.2795	-0.999777
356.717	-1.1384	-1.20251
356.885	-0.988749	-1.38079
357.052	-0.835984	-1.53367
357.22	-0.683541	-1.66095
357.388	-0.533069	-1.76284
357.555	-0.384826	-1.83971
357.723	-0.238109	-1.89188
357.89	-0.0916458	-1.91951
358.058	0.0560734	-1.92252
358.225	0.206502	-1.90057
358.393	0.360765	-1.85311
358.56	0.51938	-1.77943
358.728	0.681948	-1.67884
358.896	0.84681	-1.55078
359.063	1.01071	-1.39512
359.231	1.16858	-1.21242
359.398	1.3135	-1.00424
359.566	1.4372	-0.773444
359.733	1.53106	-0.524301
359.901	1.58756	-0.262473
360.068	1.60198	0.0053379
360.236	1.57352	0.271953
360.404	1.50554	0.530415
360.571	1.40472	0.774625
360.739	1.2795	0.999777
360.906	1.1384	1.20251
361.074	0.988749	1.38079
361.241	0.835984	1.53367
361.409	0.683541	1.66095
361.576	0.533069	1.76284
361.744	0.384826	1.83971
361.911	0.238109	1.89188
362.079	0.0916458	1.91951
362.247	-0.0560734	1.92252
362.414	-0.206502	1.90057
362.582	-0.360765	1.85311
362.749	-0.51938	1.77943
362.917	-0.681948	1.67884
363.084	-0.84681	1.55078
363.252	-1.01071	1.39512
363.419	-1.16858	1.21242
363.587	-1.3135	1.00424
363.755	-1.4372	0.773444
363.922	-1.53106	0.524301
364.09	-1.58756	0.262473
364.257	-1.60198	-0.0053379
364.425	-1.57352	-0.271953
364.592	-1.50554	-0.530415
364.76	-1.40472	-0.774625
364.927	-1.2795	-0.999777
365.095	-1.1384	-1.20251
365.263	-0.988749	-1.38079
365.43	-0.835984	-1.53367
365.598	-0.683541	-1.66095
365.765	-0.533069	-1.76284
365.933	-0.384826	-1.83971
366.1	-0.238109	-1.89188
366.268	-0.0916458	-1.91951
366.435	0.0560734	-1.92252
366.603	0.206502	-1.90057
366.77	0.360765	-1.85311
366.938	0.51938	-1.77943
367.106	0.681948	-1.67884
367.273	0.84681	-1.55078
367.441	1.01071	-1.39512
367.608	1.16858	-1.21242
367.776	1.3135	-1.00424
367.943	1.4372	-0.773444
368.111	1.53106	-0.524301
368.278	1.58756	-0.262473
368.446	1.60198	0.0053379
368.614	1.57352	0.271953
368.781	1.50554	0.530415
368.949	1.40472	0.774625
369.116	1.2795	0.999777
369.284	1.1384	1.20251
369.451	0.988749	1.38079
369.619	0.835984	1.53367
369.786	0.683541	1.66095
369.954	0.533069	1.76284
370.122	0.384826	1.83971
370.289	0.238109	1.89188
370.457	0.0916458	1.91951
370.624	-0.0560734	1.92252
370.792	-0.206502	1.90057
370.959	-0.360765	1.85311
371.127	-0.51938	1.77943
371.294	-0.681948	1.67884
371.462	-0.84681	1.55078
371.629	-1.01071	1.39512
371.797	-1.16858	1.21242
371.965	-1.3135	1.00424
372.132	-1.4372	0.773444
372.3	-1.53106	0.524301
372.467	-1.58756	0.262473
372.635	-1.60198	-0.0053379
372.802	-1.57352	-0.271953
372.97	-1.50554	-0.530415
373.137	-1.40472	-0.774625
373.305	-1.2795	-0.999777
373.473	-1.1384	-1.20251
373.64	-0.988749	-1.38079
373.808	-0.835984	-1.53367
373.975	-0.683541	-1.66095
374.143	-0.533069	-1.76284
374.31	-0.384826	-1.83971
374.478	-0.238109	-1.89188
374.645	-0.0916458	-1.91951
374.813	0.0560734	-1.92252
374.98	0.206502	-1.90057
375.148	0.360765	-1.85311
375.316	0.51938	-1.77943
375.483	0.681948	-1.67884
375.651	0.84681	-1.55078
375.818	1.01071	-1.39512
375.986	1.16858	-1.21242
376.153	1.3135	-1.00424
376.321	1.4372	-0.773444
376.488	1.53106	-0.524301
376.656	1.58756	-0.262473
376.824	1.60198	0.0053379
376.991	1.57352	0.271953
377.159	1.50554	0.530415
377.326	1.40472	0.774625
377.494	1.2795	0.999777
377.661	1.1384	1.20251
377.829	0.988749	1.38079
377.996	0.835984	1.53367
378.164	0.683541	1.66095
378.332	0.533069	1.76284
378.499	0.384826	1.83971
378.667	0.238109	1.89188
378.834	0.0916458	1.91951
379.002	-0.0560734	1.92252
379.169	-0.206502	1.90057
379.337	-0.360765	1.85311
379.504	-0.51938	1.77943
379.672	-0.681948	1.67884
379.839	-0.84681	1.55078
380.007	-1.01071	1.39512
380.175	-1.16858	1.21242
380.342	-1.3135	1.00424
380.51	-1.4372	0.773444
380.677	-1.53106	0.524301
380.845	-1.58756	0.262473
381.012	-1.60198	-0.0053379
381.18	-1.57352	-0.271953
381.347	-1.50554	-0.530415
381.515	-1.40472	-0.774625
381.683	-1.2795	-0.999777
381.85	-1.1384	-1.20251
382.018	-0.988749	-1.38079
382.185	-0.835984	-1.53367
382.353	-0.683541	-1.66095
382.52	-0.533069	-1.76284
382.688	-0.384826	-1.83971
382.855	-0.238109	-1.89188
383.023	-0.0916458	-1.91951
383.191	0.0560734	-1.92252
383.358	0.206502	-1.90057
383.526	0.360765	-1.85311
383.693	0.51938	-1.77943
383.861	0.681948	-1.67884
384.028	0.84681	-1.55078
384.196	1.01071	-1.39512
384.363	1.16858	-1.21242
384.531	1.3135	-1.00424
384.698	1.4372	-0.773444
384.866	1.53106	-0.524301
385.034	1.58756	-0.262473
385.201	1.60198	0.0053379
385.369	1.57352	0.271953
385.536	1.50554	0.530415
385.704	1.40472	0.774625
385.871	1.2795	0.999777
386.039	1.1384	1.20251
386.206	0.988749	1.38079
386.374	0.835984	1.53367
386.542	0.683541	1.66095
386.709	0.533069	1.76284
386.877	0.384826	1.83971
387.044	0.238109	1.89188
387.212	0.0916458	1.91951
387.379	-0.0560734	1.92252
387.547	-0.206502	1.90057
387.714	-0.360765	1.85311
387.882	-0.51938	1.77943
388.05	-0.681948	1.67884
388.217	-0.84681	1.55078
388.385	-1.01071	1.39512
388.552	-1.16858	1.21242
388.72	-1.3135	1.00424
388.887	-1.4372	0.773444
389.055	-1.53106	0.524301
389.222	-1.58756	0.262473
389.39	-1.60198	-0.0053379
389.557	-1.57352	-0.271953
389.725	-1.50554	-0.530415
389.893	-1.40472	-0.774625
390.06	-1.2795	-0.999777
390.228	-1.1384	-1.20251
390.395	-0.988749	-1.38079
390.563	-0.835984	-1.53367
390.73	-0.683541	-1.66095
390.898	-0.533069	-1.76284
391.065	-0.384826	-1.83971
391.233	-0.238109	-1.89188
391.401	-0.0916458	-1.91951
391.568	0.0560734	-1.92252
391.736	0.206502	-1.90057
391.903	0.360765	-1.85311
392.071	0.51938	-1.77943
392.238	0.681948	-1.67884
392.406	0.84681	-1.55078
392.573	1.01071	-1.39512
392.741	1.16858	-1.21242
392.909	1.3135	-1.00424
393.076	1.4372	-0.773444
393.244	1.53106	-0.524301
393.411	1.58756	-0.262473
393.579	1.60198	0.0053379
393.746	1.57352	0.271953
393.914	1.50554	0.530415
394.081	1.40472	0.774625
394.249	1.2795	0.999777
394.416	1.1384	1.20251
394.584	0.988749	1.38079
394.752	0.835984	1.53367
394.919	0.683541	1.66095
395.087	0.533069	1.76284
395.254	0.384826	1.83971
395.422	0.238109	1.89188
395.589	0.0916458	1.91951
395.757	-0.0560734	1.92252
395.924	-0.206502	1.90057
396.092	-0.360765	1.85311
396.26	-0.51938	1.77943
396.427	-0.681948	1.67884
396.595	-0.84681	1.55078
396.762	-1.01071	1.39512
396.93	-1.16858	1.21242
397.097	-1.3135	1.00424
397.265	-1.4372	0.773444
397.432	-1.53106	0.524301
397.6	-1.58756	0.262473
397.768	-1.60198	-0.0053379
397.935	-1.57352	-0.271953
398.103	-1.50554	-0.530415
398.27	-1.40472	-0.774625
398.438	-1.2795	-0.999777
398.605	-1.1384	-1.20251
398.773	-0.988749	-1.38079
398.94	-0.835984	-1.53367
399.108	-0.683541	-1.66095
399.275	-0.533069	-1.76284
399.443	-0.384826	-1.83971
399.611	-0.238109	-1.89188
399.778	-0.0916459	-1.91951
399.946	0.0560734	-1.92252
400.113	0.206502	-1.90057
400.281	0.360765	-1.85311
400.448	0.51938	-1.77943
400.616	0.681948	-1.67884
400.783	0.84681	-1.55078
400.951	1.01071	-1.39512
401.119	1.16858	-1.21242
401.286	1.3135	-1.00424
401.454	1.4372	-0.773444
401.621	1.53106	-0.524301
401.789	1.58756	-0.262473
401.956	1.60198	0.0053379
402.124	1.57352	0.271953
402.291	1.50554	0.530415
402.459	1.40472	0.774625
402.627	1.2795	0.999777
402.794	1.1384	1.20251
402.962	0.988749	1.38079
403.129	0.835984	1.53367
403.297	0.683541	1.66095
403.464	0.533069	1.76284
403.632	0.384826	1.83971
403.799	0.238109	1.89188
403.967	0.0916459	1.91951
404.134	-0.0560734	1.92252
404.302	-0.206502	1.90057
404.47	-0.360765	1.85311
404.637	-0.51938	1.77943
404.805	-0.681948	1.67884
404.972	-0.84681	1.55078
405.14	-1.01071	1.39512
405.307	-1.16858	1.21242
405.475	-1.3135	1.00424
405.642	-1.4372	0.773444
405.81	-1.53106	0.524301
405.978	-1.58756	0.262473
406.145	-1.60198	-0.0053379
406.313	-1.57352	-0.271953
406.48	-1.50554	-0.530415
406.648	-1.40472	-0.774625
406.815	-1.2795	-0.999777
406.983	-1.1384	-1.20251
407.15	-0.988749	-1.38079
407.318	-0.835984	-1.53367
407.486	-0.683541	-1.66095
407.653	-0.533069	-1.76284
407.821	-0.384826	-1.83971
407.988	-0.238109	-1.89188
408.156	-0.0916459	-1.91951
408.323	0.0560734	-1.92252
408.491	0.206502	-1.90057
408.658	0.360765	-1.85311
408.826	0.51938	-1.77943
408.993	0.681948	-1.67884
409.161	0.84681	-1.55078
409.329	1.01071	-1.39512
409.496	1.16858	-1.21242
409.664	1.3135	-1.00424
409.831	1.4372	-0.773444
409.999	1.53106	-0.524301
410.166	1.58756	-0.262473
410.334	1.60198	0.0053379
410.501	1.57352	0.271953
410.669	1.50554	0.530415
410.837	1.40472	0.774625
411.004	1.2795	0.999777
411.172	1.1384	1.20251
411.339	0.988749	1.38079
411.507	0.835984	1.53367
411.674	0.683541	1.66095
411.842	0.533069	1.76284
412.009	0.384826	1.83971
412.177	0.238109	1.89188
412.345	0.0916459	1.91951
412.512	-0.0560734	1.92252
412.68	-0.206502	1.90057
412.847	-0.360765	1.85311
413.015	-0.51938	1.77943
413.182	-0.681948	1.67884
413.35	-0.84681	1.55078
413.517	-1.01071	1.39512
413.685	-1.16858	1.21242
413.852	-1.3135	1.00424
414.02	-1.4372	0.773444
414.188	-1.53106	0.524301
414.355	-1.58756	0.262473
414.523	-1.60198	-0.0053379
414.69	-1.57352	-0.271953
414.858	-1.50554	-0.530415
415.025	-1.40472	-0.774625
415.193	-1.2795	-0.999777
415.36	-1.1384	-1.20251
415.528	-0.988749	-1.38079
415.696	-0.835984	-1.53367
415.863	-0.683541	-1.66095
416.031	-0.533069	-1.76284
416.198	-0.384826	-1.83971
416.366	-0.238109	-1.89188
416.533	-0.0916459	-1.91951
416.701	0.0560734	-1.92252
416.868	0.206502	-1.90057
417.036	0.360765	-1.85311
417.204	0.51938	-1.77943
417.371	0.681948	-1.67884
417.539	0.84681	-1.55078
417.706	1.01071	-1.39512
417.874	1.16858	-1.21242
418.041	1.3135	-1.00424
418.209	1.4372	-0.773444
418.376	1.53106	-0.524301
418.544	1.58756	-0.262473
418.711	1.60198	0.0053379
418.879	1.57352	0.271953
419.047	1.50554	0.530415
419.214	1.40472	0.774625
419.382	1.2795	0.999777
419.549	1.1384	1.20251
419.717	0.988749	1.38079
419.884	0.835984	1.53367
420.052	0.683541	1.66095
420.219	0.533069	1.76284
420.387	0.384826	1.83971
420.555	0.238109	1.89188
420.722	0.0916459	1.91951
420.89	-0.0560734	1.92252
421.057	-0.206502	1.90057
421.225	-0.360765	1.85311
421.392	-0.51938	1.77943
421.56	-0.681948	1.67884
421.727	-0.84681	1.55078
421.895	-1.01071	1.39512
422.063	-1.16858	1.21242
422.23	-1.3135	1.00424
422.398	-1.4372	0.773444
422.565	-1.53106	0.524301
422.733	-1.58756	0.262473
422.9	-1.60198	-0.0053379
423.068	-1.57352	-0.271953
423.235	-1.50554	-0.530415
423.403	-1.40472	-0.774625
423.57	-1.2795	-0.999777
423.738	-1.1384	-1.20251
423.906	-0.988749	-1.38079
424.073	-0.835984	-1.53367
424.241	-0.683541	-1.66095
424.408	-0.533069	-1.76284
424.576	-0.384826	-1.83971
424.743	-0.238109	-1.89188
424.911	-0.0916459	-1.91951
425.078	0.0560734	-1.92252
425.246	0.206502	-1.90057
425.414	0.360765	-1.85311
425.581	0.51938	-1.77943
425.749	0.681948	-1.67884
425.916	0.84681	-1.55078
426.084	1.01071	-1.39512
426.251	1.16858	-1.21242
426.419	1.3135	-1.00424
426.586	1.4372	-0.773444
426.754	1.53106	-0.524301
426.921	1.58756	-0.262473
427.089	1.60198	0.0053379
427.257	1.57352	0.271953
427.424	1.50554	0.530415
427.592	1.40472	0.774625
427.759	1.2795	0.999777
427.927	1.1384	1.20251
428.094	0.988749	1.38079
428.262	0.835984	1.53367
428.429	0.683541	1.66095
428.597	0.533069	1.76284
428.765	0.384826	1.83971
428.932	0.238109	1.89188
429.1	0.0916459	1.91951
429.267	-0.0560734	1.92252
429.435	-0.206502	1.90057
429.602	-0.360765	1.85311
429.77	-0.51938	1.77943
429.937	-0.681948	1.67884
430.105	-0.84681	1.55078
430.273	-1.01071	1.39512
430.44	-1.16858	1.21242
430.608	-1.3135	1.00424
430.775	-1.4372	0.773444
430.943	-1.53106	0.524301
431.11	-1.58756	0.262473
431.278	-1.60198	-0.0053379
431.445	-1.57352	-0.271953
431.613	-1.50554	-0.530415
431.78	-1.40472	-0.774625
431.948	-1.2795	-0.999777
432.116	-1.1384	-1.20251
432.283	-0.988749	-1.38079
432.451	-0.835984	-1.53367
432.618	-0.683541	-1.66095
432.786	-0.533069	-1.76284
432.953	-0.384826	-1.83971
433.121	-0.238109	-1.89188
433.288	-0.0916459	-1.91951
433.456	0.0560734	-1.92252
433.624	0.206502	-1.90057
433.791	0.360765	-1.85311
433.959	0.51938	-1.77943
434.126	0.681948	-1.67884
434.294	0.84681	-1.55078
434.461	1.01071	-1.39512
434.629	1.16858	-1.21242
434.796	1.3135	-1.00424
434.964	1.4372	-0.773444
435.132	1.53106	-0.524301
435.299	1.58756	-0.262473
435.467	1.60198	0.0053379
435.634	1.57352	0.271953
435.802	1.50554	0.530415
435.969	1.40472	0.774625
436.137	1.2795	0.999777
436.304	1.1384	1.20251
436.472	0.988749	1.38079
436.639	0.835984	1.53367
436.807	0.683541	1.66095
436.975	0.533069	1.76284
437.142	0.384826	1.83971
437.31	0.238109	1.89188
437.477	0.0916459	1.91951
437.645	-0.0560734	1.92252
437.812	-0.206502	1.90057
437.98	-0.360765	1.85311
438.147	-0.51938	1.77943
438.315	-0.681948	1.67884
438.483	-0.84681	1.55078
438.65	-1.01071	1.39512
438.818	-1.16858	1.21242
438.985	-1.3135	1.00424
439.153	-1.4372	0.773444
439.32	-1.53106	0.524301
439.488	-1.58756	0.262473
439.655	-1.60198	-0.0053379
439.823	-1.57352	-0.271953
439.991	-1.50554	-0.530415
440.158	-1.40472	-0.774625
440.326	-1.2795	-0.999777
440.493	-1.1384	-1.20251
440.661	-0.988749	-1.38079
440.828	-0.835984	-1.53367
440.996	-0.683541	-1.66095
441.163	-0.533069	-1.76284
441.331	-0.384826	-1.83971
441.498	-0.238109	-1.89188
441.666	-0.0916459	-1.91951
441.834	0.0560734	-1.92252
442.001	0.206502	-1.90057
442.169	0.360765	-1.85311
442.336	0.51938	-1.77943
442.504	0.681948	-1.67884
442.671	0.84681	-1.55078
442.839	1.01071	-1.39512
443.006	1.16858	-1.21242
443.174	1.3135	-1.00424
443.342	1.4372	-0.773444
443.509	1.53106	-0.524301
443.677	1.58756	-0.262473
443.844	1.60198	0.0053379
444.012	1.57352	0.271953
444.179	1.50554	0.530415
444.347	1.40472	0.774625
444.514	1.2795	0.999777
444.682	1.1384	1.20251
444.85	0.988749	1.38079
445.017	0.835984	1.53367
445.185	0.683541	1.66095
445.352	0.533069	1.76284
445.52	0.384826	1.83971
445.687	0.238109	1.89188
445.855	0.0916459	1.91951
446.022	-0.0560734	1.92252
446.19	-0.206502	1.90057
446.357	-0.360765	1.85311
446.525	-0.51938	1.77943
446.693	-0.681948	1.67884
446.86	-0.84681	1.55078
447.028	-1.01071	1.39512
447.195	-1.16858	1.21242
447.363	-1.3135	1.00424
447.53	-1.4372	0.773444
447.698	-1.53106	0.524301
447.865	-1.58756	0.262473
448.033	-1.60198	-0.0053379
448.201	-1.57352	-0.271953
448.368	-1.50554	-0.530415
448.536	-1.40472	-0.774625
448.703	-1.2795	-0.999777
448.871	-1.1384	-1.20251
449.038	-0.988749	-1.38079
449.206	-0.835984	-1.53367
449.373	-0.683541	-1.66095
449.541	-0.533069	-1.76284
449.709	-0.384826	-1.83971
449.876	-0.238109	-1.89188
450.044	-0.0916459	-1.91951
450.211	0.0560734	-1.92252
450.379	0.206502	-1.90057
450.546	0.360765	-1.85311
450.714	0.51938	-1.77943
450.881	0.681948	-1.67884
451.049	0.84681	-1.55078
451.216	1.01071	-1.39512
451.384	1.16858	-1.21242
451.552	1.3135	-1.00424
451.719	1.4372	-0.773444
451.887	1.53106	-0.524301
452.054	1.58756	-0.262473
452.222	1.60198	0.0053379
452.389	1.57352	0.271953
452.557	1.50554	0.530415
452.724	1.40472	0.774625
452.892	1.2795	0.999777
453.06	1.1384	1.20251
453.227	0.988749	1.38079
453.395	0.835984	1.53367
453.562	0.683541	1.66095
453.73	0.533069	1.76284
453.897	0.384826	1.83971
454.065	0.238109	1.89188
454.232	0.0916459	1.91951
454.4	-0.0560734	1.92252
454.568	-0.206502	1.90057
454.735	-0.360765	1.85311
454.903	-0.51938	1.77943
455.07	-0.681948	1.67884
455.238	-0.84681	1.55078
455.405	-1.01071	1.39512
455.573	-1.16858	1.21242
455.74	-1.3135	1.00424
455.908	-1.4372	0.773444
456.075	-1.53106	0.524301
456.243	-1.58756	0.262473
456.411	-1.60198	-0.0053379
456.578	-1.57352	-0.271953
456.746	-1.50554	-0.530415
456.913	-1.40472	-0.774625
457.081	-1.2795	-0.999777
457.248	-1.1384	-1.20251
457.416	-0.988749	-1.38079
457.583	-0.835984	-1.53367
457.751	-0.683541	-1.66095
457.919	-0.533069	-1.76284
458.086	-0.384826	-1.83971
458.254	-0.238109	-1.89188
458.421	-0.0916459	-1.91951
458.589	0.0560734	-1.92252
458.756	0.206502	-1.90057
458.924	0.360765	-1.85311
459.091	0.51938	-1.77943
459.259	0.681948	-1.67884
459.427	0.84681	-1.55078
459.594	1.01071	-1.39512
459.762	1.16858	-1.21242
459.929	1.3135	-1.00424
460.097	1.4372	-0.773444
460.264	1.53106	-0.524301
460.432	1.58756	-0.262473
460.599	1.60198	0.0053379
460.767	1.57352	0.271953
460.934	1.50554	0.530415
461.102	1.40472	0.774625
461.27	1.2795	0.999777
461.437	1.1384	1.20251
461.605	0.988749	1.38079
461.772	0.835984	1.53367
461.94	0.683541	1.66095
462.107	0.533069	1.76284
462.275	0.384826	1.83971
462.442	0.238109	1.89188
462.61	0.0916459	1.91951
462.778	-0.0560734	1.92252
462.945	-0.206502	1.90057
463.113	-0.360765	1.85311
463.28	-0.51938	1.77943
463.448	-0.681948	1.67884
463.615	-0.84681	1.55078
463.783	-1.01071	1.39512
463.95	-1.16858	1.21242
464.118	-1.3135	1.00424
464.286	-1.4372	0.773444
464.453	-1.53106	0.524301
464.621	-1.58756	0.262473
464.788	-1.60198	-0.0053379
464.956	-1.57352	-0.271953
465.123	-1.50554	-0.530415
465.291	-1.40472	-0.774625
465.458	-1.2795	-0.999777
465.626	-1.1384	-1.20251
465.793	-0.988749	-1.38079
465.961	-0.835984	-1.53367
466.129	-0.683541	-1.66095
466.296	-0.533069	-1.76284
466.464	-0.384826	-1.83971
466.631	-0.238109	-1.89188
466.799	-0.0916459	-1.91951
466.966	0.0560734	-1.92252
467.134	0.206502	-1.90057
467.301	0.360765	-1.85311
467.469	0.51938	-1.77943
467.637	0.681948	-1.67884
467.804	0.84681	-1.55078
467.972	1.01071	-1.39512
468.139	1.16858	-1.21242
468.307	1.3135	-1.00424
468.474	1.4372	-0.773444
468.642	1.53106	-0.524301
468.809	1.58756	-0.262473
468.977	1.60198	0.0053379
469.145	1.57352	0.271953
469.312	1.50554	0.530415
469.48	1.40472	0.774625
469.647	1.2795	0.999777
469.815	1.1384	1.20251
469.982	0.988749	1.38079
470.15	0.835984	1.53367
470.317	0.683541	1.66095
470.485	0.533069	1.76284
470.652	0.384826	1.83971
470.82	0.238109	1.89188
470.988	0.0916459	1.91951
471.155	-0.0560734	1.92252
471.323	-0.206502	1.90057
471.49	-0.360765	1.85311
471.658	-0.51938	1.77943
471.825	-0.681948	1.67884
471.993	-0.84681	1.55078
472.16	-1.01071	1.39512
472.328	-1.16858	1.21242
472.496	-1.3135	1.00424
472.663	-1.4372	0.773444
472.831	-1.53106	0.524301
472.998	-1.58756	0.262473
473.166	-1.60198	-0.0053379
473.333	-1.57352	-0.271953
473.501	-1.50554	-0.530415
473.668	-1.40472	-0.774625
473.836	-1.2795	-0.999777
474.003	-1.1384	-1.20251
474.171	-0.988749	-1.38079
474.339	-0.835984	-1.53367
474.506	-0.683541	-1.66095
474.674	-0.533069	-1.76284
474.841	-0.384826	-1.83971
475.009	-0.238109	-1.89188
475.176	-0.0916459	-1.91951
475.344	0.0560734	-1.92252
475.511	0.206502	-1.90057
475.679	0.360765	-1.85311
475.847	0.51938	-1.77943
476.014	0.681948	-1.67884
476.182	0.84681	-1.55078
476.349	1.01071	-1.39512
476.517	1.16858	-1.21242
476.684	1.3135	-1.00424
476.852	1.4372	-0.773444
477.019	1.53106	-0.524301
477.187	1.58756	-0.262473
477.355	1.60198	0.0053379
477.522	1.57352	0.271953
477.69	1.50554	0.530415
477.857	1.40472	0.774625
478.025	1.2795	0.999777
478.192	1.1384	1.20251
478.36	0.988749	1.38079
478.527	0.835984	1.53367
478.695	0.683541	1.66095
478.862	0.533069	1.76284
479.03	0.384826	1.83971
479.198	0.238109	1.89188
479.365	0.0916459	1.91951
479.533	-0.0560734	1.92252
479.7	-0.206502	1.90057
479.868	-0.360765	1.85311
480.035	-0.51938	1.77943
480.203	-0.681948	1.67884
480.37	-0.84681	1.55078
480.538	-1.01071	1.39512
480.706	-1.16858	1.21242
480.873	-1.3135	1.00424
481.041	-1.4372	0.773444
481.208	-1.53106	0.524301
481.376	-1.58756	0.262473
481.543	-1.60198	-0.0053379
481.711	-1.57352	-0.271953
481.878	-1.50554	-0.530415
482.046	-1.40472	-0.774625
482.214	-1.2795	-0.999777
482.381	-1.1384	-1.20251
482.549	-0.988749	-1.38079
482.716	-0.835984	-1.53367
482.884	-0.683541	-1.66095
483.051	-0.533069	-1.76284
483.219	-0.384826	-1.83971
483.386	-0.238109	-1.89188
483.554	-0.0916459	-1.91951
483.721	0.0560734	-1.92252
483.889	0.206502	-1.90057
484.057	0.360765	-1.85311
484.224	0.51938	-1.77943
484.392	0.681948	-1.67884
484.559	0.84681	-1.55078
484.727	1.01071	-1.39512
484.894	1.16858	-1.21242
485.062	1.3135	-1.00424
485.229	1.4372	-0.773444
485.397	1.53106	-0.524301
485.565	1.58756	-0.262473
485.732	1.60198	0.0053379
485.9	1.57352	0.271953
486.067	1.50554	0.530415
486.235	1.40472	0.774625
486.402	1.2795	0.999777
486.57	1.1384	1.20251
486.737	0.988749	1.38079
486.905	0.835984	1.53367
487.073	0.683541	1.66095
487.24	0.533069	1.76284
487.408	0.384826	1.83971
487.575	0.238109	1.89188
487.743	0.0916459	1.91951
487.91	-0.0560734	1.92252
488.078	-0.206502	1.90057
488.245	-0.360765	1.85311
488.413	-0.51938	1.77943
488.58	-0.681948	1.67884
488.748	-0.84681	1.55078
488.916	-1.01071	1.39512
489.083	-1.16858	1.21242
489.251	-1.3135	1.00424
489.418	-1.4372	0.773444
489.586	-1.53106	0.524301
489.753	-1.58756	0.262473
489.921	-1.60198	-0.0053379
490.088	-1.57352	-0.271953
490.256	-1.50554	-0.530415
490.424	-1.40472	-0.774625
490.591	-1.2795	-0.999777
490.759	-1.1384	-1.20251
490.926	-0.988749	-1.38079
491.094	-0.835984	-1.53367
491.261	-0.683541	-1.66095
491.429	-0.533069	-1.76284
491.596	-0.384826	-1.83971
491.764	-0.238109	-1.89188
491.932	-0.0916459	-1.91951
492.099	0.0560734	-1.92252
492.267	0.206502	-1.90057
492.434	0.360765	-1.85311
492.602	0.51938	-1.77943
492.769	0.681948	-1.67884
492.937	0.84681	-1.55078
493.104	1.01071	-1.39512
493.272	1.16858	-1.21242
493.439	1.3135	-1.00424
493.607	1.4372	-0.773444
493.775	1.53106	-0.524301
493.942	1.58756	-0.262473
494.11	1.60198	0.0053379
494.277	1.57352	0.271953
494.445	1.50554	0.530415
494.612	1.40472	0.774625
494.78	1.2795	0.999777
494.947	1.1384	1.20251
495.115	0.988749	1.38079
495.283	0.835984	1.53367
495.45	0.683541	1.66095
495.618	0.533069	1.76284
495.785	0.384826	1.83971
495.953	0.238109	1.89188
496.12	0.0916459	1.91951
496.288	-0.0560734	1.92252
496.455	-0.206502	1.90057
496.623	-0.360765	1.85311
496.791	-0.51938	1.77943
496.958	-0.681948	1.67884
497.126	-0.84681	1.55078
497.293	-1.01071	1.39512
497.461	-1.16858	1.21242
497.628	-1.3135	1.00424
497.796	-1.4372	0.773444
497.963	-1.53106	0.524301
498.131	-1.58756	0.262473
498.298	-1.60198	-0.0053379
498.466	-1.57352	-0.271953
498.634	-1.50554	-0.530415
498.801	-1.40472	-0.774625
498.969	-1.2795	-0.999777
499.136	-1.1384	-1.20251
499.304	-0.988749	-1.38079
499.471	-0.835984	-1.53367
499.639	-0.683541	-1.66095
499.806	-0.533069	-1.76284
499.974	-0.384826	-1.83971
