#t	omega	theta
0	0.75	0
0.167552	0.812399	0.131259
0.335103	0.84772	0.270723
0.502655	0.855365	0.413785
0.670206	0.836039	0.55585
0.837758	0.791551	0.692537
1.00531	0.724477	0.819839
1.17286	0.637764	0.934215
1.34041	0.53437	1.03262
1.50796	0.417003	1.1125
1.67552	0.287991	1.17171
1.84307	0.149293	1.20847
2.01062	0.00261225	1.2213
2.17817	-0.150402	1.20899
2.34572	-0.307904	1.17064
2.51327	-0.467576	1.10569
2.68083	-0.626378	1.01401
2.84838	-0.780373	0.896055
3.01593	-0.924687	0.753039
3.18348	-1.05371	0.587043
3.35103	-1.16157	0.40112
3.51858	-1.24287	0.199282
3.68614	-1.29354	-0.0136543
3.85369	-1.31161	-0.232361
4.02124	-1.29764	-0.451386
4.18879	-1.25453	-0.665574
4.35634	-1.18693	-0.870413
4.52389	-1.10037	-1.06226
4.69145	-1.0003	-1.2384
4.859	-0.891424	-1.39697
5.02655	-0.777274	-1.53682
5.1941	-0.660101	-1.65727
5.36165	-0.540967	-1.75792
5.5292	-0.419949	-1.83845
5.69675	-0.29639	-1.8985
5.86431	-0.169147	-1.93756
6.03186	-0.0368229	-1.9549
6.19941	0.102016	-1.94954
6.36696	0.248629	-1.92028
6.53451	0.403862	-1.86574
6.70206	0.567867	-1.78445
6.86962	0.73976	-1.675
7.03717	0.917213	-1.53624
7.20472	1.09605	-1.36756
7.37227	1.26993	-1.16923
7.53982	1.43042	-0.942748
7.70737	1.56755	-0.691192
7.87493	1.67122	-0.419329
8.04248	1.73312	-0.133501
8.21003	1.74872	0.158849
8.37758	1.71856	0.449934
8.54513	1.64815	0.732489
8.71268	1.54652	1.00049
8.88024	1.42408	1.24957
9.04779	1.29067	1.4771
9.21534	1.15416	1.68191
9.38289	1.01998	1.86399
9.55044	0.891188	2.02401
9.71799	0.7689	2.163
9.88554	0.652792	2.28202
10.0531	0.5416	2.38203
10.2206	0.433502	2.46369
10.3882	0.326388	2.52735
10.5558	0.21805	2.57299
10.7233	0.106293	2.60023
10.8909	-0.0109996	2.6083
11.0584	-0.135823	2.59612
11.226	-0.270011	2.56226
11.3935	-0.415179	2.50502
11.5611	-0.572597	2.42245
11.7286	-0.742981	2.31242
11.8962	-0.926126	2.17276
12.0637	-1.12036	2.00145
12.2313	-1.32181	1.79692
12.3988	-1.5236	1.55848
12.5664	-1.71534	1.28691
12.7339	-1.88324	0.984993
12.9015	-2.01174	0.65803
13.069	-2.08655	0.31386
13.2366	-2.09845	-0.0376506
13.4041	-2.04629	-0.385743
13.5717	-1.93737	-0.720186
13.7392	-1.7851	-1.03254
13.9068	-1.60507	-1.31683
14.0743	-1.41153	-1.56965
14.2419	-1.21524	-1.78969
14.4094	-1.02293	-1.97711
14.577	-0.837836	-2.13289
14.7445	-0.660541	-2.25831
14.9121	-0.489923	-2.35461
15.0796	-0.323877	-2.42274
15.2472	-0.159837	-2.46326
15.4147	0.00488518	-2.47627
15.5823	0.172875	-2.46144
15.7499	0.346445	-2.41802
15.9174	0.527457	-2.34493
16.085	0.71706	-2.24079
16.2525	0.915298	-2.10415
16.4201	1.12054	-1.93367
16.5876	1.32877	-1.72848
16.7552	1.53281	-1.48863
16.9227	1.72196	-1.21566
17.0903	1.88245	-0.913188
17.2578	1.99925	-0.587285
17.4254	2.05936	-0.24641
17.5929	2.05541	0.09922
17.7605	1.98812	0.438812
17.928	1.86605	0.762375
18.0956	1.70296	1.06184
18.2631	1.51392	1.3316
18.4307	1.31219	1.56846
18.5982	1.10746	1.77116
18.7658	0.905548	1.93973
18.9333	0.709036	2.07491
19.1009	0.518117	2.17765
19.2684	0.331473	2.24878
19.436	0.146961	2.28885
19.6035	-0.0378821	2.29801
19.7711	-0.225474	2.276
19.9386	-0.417883	2.22218
20.1062	-0.616501	2.13561
20.2737	-0.821644	2.01522
20.4413	-1.032	1.85998
20.6088	-1.24396	1.6693
20.7764	-1.45097	1.4434
20.944	-1.64315	1.1839
21.1115	-1.80773	0.894312
21.2791	-1.93067	0.580448
21.4466	-1.9996	0.250364
21.6142	-2.00721	-0.086186
21.7817	-1.95356	-0.418822
21.9493	-1.84618	-0.737819
22.1168	-1.69779	-1.03519
22.2844	-1.52275	-1.30527
22.4519	-1.33403	-1.54471
22.6195	-1.14141	-1.75209
22.787	-0.95102	-1.92733
22.9546	-0.765775	-2.07108
23.1221	-0.586185	-2.18426
23.2897	-0.411171	-2.26776
23.4572	-0.238733	-2.32219
23.6248	-0.0664466	-2.34777
23.7923	0.108192	-2.34433
23.9599	0.287504	-2.31126
24.1274	0.473382	-2.24761
24.295	0.666997	-2.15219
24.4625	0.868392	-2.02366
24.6301	1.07592	-1.86084
24.7976	1.28557	-1.663
24.9652	1.49027	-1.43031
25.1327	1.6796	-1.16445
25.3003	1.8403	-0.869071
25.4678	1.95807	-0.550165
25.6354	2.02066	-0.216008
25.8029	2.02131	0.123491
25.9705	1.96091	0.457914
26.1381	1.84785	0.777646
26.3056	1.69539	1.07493
26.4732	1.51811	1.34439
26.6407	1.32888	1.58299
26.8083	1.13715	1.78957
26.9758	0.948727	1.96425
27.1434	0.766212	2.10783
27.3109	0.589883	2.22136
27.4785	0.418495	2.30578
27.646	0.249945	2.36175
27.8136	0.0817391	2.38956
27.9811	-0.0886848	2.38902
28.1487	-0.263719	2.35958
28.3162	-0.445372	2.30028
28.4838	-0.635014	2.20988
28.6513	-0.833008	2.08701
28.8189	-1.03819	1.93034
28.9864	-1.24722	1.73889
29.154	-1.4538	1.51252
29.3215	-1.64828	1.25239
29.4891	-1.81783	0.961564
29.6566	-1.94792	0.645434
29.8242	-2.02517	0.31177
29.9917	-2.0409	-0.0297571
30.1593	-1.99385	-0.36862
30.3268	-1.89073	-0.69476
30.4944	-1.74404	-0.999772
30.6619	-1.56857	-1.27759
30.8295	-1.37798	-1.52457
30.997	-1.1828	-1.7391
31.1646	-0.989764	-1.92105
31.3322	-0.802218	-2.07109
31.4997	-0.62092	-2.19023
31.6673	-0.444913	-2.27946
31.8348	-0.272233	-2.33951
32.0024	-0.100431	-2.37073
32.1699	0.0730582	-2.37307
32.3375	0.250658	-2.34602
32.505	0.43442	-2.28873
32.6726	0.625753	-2.20002
32.8401	0.825061	-2.07859
33.0077	1.03122	-1.92315
33.1752	1.2409	-1.73282
33.3428	1.44788	-1.50747
33.5103	1.64254	-1.24831
33.6779	1.81215	-0.958444
33.8454	1.94225	-0.643265
34.013	2.01957	-0.310546
34.1805	2.03548	0.0300554
34.3481	1.98875	0.368035
34.5156	1.88604	0.693354
34.6832	1.7398	0.997618
34.8507	1.56472	1.27476
35.0183	1.37443	1.52112
35.1858	1.1794	1.73508
35.3534	0.986367	1.91646
35.5209	0.798675	2.06591
35.6885	0.617095	2.18444
35.856	0.44068	2.27299
36.0236	0.26748	2.33229
36.1911	0.0950586	2.36267
36.3587	-0.0791357	2.36405
36.5263	-0.257507	2.33592
36.6938	-0.442077	2.27741
36.8614	-0.634206	2.18735
37.0289	-0.834219	2.06444
37.1965	-1.04088	1.90743
37.364	-1.2507	1.71546
37.5316	-1.45726	1.48849
37.6991	-1.65077	1.22785
37.8667	-1.81835	0.936757
38.0342	-1.94559	0.620767
38.2018	-2.01944	0.287775
38.3693	-2.03171	-0.0524985
38.5369	-1.98169	-0.389563
38.7044	-1.87647	-0.713476
38.872	-1.7287	-1.01599
39.0395	-1.55306	-1.29121
39.2071	-1.36299	-1.53563
39.3746	-1.16872	-1.74773
39.5422	-0.976768	-1.92741
39.7097	-0.790284	-2.07536
39.8773	-0.609918	-2.19258
40.0448	-0.434652	-2.28003
40.2124	-0.262497	-2.33841
40.3799	-0.0910031	-2.36803
40.5475	0.0823834	-2.3688
40.715	0.260062	-2.34018
40.8826	0.444045	-2.28129
41.0501	0.635691	-2.19095
41.2177	0.835323	-2.06782
41.3852	1.0417	-1.91065
41.5528	1.25135	-1.71856
41.7204	1.45787	-1.49149
41.8879	1.65144	-1.23074
42.0555	1.8192	-0.939522
42.223	1.9467	-0.62337
42.3906	2.02085	-0.290166
42.5581	2.03341	0.0503694
42.7257	1.98361	0.387738
42.8932	1.87852	0.711985
43.0608	1.73077	1.01485
43.2283	1.55508	1.29041
43.3959	1.36492	1.53516
43.5634	1.17055	1.74758
43.731	0.978496	1.92755
43.8985	0.791938	2.07578
44.0661	0.611532	2.19328
44.2336	0.436264	2.281
44.4012	0.264143	2.33965
44.5687	0.0927194	2.36955
44.7363	-0.0805646	2.37062
44.9038	-0.258113	2.34232
45.0714	-0.441949	2.28377
45.2389	-0.633441	2.19379
45.4065	-0.832932	2.07105
45.574	-1.03921	1.91429
45.7416	-1.24885	1.72262
45.9091	-1.45547	1.49596
46.0767	-1.64933	1.23559
46.2442	-1.81758	0.944688
46.4118	-1.94578	0.62875
46.5793	-2.02077	0.295632
46.7469	-2.03421	-0.0449641
46.9145	-1.98521	-0.382536
47.082	-1.88073	-0.707106
47.2496	-1.73336	-1.01038
47.4171	-1.55781	-1.28639
47.5847	-1.36759	-1.53159
47.7522	-1.17304	-1.74444
47.9198	-0.980727	-1.92481
48.0873	-0.793873	-2.07339
48.2549	-0.613167	-2.19119
48.4224	-0.437612	-2.27916
48.59	-0.265227	-2.33801
48.7575	-0.0935656	-2.36808
48.9251	0.0799297	-2.36926
49.0926	0.257664	-2.34105
49.2602	0.44166	-2.28257
49.4277	0.633287	-2.19262
49.5953	0.832887	-2.0699
49.7628	1.03925	-1.91314
49.9304	1.24893	-1.72146
50.0979	1.45555	-1.49478
50.2655	1.64937	-1.23441
50.433	1.81753	-0.943505
50.6006	1.94559	-0.627587
50.7681	2.02043	-0.294512
50.9357	2.03371	0.0460137
51.1032	1.98458	0.383491
51.2708	1.88001	0.707947
51.4383	1.7326	1.01109
51.6059	1.55704	1.28698
51.7734	1.36686	1.53205
51.941	1.17235	1.74478
52.1086	0.980083	1.92504
52.2761	0.793276	2.07352
52.4437	0.61261	2.19122
52.6112	0.437083	2.2791
52.7788	0.264716	2.33786
52.9463	0.0930594	2.36784
53.1139	-0.0804407	2.36894
53.2814	-0.258189	2.34065
53.449	-0.442206	2.28207
53.6165	-0.633858	2.19204
53.7841	-0.833482	2.06922
53.9516	-1.03986	1.91235
54.1192	-1.24954	1.72057
54.2867	-1.45614	1.49379
54.4543	-1.64989	1.23332
54.6218	-1.81794	0.942343
54.7894	-1.94584	0.626369
54.9569	-2.02048	0.293269
55.1245	-2.03356	-0.0472482
55.292	-1.98425	-0.384685
55.4596	-1.87953	-0.709072
55.6271	-1.73203	-1.01213
55.7947	-1.55645	-1.28791
55.9622	-1.36627	-1.53289
56.1298	-1.1718	-1.74552
56.2973	-0.979594	-1.9257
56.4649	-0.792855	-2.0741
56.6324	-0.612259	-2.19173
56.8	-0.436801	-2.27956
56.9675	-0.264497	-2.33828
57.1351	-0.0928987	-2.36823
57.3027	0.0805487	-2.36931
57.4702	0.25825	-2.341
57.6378	0.442225	-2.28242
57.8053	0.633842	-2.19238
57.9729	0.833436	-2.06957
58.1404	1.03979	-1.91271
58.308	1.24946	-1.72094
58.4755	1.45606	-1.49418
58.6431	1.64983	-1.23372
58.8106	1.81791	-0.942746
58.9782	1.94586	-0.626773
59.1457	2.02056	-0.293665
59.3133	2.0337	0.046871
59.4808	1.98444	0.384335
59.6484	1.87976	0.708757
59.8159	1.73227	1.01185
59.9835	1.55669	1.28768
60.151	1.36651	1.5327
60.3186	1.17202	1.74537
60.4861	0.9798	1.92558
60.6537	0.793043	2.07401
60.8212	0.612431	2.19167
60.9888	0.436959	2.27953
61.1563	0.264644	2.33828
61.3239	0.0930393	2.36825
61.4914	-0.0804119	2.36935
61.659	-0.258114	2.34107
61.8265	-0.442088	2.28251
61.9941	-0.633702	2.19249
62.1616	-0.833293	2.0697
62.3292	-1.03965	1.91287
62.4967	-1.24932	1.72112
62.6643	-1.45592	1.49439
62.8319	-1.64971	1.23395
62.9994	-1.81781	0.942995
63.167	-1.9458	0.627036
63.3345	-2.02054	0.293935
63.5021	-2.03372	-0.0466012
63.6696	-1.9845	-0.384073
63.8372	-1.87985	-0.708508
64.0047	-1.73239	-1.01162
64.1723	-1.55682	-1.28747
64.3398	-1.36663	-1.53251
64.5074	-1.17214	-1.7452
64.6749	-0.979901	-1.92543
64.8425	-0.793129	-2.07388
65.01	-0.612501	-2.19155
65.1776	-0.437013	-2.27942
65.3451	-0.264684	-2.33817
65.5127	-0.0930657	-2.36815
65.6802	0.0803982	-2.36926
65.8478	0.258112	-2.34097
66.0153	0.442096	-2.28241
66.1829	0.633719	-2.1924
66.3504	0.833318	-2.0696
66.518	1.03968	-1.91277
66.6855	1.24935	-1.72101
66.8531	1.45596	-1.49427
67.0206	1.64973	-1.23383
67.1882	1.81783	-0.942872
67.3557	1.9458	-0.626911
67.5233	2.02052	-0.293811
67.6908	2.03369	0.0467204
67.8584	1.98445	0.384184
68.026	1.87979	0.70861
68.1935	1.73232	1.01171
68.3611	1.55674	1.28755
68.5286	1.36656	1.53257
68.6962	1.17207	1.74525
68.8637	0.979841	1.92547
69.0313	0.793075	2.07391
69.1988	0.612452	2.19158
69.3664	0.436969	2.27943
69.5339	0.264644	2.33819
69.7015	0.0930284	2.36816
69.869	-0.0804334	2.36926
70.0366	-0.258146	2.34097
70.2041	-0.44213	2.2824
70.3717	-0.633752	2.19238
70.5392	-0.833351	2.06958
70.7068	-1.03971	1.91274
70.8743	-1.24938	1.72098
71.0419	-1.45599	1.49423
71.2094	-1.64976	1.23378
71.377	-1.81785	0.942822
71.5445	-1.94582	0.626858
71.7121	-2.02053	0.293756
71.8796	-2.03369	-0.0467758
72.0472	-1.98444	-0.384238
72.2147	-1.87977	-0.708662
72.3823	-1.7323	-1.01176
72.5498	-1.55672	-1.28759
72.7174	-1.36653	-1.53261
72.8849	-1.17205	-1.74529
73.0525	-0.979821	-1.9255
73.2201	-0.793059	-2.07394
73.3876	-0.612439	-2.19161
73.5552	-0.43696	-2.27946
73.7227	-0.264638	-2.33821
73.8903	-0.0930254	-2.36818
74.0578	0.0804334	-2.36928
74.2254	0.258143	-2.34099
74.3929	0.442124	-2.28242
74.5605	0.633745	-2.1924
74.728	0.833342	-2.06961
74.8956	1.0397	-1.91277
75.0631	1.24937	-1.72101
75.2307	1.45598	-1.49426
75.3982	1.64975	-1.23382
75.5658	1.81784	-0.942857
75.7333	1.94581	-0.626894
75.9009	2.02053	-0.293792
76.0684	2.0337	0.046741
76.236	1.98445	0.384206
76.4035	1.87979	0.708632
76.5711	1.73232	1.01173
76.7386	1.55674	1.28757
76.9062	1.36655	1.53259
77.0737	1.17207	1.74527
77.2413	0.979838	1.92549
77.4088	0.793074	2.07393
77.5764	0.612453	2.1916
77.7439	0.436972	2.27945
77.9115	0.264648	2.3382
78.079	0.093035	2.36818
78.2466	-0.0804247	2.36928
78.4142	-0.258135	2.34099
78.5817	-0.442117	2.28242
78.7493	-0.633737	2.19241
78.9168	-0.833334	2.06961
79.0844	-1.03969	1.91277
79.2519	-1.24936	1.72101
79.4195	-1.45597	1.49427
79.587	-1.64975	1.23382
79.7546	-1.81784	0.942866
79.9221	-1.94581	0.626904
80.0897	-2.02053	0.293802
80.2572	-2.0337	-0.0467306
80.4248	-1.98446	-0.384195
80.5923	-1.87979	-0.708622
80.7599	-1.73232	-1.01172
80.9274	-1.55674	-1.28756
81.095	-1.36656	-1.53258
81.2625	-1.17207	-1.74527
81.4301	-0.979841	-1.92548
81.5976	-0.793076	-2.07392
81.7652	-0.612454	-2.19159
81.9327	-0.436973	-2.27945
82.1003	-0.264649	-2.3382
82.2678	-0.0930348	-2.36817
82.4354	0.0804255	-2.36927
82.6029	0.258136	-2.34098
82.7705	0.442119	-2.28242
82.938	0.63374	-2.1924
83.1056	0.833337	-2.0696
83.2731	1.03969	-1.91276
83.4407	1.24937	-1.72101
83.6083	1.45597	-1.49426
83.7758	1.64975	-1.23382
83.9434	1.81784	-0.942857
84.1109	1.94581	-0.626894
84.2785	2.02053	-0.293792
84.446	2.03369	0.0467402
84.6136	1.98445	0.384204
84.7811	1.87979	0.70863
84.9487	1.73231	1.01173
85.1162	1.55674	1.28757
85.2838	1.36655	1.53259
85.4513	1.17207	1.74527
85.6189	0.979837	1.92549
85.7864	0.793072	2.07393
85.954	0.612451	2.19159
86.1215	0.43697	2.27945
86.2891	0.264646	2.3382
86.4566	0.0930324	2.36817
86.6242	-0.0804276	2.36927
86.7917	-0.258138	2.34098
86.9593	-0.44212	2.28242
87.1268	-0.633741	2.1924
87.2944	-0.833339	2.0696
87.4619	-1.0397	1.91276
87.6295	-1.24937	1.72101
87.797	-1.45597	1.49426
87.9646	-1.64975	1.23381
88.1321	-1.81784	0.942855
88.2997	-1.94581	0.626892
88.4672	-2.02053	0.293791
88.6348	-2.03369	-0.0467418
88.8024	-1.98445	-0.384206
88.9699	-1.87979	-0.708632
89.1375	-1.73231	-1.01173
89.305	-1.55674	-1.28757
89.4726	-1.36655	-1.53259
89.6401	-1.17207	-1.74527
89.8077	-0.979836	-1.92549
89.9752	-0.793072	-2.07393
90.1428	-0.612451	-2.19159
90.3103	-0.43697	-2.27945
90.4779	-0.264646	-2.3382
90.6454	-0.0930327	-2.36817
90.813	0.0804272	-2.36927
90.9805	0.258138	-2.34099
91.1481	0.44212	-2.28242
91.3156	0.633741	-2.1924
91.4832	0.833338	-2.0696
91.6507	1.0397	-1.91277
91.8183	1.24937	-1.72101
91.9858	1.45597	-1.49426
92.1534	1.64975	-1.23382
92.3209	1.81784	-0.942858
92.4885	1.94581	-0.626895
92.656	2.02053	-0.293793
92.8236	2.03369	0.0467393
92.9911	1.98445	0.384204
93.1587	1.87979	0.708629
93.3262	1.73232	1.01173
93.4938	1.55674	1.28757
93.6613	1.36655	1.53259
93.8289	1.17207	1.74527
93.9965	0.979838	1.92549
94.164	0.793073	2.07393
94.3316	0.612452	2.19159
94.4991	0.436971	2.27945
94.6667	0.264647	2.3382
94.8342	0.0930333	2.36817
95.0018	-0.0804267	2.36927
95.1693	-0.258137	2.34099
95.3369	-0.442119	2.28242
95.5044	-0.63374	2.1924
95.672	-0.833338	2.0696
95.8395	-1.03969	1.91277
96.0071	-1.24937	1.72101
96.1746	-1.45597	1.49426
96.3422	-1.64975	1.23382
96.5097	-1.81784	0.942858
96.6773	-1.94581	0.626895
96.8448	-2.02053	0.293793
97.0124	-2.03369	-0.0467391
97.1799	-1.98445	-0.384204
97.3475	-1.87979	-0.708629
97.515	-1.73232	-1.01173
97.6826	-1.55674	-1.28757
97.8501	-1.36655	-1.53259
98.0177	-1.17207	-1.74527
98.1852	-0.979838	-1.92549
98.3528	-0.793073	-2.07393
98.5203	-0.612452	-2.19159
98.6879	-0.43697	-2.27945
98.8554	-0.264647	-2.3382
99.023	-0.0930331	-2.36817
99.1906	0.0804269	-2.36927
99.3581	0.258137	-2.34098
99.5257	0.44212	-2.28242
99.6932	0.63374	-2.1924
99.8608	0.833338	-2.0696
100.028	1.0397	-1.91276
100.196	1.24937	-1.72101
100.363	1.45597	-1.49426
100.531	1.64975	-1.23382
100.699	1.81784	-0.942857
100.866	1.94581	-0.626894
101.034	2.02053	-0.293793
101.201	2.03369	0.0467398
101.369	1.98445	0.384204
101.536	1.87979	0.70863
101.704	1.73232	1.01173
101.871	1.55674	1.28757
102.039	1.36655	1.53259
102.206	1.17207	1.74527
102.374	0.979837	1.92549
102.542	0.793073	2.07393
102.709	0.612451	2.19159
102.877	0.43697	2.27945
103.044	0.264647	2.3382
103.212	0.093033	2.36817
103.379	-0.080427	2.36927
103.547	-0.258137	2.34098
103.714	-0.44212	2.28242
103.882	-0.63374	2.1924
104.05	-0.833338	2.0696
104.217	-1.0397	1.91276
104.385	-1.24937	1.72101
104.552	-1.45597	1.49426
104.72	-1.64975	1.23382
104.887	-1.81784	0.942857
105.055	-1.94581	0.626895
105.222	-2.02053	0.293793
105.39	-2.03369	-0.0467398
105.558	-1.98445	-0.384204
105.725	-1.87979	-0.70863
105.893	-1.73232	-1.01173
106.06	-1.55674	-1.28757
106.228	-1.36655	-1.53259
106.395	-1.17207	-1.74527
106.563	-0.979837	-1.92549
106.73	-0.793073	-2.07393
106.898	-0.612452	-2.19159
107.065	-0.43697	-2.27945
107.233	-0.264647	-2.3382
107.401	-0.0930331	-2.36817
107.568	0.0804269	-2.36927
107.736	0.258137	-2.34098
107.903	0.44212	-2.28242
108.071	0.63374	-2.1924
108.238	0.833338	-2.0696
108.406	1.0397	-1.91276
108.573	1.24937	-1.72101
108.741	1.45597	-1.49426
108.909	1.64975	-1.23382
109.076	1.81784	-0.942857
109.244	1.94581	-0.626895
109.411	2.02053	-0.293793
109.579	2.03369	0.0467396
109.746	1.98445	0.384204
109.914	1.87979	0.70863
110.081	1.73232	1.01173
110.249	1.55674	1.28757
110.417	1.36655	1.53259
110.584	1.17207	1.74527
110.752	0.979837	1.92549
110.919	0.793073	2.07393
111.087	0.612452	2.19159
111.254	0.43697	2.27945
111.422	0.264647	2.3382
111.589	0.0930331	2.36817
111.757	-0.0804269	2.36927
111.924	-0.258137	2.34098
112.092	-0.44212	2.28242
112.26	-0.63374	2.1924
112.427	-0.833338	2.0696
112.595	-1.0397	1.91276
112.762	-1.24937	1.72101
112.93	-1.45597	1.49426
113.097	-1.64975	1.23382
113.265	-1.81784	0.942857
113.432	-1.94581	0.626895
113.6	-2.02053	0.293793
113.768	-2.03369	-0.0467396
113.935	-1.98445	-0.384204
114.103	-1.87979	-0.70863
114.27	-1.73232	-1.01173
114.438	-1.55674	-1.28757
114.605	-1.36655	-1.53259
114.773	-1.17207	-1.74527
114.94	-0.979837	-1.92549
115.108	-0.793073	-2.07393
115.276	-0.612452	-2.19159
115.443	-0.43697	-2.27945
115.611	-0.264647	-2.3382
115.778	-0.0930331	-2.36817
115.946	0.0804269	-2.36927
116.113	0.258137	-2.34098
116.281	0.44212	-2.28242
116.448	0.63374	-2.1924
116.616	0.833338	-2.0696
116.783	1.0397	-1.91276
116.951	1.24937	-1.72101
117.119	1.45597	-1.49426
117.286	1.64975	-1.23382
117.454	1.81784	-0.942857
117.621	1.94581	-0.626895
117.789	2.02053	-0.293793
117.956	2.03369	0.0467397
118.124	1.98445	0.384204
118.291	1.87979	0.70863
118.459	1.73232	1.01173
118.627	1.55674	1.28757
118.794	1.36655	1.53259
118.962	1.17207	1.74527
119.129	0.979837	1.92549
119.297	0.793073	2.07393
119.464	0.612452	2.19159
119.632	0.43697	2.27945
119.799	0.264647	2.3382
119.967	0.0930331	2.36817
120.135	-0.0804269	2.36927
120.302	-0.258137	2.34098
120.47	-0.44212	2.28242
120.637	-0.63374	2.1924
120.805	-0.833338	2.0696
120.972	-1.0397	1.91276
121.14	-1.24937	1.72101
121.307	-1.45597	1.49426
121.475	-1.64975	1.23382
121.642	-1.81784	0.942857
121.81	-1.94581	0.626895
121.978	-2.02053	0.293793
122.145	-2.03369	-0.0467397
122.313	-1.98445	-0.384204
122.48	-1.87979	-0.70863
122.648	-1.73232	-1.01173
122.815	-1.55674	-1.28757
122.983	-1.36655	-1.53259
123.15	-1.17207	-1.74527
123.318	-0.979837	-1.92549
123.486	-0.793073	-2.07393
123.653	-0.612452	-2.19159
123.821	-0.43697	-2.27945
123.988	-0.264647	-2.3382
124.156	-0.0930331	-2.36817
124.323	0.0804269	-2.36927
124.491	0.258137	-2.34098
124.658	0.44212	-2.28242
124.826	0.63374	-2.1924
124.993	0.833338	-2.0696
125.161	1.0397	-1.91276
125.329	1.24937	-1.72101
125.496	1.45597	-1.49426
125.664	1.64975	-1.23382
125.831	1.81784	-0.942857
125.999	1.94581	-0.626895
126.166	2.02053	-0.293793
126.334	2.03369	0.0467397
126.501	1.98445	0.384204
126.669	1.87979	0.70863
126.837	1.73232	1.01173
127.004	1.55674	1.28757
127.172	1.36655	1.53259
127.339	1.17207	1.74527
127.507	0.979837	1.92549
127.674	0.793073	2.07393
127.842	0.612452	2.19159
128.009	0.43697	2.27945
128.177	0.264647	2.3382
128.345	0.0930331	2.36817
128.512	-0.0804269	2.36927
128.68	-0.258137	2.34098
128.847	-0.44212	2.28242
129.015	-0.63374	2.1924
129.182	-0.833338	2.0696
129.35	-1.0397	1.91276
129.517	-1.24937	1.72101
129.685	-1.45597	1.49426
129.852	-1.64975	1.23382
130.02	-1.81784	0.942857
130.188	-1.94581	0.626895
130.355	-2.02053	0.293793
130.523	-2.03369	-0.0467397
130.69	-1.98445	-0.384204
130.858	-1.87979	-0.70863
131.025	-1.73232	-1.01173
131.193	-1.55674	-1.28757
131.36	-1.36655	-1.53259
131.528	-1.17207	-1.74527
131.696	-0.979837	-1.92549
131.863	-0.793073	-2.07393
132.031	-0.612452	-2.19159
132.198	-0.43697	-2.27945
132.366	-0.264647	-2.3382
132.533	-0.0930331	-2.36817
132.701	0.0804269	-2.36927
132.868	0.258137	-2.34098
133.036	0.44212	-2.28242
133.204	0.63374	-2.1924
133.371	0.833338	-2.0696
133.539	1.0397	-1.91276
133.706	1.24937	-1.72101
133.874	1.45597	-1.49426
134.041	1.64975	-1.23382
134.209	1.81784	-0.942857
134.376	1.94581	-0.626895
134.544	2.02053	-0.293793
134.711	2.03369	0.0467397
134.879	1.98445	0.384204
135.047	1.87979	0.70863
135.214	1.73232	1.01173
135.382	1.55674	1.28757
135.549	1.36655	1.53259
135.717	1.17207	1.74527
135.884	0.979837	1.92549
136.052	0.793073	2.07393
136.219	0.612452	2.19159
136.387	0.43697	2.27945
136.555	0.264647	2.3382
136.722	0.0930331	2.36817
136.89	-0.0804269	2.36927
137.057	-0.258137	2.34098
137.225	-0.44212	2.28242
137.392	-0.63374	2.1924
137.56	-0.833338	2.0696
137.727	-1.0397	1.91276
137.895	-1.24937	1.72101
138.063	-1.45597	1.49426
138.23	-1.64975	1.23382
138.398	-1.81784	0.942857
138.565	-1.94581	0.626895
138.733	-2.02053	0.293793
138.9	-2.03369	-0.0467397
139.068	-1.98445	-0.384204
139.235	-1.87979	-0.70863
139.403	-1.73232	-1.01173
139.57	-1.55674	-1.28757
139.738	-1.36655	-1.53259
139.906	-1.17207	-1.74527
140.073	-0.979837	-1.92549
140.241	-0.793073	-2.07393
140.408	-0.612452	-2.19159
140.576	-0.43697	-2.27945
140.743	-0.264647	-2.3382
140.911	-0.0930331	-2.36817
141.078	0.0804269	-2.36927
141.246	0.258137	-2.34098
141.414	0.44212	-2.28242
141.581	0.63374	-2.1924
141.749	0.833338	-2.0696
141.916	1.0397	-1.91276
142.084	1.24937	-1.72101
142.251	1.45597	-1.49426
142.419	1.64975	-1.23382
142.586	1.81784	-0.942857
142.754	1.94581	-0.626895
142.922	2.02053	-0.293793
143.089	2.03369	0.0467397
143.257	1.98445	0.384204
143.424	1.87979	0.70863
143.592	1.73232	1.01173
143.759	1.55674	1.28757
143.927	1.36655	1.53259
144.094	1.17207	1.74527
144.262	0.979837	1.92549
144.429	0.793073	2.07393
144.597	0.612452	2.19159
144.765	0.43697	2.27945
144.932	0.264647	2.3382
145.1	0.0930331	2.36817
145.267	-0.0804269	2.36927
145.435	-0.258137	2.34098
145.602	-0.44212	2.28242
145.77	-0.63374	2.1924
145.937	-0.833338	2.0696
146.105	-1.0397	1.91276
146.273	-1.24937	1.72101
146.44	-1.45597	1.49426
146.608	-1.64975	1.23382
146.775	-1.81784	0.942857
146.943	-1.94581	0.626895
147.11	-2.02053	0.293793
147.278	-2.03369	-0.0467397
147.445	-1.98445	-0.384204
147.613	-1.87979	-0.70863
147.781	-1.73232	-1.01173
147.948	-1.55674	-1.28757
148.116	-1.36655	-1.53259
148.283	-1.17207	-1.74527
148.451	-0.979837	-1.92549
148.618	-0.793073	-2.07393
148.786	-0.612452	-2.19159
148.953	-0.43697	-2.27945
149.121	-0.264647	-2.3382
149.288	-0.0930331	-2.36817
149.456	0.0804269	-2.36927
149.624	0.258137	-2.34098
149.791	0.44212	-2.28242
149.959	0.63374	-2.1924
150.126	0.833338	-2.0696
150.294	1.0397	-1.91276
150.461	1.24937	-1.72101
150.629	1.45597	-1.49426
150.796	1.64975	-1.23382
150.964	1.81784	-0.942857
151.132	1.94581	-0.626895
151.299	2.02053	-0.293793
151.467	2.03369	0.0467397
151.634	1.98445	0.384204
151.802	1.87979	0.70863
151.969	1.73232	1.01173
152.137	1.55674	1.28757
152.304	1.36655	1.53259
152.472	1.17207	1.74527
152.64	0.979837	1.92549
152.807	0.793073	2.07393
152.975	0.612452	2.19159
153.142	0.43697	2.27945
153.31	0.264647	2.3382
153.477	0.0930331	2.36817
153.645	-0.0804269	2.36927
153.812	-0.258137	2.34098
153.98	-0.44212	2.28242
154.147	-0.63374	2.1924
154.315	-0.833338	2.0696
154.483	-1.0397	1.91276
154.65	-1.24937	1.72101
154.818	-1.45597	1.49426
154.985	-1.64975	1.23382
155.153	-1.81784	0.942857
155.32	-1.94581	0.626895
155.488	-2.02053	0.293793
155.655	-2.03369	-0.0467397
155.823	-1.98445	-0.384204
155.991	-1.87979	-0.70863
156.158	-1.73232	-1.01173
156.326	-1.55674	-1.28757
156.493	-1.36655	-1.53259
156.661	-1.17207	-1.74527
156.828	-0.979837	-1.92549
156.996	-0.793073	-2.07393
157.163	-0.612452	-2.19159
157.331	-0.43697	-2.27945
157.499	-0.264647	-2.3382
157.666	-0.0930331	-2.36817
157.834	0.0804269	-2.36927
158.001	0.258137	-2.34098
158.169	0.44212	-2.28242
158.336	0.63374	-2.1924
158.504	0.833338	-2.0696
158.671	1.0397	-1.91276
158.839	1.24937	-1.72101
159.006	1.45597	-1.49426
159.174	1.64975	-1.23382
159.342	1.81784	-0.942857
159.509	1.94581	-0.626895
159.677	2.02053	-0.293793
159.844	2.03369	0.0467397
160.012	1.98445	0.384204
160.179	1.87979	0.70863
160.347	1.73232	1.01173
160.514	1.55674	1.28757
160.682	1.36655	1.53259
160.85	1.17207	1.74527
161.017	0.979837	1.92549
161.185	0.793073	2.07393
161.352	0.612452	2.19159
161.52	0.43697	2.27945
161.687	0.264647	2.3382
161.855	0.0930331	2.36817
162.022	-0.0804269	2.36927
162.19	-0.258137	2.34098
162.358	-0.44212	2.28242
162.525	-0.63374	2.1924
162.693	-0.833338	2.0696
162.86	-1.0397	1.91276
163.028	-1.24937	1.72101
163.195	-1.45597	1.49426
163.363	-1.64975	1.23382
163.53	-1.81784	0.942857
163.698	-1.94581	0.626895
163.865	-2.02053	0.293793
164.033	-2.03369	-0.0467397
164.201	-1.98445	-0.384204
164.368	-1.87979	-0.70863
164.536	-1.73232	-1.01173
164.703	-1.55674	-1.28757
164.871	-1.36655	-1.53259
165.038	-1.17207	-1.74527
165.206	-0.979837	-1.92549
165.373	-0.793073	-2.07393
165.541	-0.612452	-2.19159
165.709	-0.43697	-2.27945
165.876	-0.264647	-2.3382
166.044	-0.0930331	-2.36817
166.211	0.0804269	-2.36927
166.379	0.258137	-2.34098
166.546	0.44212	-2.28242
166.714	0.63374	-2.1924
166.881	0.833338	-2.0696
167.049	1.0397	-1.91276
167.217	1.24937	-1.72101
167.384	1.45597	-1.49426
167.552	1.64975	-1.23382
167.719	1.81784	-0.942857
167.887	1.94581	-0.626895
168.054	2.02053	-0.293793
168.222	2.03369	0.0467397
168.389	1.98445	0.384204
168.557	1.87979	0.70863
168.724	1.73232	1.01173
168.892	1.55674	1.28757
169.06	1.36655	1.53259
169.227	1.17207	1.74527
169.395	0.979837	1.92549
169.562	0.793073	2.07393
169.73	0.612452	2.19159
169.897	0.43697	2.27945
170.065	0.264647	2.3382
170.232	0.0930331	2.36817
170.4	-0.0804269	2.36927
170.568	-0.258137	2.34098
170.735	-0.44212	2.28242
170.903	-0.63374	2.1924
171.07	-0.833338	2.0696
171.238	-1.0397	1.91276
171.405	-1.24937	1.72101
171.573	-1.45597	1.49426
171.74	-1.64975	1.23382
171.908	-1.81784	0.942857
172.076	-1.94581	0.626895
172.243	-2.02053	0.293793
172.411	-2.03369	-0.0467397
172.578	-1.98445	-0.384204
172.746	-1.87979	-0.70863
172.913	-1.73232	-1.01173
173.081	-1.55674	-1.28757
173.248	-1.36655	-1.53259
173.416	-1.17207	-1.74527
173.583	-0.979837	-1.92549
173.751	-0.793073	-2.07393
173.919	-0.612452	-2.19159
174.086	-0.43697	-2.27945
174.254	-0.264647	-2.3382
174.421	-0.0930331	-2.36817
174.589	0.0804269	-2.36927
174.756	0.258137	-2.34098
174.924	0.44212	-2.28242
175.091	0.63374	-2.1924
175.259	0.833338	-2.0696
175.427	1.0397	-1.91276
175.594	1.24937	-1.72101
175.762	1.45597	-1.49426
175.929	1.64975	-1.23382
176.097	1.81784	-0.942857
176.264	1.94581	-0.626895
176.432	2.02053	-0.293793
176.599	2.03369	0.0467397
176.767	1.98445	0.384204
176.934	1.87979	0.70863
177.102	1.73232	1.01173
177.27	1.55674	1.28757
177.437	1.36655	1.53259
177.605	1.17207	1.74527
177.772	0.979837	1.92549
177.94	0.793073	2.07393
178.107	0.612452	2.19159
178.275	0.43697	2.27945
178.442	0.264647	2.3382
178.61	0.0930331	2.36817
178.778	-0.0804269	2.36927
178.945	-0.258137	2.34098
179.113	-0.44212	2.28242
179.28	-0.63374	2.1924
179.448	-0.833338	2.0696
179.615	-1.0397	1.91276
179.783	-1.24937	1.72101
179.95	-1.45597	1.49426
180.118	-1.64975	1.23382
180.286	-1.81784	0.942857
180.453	-1.94581	0.626895
180.621	-2.02053	0.293793
180.788	-2.03369	-0.0467397
180.956	-1.98445	-0.384204
181.123	-1.87979	-0.70863
181.291	-1.73232	-1.01173
181.458	-1.55674	-1.28757
181.626	-1.36655	-1.53259
181.793	-1.17207	-1.74527
181.961	-0.979837	-1.92549
182.129	-0.793073	-2.07393
182.296	-0.612452	-2.19159
182.464	-0.43697	-2.27945
182.631	-0.264647	-2.3382
182.799	-0.0930331	-2.36817
182.966	0.0804269	-2.36927
183.134	0.258137	-2.34098
183.301	0.44212	-2.28242
183.469	0.63374	-2.1924
183.637	0.833338	-2.0696
183.804	1.0397	-1.91276
183.972	1.24937	-1.72101
184.139	1.45597	-1.49426
184.307	1.64975	-1.23382
184.474	1.81784	-0.942857
184.642	1.94581	-0.626895
184.809	2.02053	-0.293793
184.977	2.03369	0.0467397
185.145	1.98445	0.384204
185.312	1.87979	0.70863
185.48	1.73232	1.01173
185.647	1.55674	1.28757
185.815	1.36655	1.53259
185.982	1.17207	1.74527
186.15	0.979837	1.92549
186.317	0.793073	2.07393
186.485	0.612452	2.19159
186.652	0.43697	2.27945
186.82	0.264647	2.3382
186.988	0.0930331	2.36817
187.155	-0.0804269	2.36927
187.323	-0.258137	2.34098
187.49	-0.44212	2.28242
187.658	-0.63374	2.1924
187.825	-0.833338	2.0696
187.993	-1.0397	1.91276
188.16	-1.24937	1.72101
188.328	-1.45597	1.49426
188.496	-1.64975	1.23382
188.663	-1.81784	0.942857
188.831	-1.94581	0.626895
188.998	-2.02053	0.293793
189.166	-2.03369	-0.0467397
189.333	-1.98445	-0.384204
189.501	-1.87979	-0.70863
189.668	-1.73232	-1.01173
189.836	-1.55674	-1.28757
190.004	-1.36655	-1.53259
190.171	-1.17207	-1.74527
190.339	-0.979837	-1.92549
190.506	-0.793073	-2.07393
190.674	-0.612452	-2.19159
190.841	-0.43697	-2.27945
191.009	-0.264647	-2.3382
191.176	-0.0930331	-2.36817
191.344	0.0804269	-2.36927
191.511	0.258137	-2.34098
191.679	0.44212	-2.28242
191.847	0.63374	-2.1924
192.014	0.833338	-2.0696
192.182	1.0397	-1.91276
192.349	1.24937	-1.72101
192.517	1.45597	-1.49426
192.684	1.64975	-1.23382
192.852	1.81784	-0.942857
193.019	1.94581	-0.626895
193.187	2.02053	-0.293793
193.355	2.03369	0.0467397
193.522	1.98445	0.384204
193.69	1.87979	0.70863
193.857	1.73232	1.01173
194.025	1.55674	1.28757
194.192	1.36655	1.53259
194.36	1.17207	1.74527
194.527	0.979837	1.92549
194.695	0.793073	2.07393
194.863	0.612452	2.19159
195.03	0.43697	2.27945
195.198	0.264647	2.3382
195.365	0.0930331	2.36817
195.533	-0.0804269	2.36927
195.7	-0.258137	2.34098
195.868	-0.44212	2.28242
196.035	-0.63374	2.1924
196.203	-0.833338	2.0696
196.37	-1.0397	1.91276
196.538	-1.24937	1.72101
196.706	-1.45597	1.49426
196.873	-1.64975	1.23382
197.041	-1.81784	0.942857
197.208	-1.94581	0.626895
197.376	-2.02053	0.293793
197.543	-2.03369	-0.0467397
197.711	-1.98445	-0.384204
197.878	-1.87979	-0.70863
198.046	-1.73232	-1.01173
198.214	-1.55674	-1.28757
198.381	-1.36655	-1.53259
198.549	-1.17207	-1.74527
198.716	-0.979837	-1.92549
198.884	-0.793073	-2.07393
199.051	-0.612452	-2.19159
199.219	-0.43697	-2.27945
199.386	-0.264647	-2.3382
199.554	-0.0930331	-2.36817
199.722	0.0804269	-2.36927
199.889	0.258137	-2.34098
200.057	0.44212	-2.28242
200.224	0.63374	-2.1924
200.392	0.833338	-2.0696
200.559	1.0397	-1.91276
200.727	1.24937	-1.72101
200.894	1.45597	-1.49426
201.062	1.64975	-1.23382
201.229	1.81784	-0.942857
201.397	1.94581	-0.626895
201.565	2.02053	-0.293793
201.732	2.03369	0.0467397
201.9	1.98445	0.384204
202.067	1.87979	0.70863
202.235	1.73232	1.01173
202.402	1.55674	1.28757
202.57	1.36655	1.53259
202.737	1.17207	1.74527
202.905	0.979837	1.92549
203.073	0.793073	2.07393
203.24	0.612452	2.19159
203.408	0.43697	2.27945
203.575	0.264647	2.3382
203.743	0.0930331	2.36817
203.91	-0.0804269	2.36927
204.078	-0.258137	2.34098
204.245	-0.44212	2.28242
204.413	-0.63374	2.1924
204.581	-0.833338	2.0696
204.748	-1.0397	1.91276
204.916	-1.24937	1.72101
205.083	-1.45597	1.49426
205.251	-1.64975	1.23382
205.418	-1.81784	0.942857
205.586	-1.94581	0.626895
205.753	-2.02053	0.293793
205.921	-2.03369	-0.0467397
206.088	-1.98445	-0.384204
206.256	-1.87979	-0.70863
206.424	-1.73232	-1.01173
206.591	-1.55674	-1.28757
206.759	-1.36655	-1.53259
206.926	-1.17207	-1.74527
207.094	-0.979837	-1.92549
207.261	-0.793073	-2.07393
207.429	-0.612452	-2.19159
207.596	-0.43697	-2.27945
207.764	-0.264647	-2.3382
207.932	-0.0930331	-2.36817
208.099	0.0804269	-2.36927
208.267	0.258137	-2.34098
208.434	0.44212	-2.28242
208.602	0.63374	-2.1924
208.769	0.833338	-2.0696
208.937	1.0397	-1.91276
209.104	1.24937	-1.72101
209.272	1.45597	-1.49426
209.44	1.64975	-1.23382
209.607	1.81784	-0.942857
209.775	1.94581	-0.626895
209.942	2.02053	-0.293793
210.11	2.03369	0.0467397
210.277	1.98445	0.384204
210.445	1.87979	0.70863
210.612	1.73232	1.01173
210.78	1.55674	1.28757
210.947	1.36655	1.53259
211.115	1.17207	1.74527
211.283	0.979837	1.92549
211.45	0.793073	2.07393
211.618	0.612452	2.19159
211.785	0.43697	2.27945
211.953	0.264647	2.3382
212.12	0.0930331	2.36817
212.288	-0.0804269	2.36927
212.455	-0.258137	2.34098
212.623	-0.44212	2.28242
212.791	-0.63374	2.1924
212.958	-0.833338	2.0696
213.126	-1.0397	1.91276
213.293	-1.24937	1.72101
213.461	-1.45597	1.49426
213.628	-1.64975	1.23382
213.796	-1.81784	0.942857
213.963	-1.94581	0.626895
214.131	-2.02053	0.293793
214.299	-2.03369	-0.0467397
214.466	-1.98445	-0.384204
214.634	-1.87979	-0.70863
214.801	-1.73232	-1.01173
214.969	-1.55674	-1.28757
215.136	-1.36655	-1.53259
215.304	-1.17207	-1.74527
215.471	-0.979837	-1.92549
215.639	-0.793073	-2.07393
215.806	-0.612452	-2.19159
215.974	-0.43697	-2.27945
216.142	-0.264647	-2.3382
216.309	-0.0930331	-2.36817
216.477	0.0804269	-2.36927
216.644	0.258137	-2.34098
216.812	0.44212	-2.28242
216.979	0.63374	-2.1924
217.147	0.833338	-2.0696
217.314	1.0397	-1.91276
217.482	1.24937	-1.72101
217.65	1.45597	-1.49426
217.817	1.64975	-1.23382
217.985	1.81784	-0.942857
218.152	1.94581	-0.626895
218.32	2.02053	-0.293793
218.487	2.03369	0.0467397
218.655	1.98445	0.384204
218.822	1.87979	0.70863
218.99	1.73232	1.01173
219.158	1.55674	1.28757
219.325	1.36655	1.53259
219.493	1.17207	1.74527
219.66	0.979837	1.92549
219.828	0.793073	2.07393
219.995	0.612452	2.19159
220.163	0.43697	2.27945
220.33	0.264647	2.3382
220.498	0.0930331	2.36817
220.665	-0.0804269	2.36927
220.833	-0.258137	2.34098
221.001	-0.44212	2.28242
221.168	-0.63374	2.1924
221.336	-0.833338	2.0696
221.503	-1.0397	1.91276
221.671	-1.24937	1.72101
221.838	-1.45597	1.49426
222.006	-1.64975	1.23382
222.173	-1.81784	0.942857
222.341	-1.94581	0.626895
222.509	-2.02053	0.293793
222.676	-2.03369	-0.0467397
222.844	-1.98445	-0.384204
223.011	-1.87979	-0.70863
223.179	-1.73232	-1.01173
223.346	-1.55674	-1.28757
223.514	-1.36655	-1.53259
223.681	-1.17207	-1.74527
223.849	-0.979837	-1.92549
224.017	-0.793073	-2.07393
224.184	-0.612452	-2.19159
224.352	-0.43697	-2.27945
224.519	-0.264647	-2.3382
224.687	-0.0930331	-2.36817
224.854	0.0804269	-2.36927
225.022	0.258137	-2.34098
225.189	0.44212	-2.28242
225.357	0.63374	-2.1924
225.524	0.833338	-2.0696
225.692	1.0397	-1.91276
225.86	1.24937	-1.72101
226.027	1.45597	-1.49426
226.195	1.64975	-1.23382
226.362	1.81784	-0.942857
226.53	1.94581	-0.626895
226.697	2.02053	-0.293793
226.865	2.03369	0.0467397
227.032	1.98445	0.384204
227.2	1.87979	0.70863
227.368	1.73232	1.01173
227.535	1.55674	1.28757
227.703	1.36655	1.53259
227.87	1.17207	1.74527
228.038	0.979837	1.92549
228.205	0.793073	2.07393
228.373	0.612452	2.19159
228.54	0.43697	2.27945
228.708	0.264647	2.3382
228.875	0.0930331	2.36817
229.043	-0.0804269	2.36927
229.211	-0.258137	2.34098
229.378	-0.44212	2.28242
229.546	-0.63374	2.1924
229.713	-0.833338	2.0696
229.881	-1.0397	1.91276
230.048	-1.24937	1.72101
230.216	-1.45597	1.49426
230.383	-1.64975	1.23382
230.551	-1.81784	0.942857
230.719	-1.94581	0.626895
230.886	-2.02053	0.293793
231.054	-2.03369	-0.0467397
231.221	-1.98445	-0.384204
231.389	-1.87979	-0.70863
231.556	-1.73232	-1.01173
231.724	-1.55674	-1.28757
231.891	-1.36655	-1.53259
232.059	-1.17207	-1.74527
232.227	-0.979837	-1.92549
232.394	-0.793073	-2.07393
232.562	-0.612452	-2.19159
232.729	-0.43697	-2.27945
232.897	-0.264647	-2.3382
233.064	-0.0930331	-2.36817
233.232	0.0804269	-2.36927
233.399	0.258137	-2.34098
233.567	0.44212	-2.28242
233.734	0.63374	-2.1924
233.902	0.833338	-2.0696
234.07	1.0397	-1.91276
234.237	1.24937	-1.72101
234.405	1.45597	-1.49426
234.572	1.64975	-1.23382
234.74	1.81784	-0.942857
234.907	1.94581	-0.626895
235.075	2.02053	-0.293793
235.242	2.03369	0.0467397
235.41	1.98445	0.384204
235.578	1.87979	0.70863
235.745	1.73232	1.01173
235.913	1.55674	1.28757
236.08	1.36655	1.53259
236.248	1.17207	1.74527
236.415	0.979837	1.92549
236.583	0.793073	2.07393
236.75	0.612452	2.19159
236.918	0.43697	2.27945
237.086	0.264647	2.3382
237.253	0.0930331	2.36817
237.421	-0.0804269	2.36927
237.588	-0.258137	2.34098
237.756	-0.44212	2.28242
237.923	-0.63374	2.1924
238.091	-0.833338	2.0696
238.258	-1.0397	1.91276
238.426	-1.24937	1.72101
238.593	-1.45597	1.49426
238.761	-1.64975	1.23382
238.929	-1.81784	0.942857
239.096	-1.94581	0.626895
239.264	-2.02053	0.293793
239.431	-2.03369	-0.0467397
239.599	-1.98445	-0.384204
239.766	-1.87979	-0.70863
239.934	-1.73232	-1.01173
240.101	-1.55674	-1.28757
240.269	-1.36655	-1.53259
240.437	-1.17207	-1.74527
240.604	-0.979837	-1.92549
240.772	-0.793073	-2.07393
240.939	-0.612452	-2.19159
241.107	-0.43697	-2.27945
241.274	-0.264647	-2.3382
241.442	-0.0930331	-2.36817
241.609	0.0804269	-2.36927
241.777	0.258137	-2.34098
241.945	0.44212	-2.28242
242.112	0.63374	-2.1924
242.28	0.833338	-2.0696
242.447	1.0397	-1.91276
242.615	1.24937	-1.72101
242.782	1.45597	-1.49426
242.95	1.64975	-1.23382
243.117	1.81784	-0.942857
243.285	1.94581	-0.626895
243.452	2.02053	-0.293793
243.62	2.03369	0.0467397
243.788	1.98445	0.384204
243.955	1.87979	0.70863
244.123	1.73232	1.01173
244.29	1.55674	1.28757
244.458	1.36655	1.53259
244.625	1.17207	1.74527
244.793	0.979837	1.92549
244.96	0.793073	2.07393
245.128	0.612452	2.19159
245.296	0.43697	2.27945
245.463	0.264647	2.3382
245.631	0.0930331	2.36817
245.798	-0.0804269	2.36927
245.966	-0.258137	2.34098
246.133	-0.44212	2.28242
246.301	-0.63374	2.1924
246.468	-0.833338	2.0696
246.636	-1.0397	1.91276
246.804	-1.24937	1.72101
246.971	-1.45597	1.49426
247.139	-1.64975	1.23382
247.306	-1.81784	0.942857
247.474	-1.94581	0.626895
247.641	-2.02053	0.293793
247.809	-2.03369	-0.0467397
247.976	-1.98445	-0.384204
248.144	-1.87979	-0.70863
248.311	-1.73232	-1.01173
248.479	-1.55674	-1.28757
248.647	-1.36655	-1.53259
248.814	-1.17207	-1.74527
248.982	-0.979837	-1.92549
249.149	-0.793073	-2.07393
249.317	-0.612452	-2.19159
249.484	-0.43697	-2.27945
249.652	-0.264647	-2.3382
249.819	-0.0930331	-2.36817
249.987	0.0804269	-2.36927
250.155	0.258137	-2.34098
250.322	0.44212	-2.28242
250.49	0.63374	-2.1924
250.657	0.833338	-2.0696
250.825	1.0397	-1.91276
250.992	1.24937	-1.72101
251.16	1.45597	-1.49426
251.327	1.64975	-1.23382
251.495	1.81784	-0.942857
251.663	1.94581	-0.626895
251.83	2.02053	-0.293793
251.998	2.03369	0.0467397
252.165	1.98445	0.384204
252.333	1.87979	0.70863
252.5	1.73232	1.01173
252.668	1.55674	1.28757
252.835	1.36655	1.53259
253.003	1.17207	1.74527
253.17	0.979837	1.92549
253.338	0.793073	2.07393
253.506	0.612452	2.19159
253.673	0.43697	2.27945
253.841	0.264647	2.3382
254.008	0.0930331	2.36817
254.176	-0.0804269	2.36927
254.343	-0.258137	2.34098
254.511	-0.44212	2.28242
254.678	-0.63374	2.1924
254.846	-0.833338	2.0696
255.014	-1.0397	1.91276
255.181	-1.24937	1.72101
255.349	-1.45597	1.49426
255.516	-1.64975	1.23382
255.684	-1.81784	0.942857
255.851	-1.94581	0.626895
256.019	-2.02053	0.293793
256.186	-2.03369	-0.0467397
256.354	-1.98445	-0.384204
256.522	-1.87979	-0.70863
256.689	-1.73232	-1.01173
256.857	-1.55674	-1.28757
257.024	-1.36655	-1.53259
257.192	-1.17207	-1.74527
257.359	-0.979837	-1.92549
257.527	-0.793073	-2.07393
257.694	-0.612452	-2.19159
257.862	-0.43697	-2.27945
258.029	-0.264647	-2.3382
258.197	-0.0930331	-2.36817
258.365	0.0804269	-2.36927
258.532	0.258137	-2.34098
258.7	0.44212	-2.28242
258.867	0.63374	-2.1924
259.035	0.833338	-2.0696
259.202	1.0397	-1.91276
259.37	1.24937	-1.72101
259.537	1.45597	-1.49426
259.705	1.64975	-1.23382
259.873	1.81784	-0.942857
260.04	1.94581	-0.626895
260.208	2.02053	-0.293793
260.375	2.03369	0.0467397
260.543	1.98445	0.384204
260.71	1.87979	0.70863
260.878	1.73232	1.01173
261.045	1.55674	1.28757
261.213	1.36655	1.53259
261.381	1.17207	1.74527
261.548	0.979837	1.92549
261.716	0.793073	2.07393
261.883	0.612452	2.19159
262.051	0.43697	2.27945
262.218	0.264647	2.3382
262.386	0.0930331	2.36817
262.553	-0.0804269	2.36927
262.721	-0.258137	2.34098
262.888	-0.44212	2.28242
263.056	-0.63374	2.1924
263.224	-0.833338	2.0696
263.391	-1.0397	1.91276
263.559	-1.24937	1.72101
263.726	-1.45597	1.49426
263.894	-1.64975	1.23382
264.061	-1.81784	0.942857
264.229	-1.94581	0.626895
264.396	-2.02053	0.293793
264.564	-2.03369	-0.0467397
264.732	-1.98445	-0.384204
264.899	-1.87979	-0.70863
265.067	-1.73232	-1.01173
265.234	-1.55674	-1.28757
265.402	-1.36655	-1.53259
265.569	-1.17207	-1.74527
265.737	-0.979837	-1.92549
265.904	-0.793073	-2.07393
266.072	-0.612452	-2.19159
266.24	-0.43697	-2.27945
266.407	-0.264647	-2.3382
266.575	-0.0930331	-2.36817
266.742	0.0804269	-2.36927
266.91	0.258137	-2.34098
267.077	0.44212	-2.28242
267.245	0.63374	-2.1924
267.412	0.833338	-2.0696
267.58	1.0397	-1.91276
267.747	1.24937	-1.72101
267.915	1.45597	-1.49426
268.083	1.64975	-1.23382
268.25	1.81784	-0.942857
268.418	1.94581	-0.626895
268.585	2.02053	-0.293793
268.753	2.03369	0.0467397
268.92	1.98445	0.384204
269.088	1.87979	0.70863
269.255	1.73232	1.01173
269.423	1.55674	1.28757
269.591	1.36655	1.53259
269.758	1.17207	1.74527
269.926	0.979837	1.92549
270.093	0.793073	2.07393
270.261	0.612452	2.19159
270.428	0.43697	2.27945
270.596	0.264647	2.3382
270.763	0.0930331	2.36817
270.931	-0.0804269	2.36927
271.099	-0.258137	2.34098
271.266	-0.44212	2.28242
271.434	-0.63374	2.1924
271.601	-0.833338	2.0696
271.769	-1.0397	1.91276
271.936	-1.24937	1.72101
272.104	-1.45597	1.49426
272.271	-1.64975	1.23382
272.439	-1.81784	0.942857
272.606	-1.94581	0.626895
272.774	-2.02053	0.293793
272.942	-2.03369	-0.0467397
273.109	-1.98445	-0.384204
273.277	-1.87979	-0.70863
273.444	-1.73232	-1.01173
273.612	-1.55674	-1.28757
273.779	-1.36655	-1.53259
273.947	-1.17207	-1.74527
274.114	-0.979837	-1.92549
274.282	-0.793073	-2.07393
274.45	-0.612452	-2.19159
274.617	-0.43697	-2.27945
274.785	-0.264647	-2.3382
274.952	-0.0930331	-2.36817
275.12	0.0804269	-2.36927
275.287	0.258137	-2.34098
275.455	0.44212	-2.28242
275.622	0.63374	-2.1924
275.79	0.833338	-2.0696
275.957	1.0397	-1.91276
276.125	1.24937	-1.72101
276.293	1.45597	-1.49426
276.46	1.64975	-1.23382
276.628	1.81784	-0.942857
276.795	1.94581	-0.626895
276.963	2.02053	-0.293793
277.13	2.03369	0.0467397
277.298	1.98445	0.384204
277.465	1.87979	0.70863
277.633	1.73232	1.01173
277.801	1.55674	1.28757
277.968	1.36655	1.53259
278.136	1.17207	1.74527
278.303	0.979837	1.92549
278.471	0.793073	2.07393
278.638	0.612452	2.19159
278.806	0.43697	2.27945
278.973	0.264647	2.3382
279.141	0.0930331	2.36817
279.309	-0.0804269	2.36927
279.476	-0.258137	2.34098
279.644	-0.44212	2.28242
279.811	-0.63374	2.1924
279.979	-0.833338	2.0696
280.146	-1.0397	1.91276
280.314	-1.24937	1.72101
280.481	-1.45597	1.49426
280.649	-1.64975	1.23382
280.816	-1.81784	0.942857
280.984	-1.94581	0.626895
281.152	-2.02053	0.293793
281.319	-2.03369	-0.0467397
281.487	-1.98445	-0.384204
281.654	-1.87979	-0.70863
281.822	-1.73232	-1.01173
281.989	-1.55674	-1.28757
282.157	-1.36655	-1.53259
282.324	-1.17207	-1.74527
282.492	-0.979837	-1.92549
282.66	-0.793073	-2.07393
282.827	-0.612452	-2.19159
282.995	-0.43697	-2.27945
283.162	-0.264647	-2.3382
283.33	-0.0930331	-2.36817
283.497	0.0804269	-2.36927
283.665	0.258137	-2.34098
283.832	0.44212	-2.28242
284	0.63374	-2.1924
284.168	0.833338	-2.0696
284.335	1.0397	-1.91276
284.503	1.24937	-1.72101
284.67	1.45597	-1.49426
284.838	1.64975	-1.23382
285.005	1.81784	-0.942857
285.173	1.94581	-0.626895
285.34	2.02053	-0.293793
285.508	2.03369	0.0467397
285.675	1.98445	0.384204
285.843	1.87979	0.70863
286.011	1.73232	1.01173
286.178	1.55674	1.28757
286.346	1.36655	1.53259
286.513	1.17207	1.74527
286.681	0.979837	1.92549
286.848	0.793073	2.07393
287.016	0.612452	2.19159
287.183	0.43697	2.27945
287.351	0.264647	2.3382
287.519	0.0930331	2.36817
287.686	-0.0804269	2.36927
287.854	-0.258137	2.34098
288.021	-0.44212	2.28242
288.189	-0.63374	2.1924
288.356	-0.833338	2.0696
288.524	-1.0397	1.91276
288.691	-1.24937	1.72101
288.859	-1.45597	1.49426
289.027	-1.64975	1.23382
289.194	-1.81784	0.942857
289.362	-1.94581	0.626895
289.529	-2.02053	0.293793
289.697	-2.03369	-0.0467397
289.864	-1.98445	-0.384204
290.032	-1.87979	-0.70863
290.199	-1.73232	-1.01173
290.367	-1.55674	-1.28757
290.534	-1.36655	-1.53259
290.702	-1.17207	-1.74527
290.87	-0.979837	-1.92549
291.037	-0.793073	-2.07393
291.205	-0.612452	-2.19159
291.372	-0.43697	-2.27945
291.54	-0.264647	-2.3382
291.707	-0.0930331	-2.36817
291.875	0.0804269	-2.36927
292.042	0.258137	-2.34098
292.21	0.44212	-2.28242
292.378	0.63374	-2.1924
292.545	0.833338	-2.0696
292.713	1.0397	-1.91276
292.88	1.24937	-1.72101
293.048	1.45597	-1.49426
293.215	1.64975	-1.23382
293.383	1.81784	-0.942857
293.55	1.94581	-0.626895
293.718	2.02053	-0.293793
293.886	2.03369	0.0467397
294.053	1.98445	0.384204
294.221	1.87979	0.70863
294.388	1.73232	1.01173
294.556	1.55674	1.28757
294.723	1.36655	1.53259
294.891	1.17207	1.74527
295.058	0.979837	1.92549
295.226	0.793073	2.07393
295.393	0.612452	2.19159
295.561	0.43697	2.27945
295.729	0.264647	2.3382
295.896	0.0930331	2.36817
296.064	-0.0804269	2.36927
296.231	-0.258137	2.34098
296.399	-0.44212	2.28242
296.566	-0.63374	2.1924
296.734	-0.833338	2.0696
296.901	-1.0397	1.91276
297.069	-1.24937	1.72101
297.237	-1.45597	1.49426
297.404	-1.64975	1.23382
297.572	-1.81784	0.942857
297.739	-1.94581	0.626895
297.907	-2.02053	0.293793
298.074	-2.03369	-0.0467397
298.242	-1.98445	-0.384204
298.409	-1.87979	-0.70863
298.577	-1.73232	-1.01173
298.745	-1.55674	-1.28757
298.912	-1.36655	-1.53259
299.08	-1.17207	-1.74527
299.247	-0.979837	-1.92549
299.415	-0.793073	-2.07393
299.582	-0.612452	-2.19159
299.75	-0.43697	-2.27945
299.917	-0.264647	-2.3382
300.085	-0.0930331	-2.36817
300.252	0.0804269	-2.36927
300.42	0.258137	-2.34098
300.588	0.44212	-2.28242
300.755	0.63374	-2.1924
300.923	0.833338	-2.0696
301.09	1.0397	-1.91276
301.258	1.24937	-1.72101
301.425	1.45597	-1.49426
301.593	1.64975	-1.23382
301.76	1.81784	-0.942857
301.928	1.94581	-0.626895
302.096	2.02053	-0.293793
302.263	2.03369	0.0467397
302.431	1.98445	0.384204
302.598	1.87979	0.70863
302.766	1.73232	1.01173
302.933	1.55674	1.28757
303.101	1.36655	1.53259
303.268	1.17207	1.74527
303.436	0.979837	1.92549
303.604	0.793073	2.07393
303.771	0.612452	2.19159
303.939	0.43697	2.27945
304.106	0.264647	2.3382
304.274	0.0930331	2.36817
304.441	-0.0804269	2.36927
304.609	-0.258137	2.34098
304.776	-0.44212	2.28242
304.944	-0.63374	2.1924
305.111	-0.833338	2.0696
305.279	-1.0397	1.91276
305.447	-1.24937	1.72101
305.614	-1.45597	1.49426
305.782	-1.64975	1.23382
305.949	-1.81784	0.942857
306.117	-1.94581	0.626895
306.284	-2.02053	0.293793
306.452	-2.03369	-0.0467397
306.619	-1.98445	-0.384204
306.787	-1.87979	-0.70863
306.955	-1.73232	-1.01173
307.122	-1.55674	-1.28757
307.29	-1.36655	-1.53259
307.457	-1.17207	-1.74527
307.625	-0.979837	-1.92549
307.792	-0.793073	-2.07393
307.96	-0.612452	-2.19159
308.127	-0.43697	-2.27945
308.295	-0.264647	-2.3382
308.463	-0.0930331	-2.36817
308.63	0.0804269	-2.36927
308.798	0.258137	-2.34098
308.965	0.44212	-2.28242
309.133	0.63374	-2.1924
309.3	0.833338	-2.0696
309.468	1.0397	-1.91276
309.635	1.24937	-1.72101
309.803	1.45597	-1.49426
309.97	1.64975	-1.23382
310.138	1.81784	-0.942857
310.306	1.94581	-0.626895
310.473	2.02053	-0.293793
310.641	2.03369	0.0467397
310.808	1.98445	0.384204
310.976	1.87979	0.70863
311.143	1.73232	1.01173
311.311	1.55674	1.28757
311.478	1.36655	1.53259
311.646	1.17207	1.74527
311.814	0.979837	1.92549
311.981	0.793073	2.07393
312.149	0.612452	2.19159
312.316	0.43697	2.27945
312.484	0.264647	2.3382
312.651	0.0930331	2.36817
312.819	-0.0804269	2.36927
312.986	-0.258137	2.34098
313.154	-0.44212	2.28242
313.322	-0.63374	2.1924
313.489	-0.833338	2.0696
313.657	-1.0397	1.91276
313.824	-1.24937	1.72101
313.992	-1.45597	1.49426
314.159	-1.64975	1.23382
314.327	-1.81784	0.942857
314.494	-1.94581	0.626895
314.662	-2.02053	0.293793
314.829	-2.03369	-0.0467397
314.997	-1.98445	-0.384204
315.165	-1.87979	-0.70863
315.332	-1.73232	-1.01173
315.5	-1.55674	-1.28757
315.667	-1.36655	-1.53259
315.835	-1.17207	-1.74527
316.002	-0.979837	-1.92549
316.17	-0.793073	-2.07393
316.337	-0.612452	-2.19159
316.505	-0.43697	-2.27945
316.673	-0.264647	-2.3382
316.84	-0.0930331	-2.36817
317.008	0.0804269	-2.36927
317.175	0.258137	-2.34098
317.343	0.44212	-2.28242
317.51	0.63374	-2.1924
317.678	0.833338	-2.0696
317.845	1.0397	-1.91276
318.013	1.24937	-1.72101
318.181	1.45597	-1.49426
318.348	1.64975	-1.23382
318.516	1.81784	-0.942857
318.683	1.94581	-0.626895
318.851	2.02053	-0.293793
319.018	2.03369	0.0467397
319.186	1.98445	0.384204
319.353	1.87979	0.70863
319.521	1.73232	1.01173
319.688	1.55674	1.28757
319.856	1.36655	1.53259
320.024	1.17207	1.74527
320.191	0.979837	1.92549
320.359	0.793073	2.07393
320.526	0.612452	2.19159
320.694	0.43697	2.27945
320.861	0.264647	2.3382
321.029	0.0930331	2.36817
321.196	-0.0804269	2.36927
321.364	-0.258137	2.34098
321.532	-0.44212	2.28242
321.699	-0.63374	2.1924
321.867	-0.833338	2.0696
322.034	-1.0397	1.91276
322.202	-1.24937	1.72101
322.369	-1.45597	1.49426
322.537	-1.64975	1.23382
322.704	-1.81784	0.942857
322.872	-1.94581	0.626895
323.04	-2.02053	0.293793
323.207	-2.03369	-0.0467397
323.375	-1.98445	-0.384204
323.542	-1.87979	-0.70863
323.71	-1.73232	-1.01173
323.877	-1.55674	-1.28757
324.045	-1.36655	-1.53259
324.212	-1.17207	-1.74527
324.38	-0.979837	-1.92549
324.547	-0.793073	-2.07393
324.715	-0.612452	-2.19159
324.883	-0.43697	-2.27945
325.05	-0.264647	-2.3382
325.218	-0.0930331	-2.36817
325.385	0.0804269	-2.36927
325.553	0.258137	-2.34098
325.72	0.44212	-2.28242
325.888	0.63374	-2.1924
326.055	0.833338	-2.0696
326.223	1.0397	-1.91276
326.391	1.24937	-1.72101
326.558	1.45597	-1.49426
326.726	1.64975	-1.23382
326.893	1.81784	-0.942857
327.061	1.94581	-0.626895
327.228	2.02053	-0.293793
327.396	2.03369	0.0467397
327.563	1.98445	0.384204
327.731	1.87979	0.70863
327.898	1.73232	1.01173
328.066	1.55674	1.28757
328.234	1.36655	1.53259
328.401	1.17207	1.74527
328.569	0.979837	1.92549
328.736	0.793073	2.07393
328.904	0.612452	2.19159
329.071	0.43697	2.27945
329.239	0.264647	2.3382
329.406	0.0930331	2.36817
329.574	-0.0804269	2.36927
329.742	-0.258137	2.34098
329.909	-0.44212	2.28242
330.077	-0.63374	2.1924
330.244	-0.833338	2.0696
330.412	-1.0397	1.91276
330.579	-1.24937	1.72101
330.747	-1.45597	1.49426
330.914	-1.64975	1.23382
331.082	-1.81784	0.942857
331.25	-1.94581	0.626895
331.417	-2.02053	0.293793
331.585	-2.03369	-0.0467397
331.752	-1.98445	-0.384204
331.92	-1.87979	-0.70863
332.087	-1.73232	-1.01173
332.255	-1.55674	-1.28757
332.422	-1.36655	-1.53259
332.59	-1.17207	-1.74527
332.757	-0.979837	-1.92549
332.925	-0.793073	-2.07393
333.093	-0.612452	-2.19159
333.26	-0.43697	-2.27945
333.428	-0.264647	-2.3382
333.595	-0.0930331	-2.36817
333.763	0.0804269	-2.36927
333.93	0.258137	-2.34098
334.098	0.44212	-2.28242
334.265	0.63374	-2.1924
334.433	0.833338	-2.0696
334.601	1.0397	-1.91276
334.768	1.24937	-1.72101
334.936	1.45597	-1.49426
335.103	1.64975	-1.23382
335.271	1.81784	-0.942857
335.438	1.94581	-0.626895
335.606	2.02053	-0.293793
335.773	2.03369	0.0467397
335.941	1.98445	0.384204
336.109	1.87979	0.70863
336.276	1.73232	1.01173
336.444	1.55674	1.28757
336.611	1.36655	1.53259
336.779	1.17207	1.74527
336.946	0.979837	1.92549
337.114	0.793073	2.07393
337.281	0.612452	2.19159
337.449	0.43697	2.27945
337.616	0.264647	2.3382
337.784	0.0930331	2.36817
337.952	-0.0804269	2.36927
338.119	-0.258137	2.34098
338.287	-0.44212	2.28242
338.454	-0.63374	2.1924
338.622	-0.833338	2.0696
338.789	-1.0397	1.91276
338.957	-1.24937	1.72101
339.124	-1.45597	1.49426
339.292	-1.64975	1.23382
339.46	-1.81784	0.942857
339.627	-1.94581	0.626895
339.795	-2.02053	0.293793
339.962	-2.03369	-0.0467397
340.13	-1.98445	-0.384204
340.297	-1.87979	-0.70863
340.465	-1.73232	-1.01173
340.632	-1.55674	-1.28757
340.8	-1.36655	-1.53259
340.968	-1.17207	-1.74527
341.135	-0.979837	-1.92549
341.303	-0.793073	-2.07393
341.47	-0.612452	-2.19159
341.638	-0.43697	-2.27945
341.805	-0.264647	-2.3382
341.973	-0.0930331	-2.36817
342.14	0.0804269	-2.36927
342.308	0.258137	-2.34098
342.475	0.44212	-2.28242
342.643	0.63374	-2.1924
342.811	0.833338	-2.0696
342.978	1.0397	-1.91276
343.146	1.24937	-1.72101
343.313	1.45597	-1.49426
343.481	1.64975	-1.23382
343.648	1.81784	-0.942857
343.816	1.94581	-0.626895
343.983	2.02053	-0.293793
344.151	2.03369	0.0467397
344.319	1.98445	0.384204
344.486	1.87979	0.70863
344.654	1.73232	1.01173
344.821	1.55674	1.28757
344.989	1.36655	1.53259
345.156	1.17207	1.74527
345.324	0.979837	1.92549
345.491	0.793073	2.07393
345.659	0.612452	2.19159
345.827	0.43697	2.27945
345.994	0.264647	2.3382
346.162	0.0930331	2.36817
346.329	-0.0804269	2.36927
346.497	-0.258137	2.34098
346.664	-0.44212	2.28242
346.832	-0.63374	2.1924
346.999	-0.833338	2.0696
347.167	-1.0397	1.91276
347.334	-1.24937	1.72101
347.502	-1.45597	1.49426
347.67	-1.64975	1.23382
347.837	-1.81784	0.942857
348.005	-1.94581	0.626895
348.172	-2.02053	0.293793
348.34	-2.03369	-0.0467397
348.507	-1.98445	-0.384204
348.675	-1.87979	-0.70863
348.842	-1.73232	-1.01173
349.01	-1.55674	-1.28757
349.178	-1.36655	-1.53259
349.345	-1.17207	-1.74527
349.513	-0.979837	-1.92549
349.68	-0.793073	-2.07393
349.848	-0.612452	-2.19159
350.015	-0.43697	-2.27945
350.183	-0.264647	-2.3382
350.35	-0.0930331	-2.36817
350.518	0.0804269	-2.36927
350.686	0.258137	-2.34098
350.853	0.44212	-2.28242
351.021	0.63374	-2.1924
351.188	0.833338	-2.0696
351.356	1.0397	-1.91276
351.523	1.24937	-1.72101
351.691	1.45597	-1.49426
351.858	1.64975	-1.23382
352.026	1.81784	-0.942857
352.193	1.94581	-0.626895
352.361	2.02053	-0.293793
352.529	2.03369	0.0467397
352.696	1.98445	0.384204
352.864	1.87979	0.70863
353.031	1.73232	1.01173
353.199	1.55674	1.28757
353.366	1.36655	1.53259
353.534	1.17207	1.74527
353.701	0.979837	1.92549
353.869	0.793073	2.07393
354.037	0.612452	2.19159
354.204	0.43697	2.27945
354.372	0.264647	2.3382
354.539	0.0930331	2.36817
354.707	-0.0804269	2.36927
354.874	-0.258137	2.34098
355.042	-0.44212	2.28242
355.209	-0.63374	2.1924
355.377	-0.833338	2.0696
355.545	-1.0397	1.91276
355.712	-1.24937	1.72101
355.88	-1.45597	1.49426
356.047	-1.64975	1.23382
356.215	-1.81784	0.942857
356.382	-1.94581	0.626895
356.55	-2.02053	0.293793
356.717	-2.03369	-0.0467397
356.885	-1.98445	-0.384204
357.052	-1.87979	-0.70863
357.22	-1.73232	-1.01173
357.388	-1.55674	-1.28757
357.555	-1.36655	-1.53259
357.723	-1.17207	-1.74527
357.89	-0.979837	-1.92549
358.058	-0.793073	-2.07393
358.225	-0.612452	-2.19159
358.393	-0.43697	-2.27945
358.56	-0.264647	-2.3382
358.728	-0.0930331	-2.36817
358.896	0.0804269	-2.36927
359.063	0.258137	-2.34098
359.231	0.44212	-2.28242
359.398	0.63374	-2.1924
359.566	0.833338	-2.0696
359.733	1.0397	-1.91276
359.901	1.24937	-1.72101
360.068	1.45597	-1.49426
360.236	1.64975	-1.23382
360.404	1.81784	-0.942857
360.571	1.94581	-0.626895
360.739	2.02053	-0.293793
360.906	2.03369	0.0467397
361.074	1.98445	0.384204
361.241	1.87979	0.70863
361.409	1.73232	1.01173
361.576	1.55674	1.28757
361.744	1.36655	1.53259
361.911	1.17207	1.74527
362.079	0.979837	1.92549
362.247	0.793073	2.07393
362.414	0.612452	2.19159
362.582	0.43697	2.27945
362.749	0.264647	2.3382
362.917	0.0930331	2.36817
363.084	-0.0804269	2.36927
363.252	-0.258137	2.34098
363.419	-0.44212	2.28242
363.587	-0.63374	2.1924
363.755	-0.833338	2.0696
363.922	-1.0397	1.91276
364.09	-1.24937	1.72101
364.257	-1.45597	1.49426
364.425	-1.64975	1.23382
364.592	-1.81784	0.942857
364.76	-1.94581	0.626895
364.927	-2.02053	0.293793
365.095	-2.03369	-0.0467397
365.263	-1.98445	-0.384204
365.43	-1.87979	-0.70863
365.598	-1.73232	-1.01173
365.765	-1.55674	-1.28757
365.933	-1.36655	-1.53259
366.1	-1.17207	-1.74527
366.268	-0.979837	-1.92549
366.435	-0.793073	-2.07393
366.603	-0.612452	-2.19159
366.77	-0.43697	-2.27945
366.938	-0.264647	-2.3382
367.106	-0.0930331	-2.36817
367.273	0.0804269	-2.36927
367.441	0.258137	-2.34098
367.608	0.44212	-2.28242
367.776	0.63374	-2.1924
367.943	0.833338	-2.0696
368.111	1.0397	-1.91276
368.278	1.24937	-1.72101
368.446	1.45597	-1.49426
368.614	1.64975	-1.23382
368.781	1.81784	-0.942857
368.949	1.94581	-0.626895
369.116	2.02053	-0.293793
369.284	2.03369	0.0467397
369.451	1.98445	0.384204
369.619	1.87979	0.70863
369.786	1.73232	1.01173
369.954	1.55674	1.28757
370.122	1.36655	1.53259
370.289	1.17207	1.74527
370.457	0.979837	1.92549
370.624	0.793073	2.07393
370.792	0.612452	2.19159
370.959	0.43697	2.27945
371.127	0.264647	2.3382
371.294	0.0930331	2.36817
371.462	-0.0804269	2.36927
371.629	-0.258137	2.34098
371.797	-0.44212	2.28242
371.965	-0.63374	2.1924
372.132	-0.833338	2.0696
372.3	-1.0397	1.91276
372.467	-1.24937	1.72101
372.635	-1.45597	1.49426
372.802	-1.64975	1.23382
372.97	-1.81784	0.942857
373.137	-1.94581	0.626895
373.305	-2.02053	0.293793
373.473	-2.03369	-0.0467397
373.64	-1.98445	-0.384204
373.808	-1.87979	-0.70863
373.975	-1.73232	-1.01173
374.143	-1.55674	-1.28757
374.31	-1.36655	-1.53259
374.478	-1.17207	-1.74527
374.645	-0.979837	-1.92549
374.813	-0.793073	-2.07393
374.98	-0.612452	-2.19159
375.148	-0.43697	-2.27945
375.316	-0.264647	-2.3382
375.483	-0.0930331	-2.36817
375.651	0.0804269	-2.36927
375.818	0.258137	-2.34098
375.986	0.44212	-2.28242
376.153	0.63374	-2.1924
376.321	0.833338	-2.0696
376.488	1.0397	-1.91276
376.656	1.24937	-1.72101
376.824	1.45597	-1.49426
376.991	1.64975	-1.23382
377.159	1.81784	-0.942857
377.326	1.94581	-0.626895
377.494	2.02053	-0.293793
377.661	2.03369	0.0467397
377.829	1.98445	0.384204
377.996	1.87979	0.70863
378.164	1.73232	1.01173
378.332	1.55674	1.28757
378.499	1.36655	1.53259
378.667	1.17207	1.74527
378.834	0.979837	1.92549
379.002	0.793073	2.07393
379.169	0.612452	2.19159
379.337	0.43697	2.27945
379.504	0.264647	2.3382
379.672	0.0930331	2.36817
379.839	-0.0804269	2.36927
380.007	-0.258137	2.34098
380.175	-0.44212	2.28242
380.342	-0.63374	2.1924
380.51	-0.833338	2.0696
380.677	-1.0397	1.91276
380.845	-1.24937	1.72101
381.012	-1.45597	1.49426
381.18	-1.64975	1.23382
381.347	-1.81784	0.942857
381.515	-1.94581	0.626895
381.683	-2.02053	0.293793
381.85	-2.03369	-0.0467397
382.018	-1.98445	-0.384204
382.185	-1.87979	-0.70863
382.353	-1.73232	-1.01173
382.52	-1.55674	-1.28757
382.688	-1.36655	-1.53259
382.855	-1.17207	-1.74527
383.023	-0.979837	-1.92549
383.191	-0.793073	-2.07393
383.358	-0.612452	-2.19159
383.526	-0.43697	-2.27945
383.693	-0.264647	-2.3382
383.861	-0.0930331	-2.36817
384.028	0.0804269	-2.36927
384.196	0.258137	-2.34098
384.363	0.44212	-2.28242
384.531	0.63374	-2.1924
384.698	0.833338	-2.0696
384.866	1.0397	-1.91276
385.034	1.24937	-1.72101
385.201	1.45597	-1.49426
385.369	1.64975	-1.23382
385.536	1.81784	-0.942857
385.704	1.94581	-0.626895
385.871	2.02053	-0.293793
386.039	2.03369	0.0467397
386.206	1.98445	0.384204
386.374	1.87979	0.70863
386.542	1.73232	1.01173
386.709	1.55674	1.28757
386.877	1.36655	1.53259
387.044	1.17207	1.74527
387.212	0.979837	1.92549
387.379	0.793073	2.07393
387.547	0.612452	2.19159
387.714	0.43697	2.27945
387.882	0.264647	2.3382
388.05	0.0930331	2.36817
388.217	-0.0804269	2.36927
388.385	-0.258137	2.34098
388.552	-0.44212	2.28242
388.72	-0.63374	2.1924
388.887	-0.833338	2.0696
389.055	-1.0397	1.91276
389.222	-1.24937	1.72101
389.39	-1.45597	1.49426
389.557	-1.64975	1.23382
389.725	-1.81784	0.942857
389.893	-1.94581	0.626895
390.06	-2.02053	0.293793
390.228	-2.03369	-0.0467397
390.395	-1.98445	-0.384204
390.563	-1.87979	-0.70863
390.73	-1.73232	-1.01173
390.898	-1.55674	-1.28757
391.065	-1.36655	-1.53259
391.233	-1.17207	-1.74527
391.401	-0.979837	-1.92549
391.568	-0.793073	-2.07393
391.736	-0.612452	-2.19159
391.903	-0.43697	-2.27945
392.071	-0.264647	-2.3382
392.238	-0.0930331	-2.36817
392.406	0.0804269	-2.36927
392.573	0.258137	-2.34098
392.741	0.44212	-2.28242
392.909	0.63374	-2.1924
393.076	0.833338	-2.0696
393.244	1.0397	-1.91276
393.411	1.24937	-1.72101
393.579	1.45597	-1.49426
393.746	1.64975	-1.23382
393.914	1.81784	-0.942857
394.081	1.94581	-0.626895
394.249	2.02053	-0.293793
394.416	2.03369	0.0467397
394.584	1.98445	0.384204
394.752	1.87979	0.70863
394.919	1.73232	1.01173
395.087	1.55674	1.28757
395.254	1.36655	1.53259
395.422	1.17207	1.74527
395.589	0.979837	1.92549
395.757	0.793073	2.07393
395.924	0.612452	2.19159
396.092	0.43697	2.27945
396.26	0.264647	2.3382
396.427	0.0930331	2.36817
396.595	-0.0804269	2.36927
396.762	-0.258137	2.34098
396.93	-0.44212	2.28242
397.097	-0.63374	2.1924
397.265	-0.833338	2.0696
397.432	-1.0397	1.91276
397.6	-1.24937	1.72101
397.768	-1.45597	1.49426
397.935	-1.64975	1.23382
398.103	-1.81784	0.942857
398.27	-1.94581	0.626895
398.438	-2.02053	0.293793
398.605	-2.03369	-0.0467397
398.773	-1.98445	-0.384204
398.94	-1.87979	-0.70863
399.108	-1.73232	-1.01173
399.275	-1.55674	-1.28757
399.443	-1.36655	-1.53259
399.611	-1.17207	-1.74527
399.778	-0.979837	-1.92549
399.946	-0.793073	-2.07393
400.113	-0.612452	-2.19159
400.281	-0.43697	-2.27945
400.448	-0.264647	-2.3382
400.616	-0.0930331	-2.36817
400.783	0.0804269	-2.36927
400.951	0.258137	-2.34098
401.119	0.44212	-2.28242
401.286	0.63374	-2.1924
401.454	0.833338	-2.0696
401.621	1.0397	-1.91276
401.789	1.24937	-1.72101
401.956	1.45597	-1.49426
402.124	1.64975	-1.23382
402.291	1.81784	-0.942857
402.459	1.94581	-0.626895
402.627	2.02053	-0.293793
402.794	2.03369	0.0467397
402.962	1.98445	0.384204
403.129	1.87979	0.70863
403.297	1.73232	1.01173
403.464	1.55674	1.28757
403.632	1.36655	1.53259
403.799	1.17207	1.74527
403.967	0.979837	1.92549
404.134	0.793073	2.07393
404.302	0.612452	2.19159
404.47	0.43697	2.27945
404.637	0.264647	2.3382
404.805	0.0930331	2.36817
404.972	-0.0804269	2.36927
405.14	-0.258137	2.34098
405.307	-0.44212	2.28242
405.475	-0.63374	2.1924
405.642	-0.833338	2.0696
405.81	-1.0397	1.91276
405.978	-1.24937	1.72101
406.145	-1.45597	1.49426
406.313	-1.64975	1.23382
406.48	-1.81784	0.942857
406.648	-1.94581	0.626895
406.815	-2.02053	0.293793
406.983	-2.03369	-0.0467397
407.15	-1.98445	-0.384204
407.318	-1.87979	-0.70863
407.486	-1.73232	-1.01173
407.653	-1.55674	-1.28757
407.821	-1.36655	-1.53259
407.988	-1.17207	-1.74527
408.156	-0.979837	-1.92549
408.323	-0.793073	-2.07393
408.491	-0.612452	-2.19159
408.658	-0.43697	-2.27945
408.826	-0.264647	-2.3382
408.993	-0.0930331	-2.36817
409.161	0.0804269	-2.36927
409.329	0.258137	-2.34098
409.496	0.44212	-2.28242
409.664	0.63374	-2.1924
409.831	0.833338	-2.0696
409.999	1.0397	-1.91276
410.166	1.24937	-1.72101
410.334	1.45597	-1.49426
410.501	1.64975	-1.23382
410.669	1.81784	-0.942857
410.837	1.94581	-0.626895
411.004	2.02053	-0.293793
411.172	2.03369	0.0467397
411.339	1.98445	0.384204
411.507	1.87979	0.70863
411.674	1.73232	1.01173
411.842	1.55674	1.28757
412.009	1.36655	1.53259
412.177	1.17207	1.74527
412.345	0.979837	1.92549
412.512	0.793073	2.07393
412.68	0.612452	2.19159
412.847	0.43697	2.27945
413.015	0.264647	2.3382
413.182	0.0930331	2.36817
413.35	-0.0804269	2.36927
413.517	-0.258137	2.34098
413.685	-0.44212	2.28242
413.852	-0.63374	2.1924
414.02	-0.833338	2.0696
414.188	-1.0397	1.91276
414.355	-1.24937	1.72101
414.523	-1.45597	1.49426
414.69	-1.64975	1.23382
414.858	-1.81784	0.942857
415.025	-1.94581	0.626895
415.193	-2.02053	0.293793
415.36	-2.03369	-0.0467397
415.528	-1.98445	-0.384204
415.696	-1.87979	-0.70863
415.863	-1.73232	-1.01173
416.031	-1.55674	-1.28757
416.198	-1.36655	-1.53259
416.366	-1.17207	-1.74527
416.533	-0.979837	-1.92549
416.701	-0.793073	-2.07393
416.868	-0.612452	-2.19159
417.036	-0.43697	-2.27945
417.204	-0.264647	-2.3382
417.371	-0.0930331	-2.36817
417.539	0.0804269	-2.36927
417.706	0.258137	-2.34098
417.874	0.44212	-2.28242
418.041	0.63374	-2.1924
418.209	0.833338	-2.0696
418.376	1.0397	-1.91276
418.544	1.24937	-1.72101
418.711	1.45597	-1.49426
418.879	1.64975	-1.23382
419.047	1.81784	-0.942857
419.214	1.94581	-0.626895
419.382	2.02053	-0.293793
419.549	2.03369	0.0467396
419.717	1.98445	0.384204
419.884	1.87979	0.70863
420.052	1.73232	1.01173
420.219	1.55674	1.28757
420.387	1.36655	1.53259
420.555	1.17207	1.74527
420.722	0.979837	1.92549
420.89	0.793073	2.07393
421.057	0.612452	2.19159
421.225	0.43697	2.27945
421.392	0.264647	2.3382
421.56	0.0930331	2.36817
421.727	-0.0804269	2.36927
421.895	-0.258137	2.34098
422.063	-0.44212	2.28242
422.23	-0.63374	2.1924
422.398	-0.833338	2.0696
422.565	-1.0397	1.91276
422.733	-1.24937	1.72101
422.9	-1.45597	1.49426
423.068	-1.64975	1.23382
423.235	-1.81784	0.942857
423.403	-1.94581	0.626895
423.57	-2.02053	0.293793
423.738	-2.03369	-0.0467396
423.906	-1.98445	-0.384204
424.073	-1.87979	-0.70863
424.241	-1.73232	-1.01173
424.408	-1.55674	-1.28757
424.576	-1.36655	-1.53259
424.743	-1.17207	-1.74527
424.911	-0.979837	-1.92549
425.078	-0.793073	-2.07393
425.246	-0.612452	-2.19159
425.414	-0.43697	-2.27945
425.581	-0.264647	-2.3382
425.749	-0.0930331	-2.36817
425.916	0.0804269	-2.36927
426.084	0.258137	-2.34098
426.251	0.44212	-2.28242
426.419	0.63374	-2.1924
426.586	0.833338	-2.0696
426.754	1.0397	-1.91276
426.921	1.24937	-1.72101
427.089	1.45597	-1.49426
427.257	1.64975	-1.23382
427.424	1.81784	-0.942857
427.592	1.94581	-0.626895
427.759	2.02053	-0.293793
427.927	2.03369	0.0467396
428.094	1.98445	0.384204
428.262	1.87979	0.70863
428.429	1.73232	1.01173
428.597	1.55674	1.28757
428.765	1.36655	1.53259
428.932	1.17207	1.74527
429.1	0.979837	1.92549
429.267	0.793073	2.07393
429.435	0.612452	2.19159
429.602	0.43697	2.27945
429.77	0.264647	2.3382
429.937	0.0930331	2.36817
430.105	-0.0804269	2.36927
430.273	-0.258137	2.34098
430.44	-0.44212	2.28242
430.608	-0.63374	2.1924
430.775	-0.833338	2.0696
430.943	-1.0397	1.91276
431.11	-1.24937	1.72101
431.278	-1.45597	1.49426
431.445	-1.64975	1.23382
431.613	-1.81784	0.942857
431.78	-1.94581	0.626895
431.948	-2.02053	0.293793
432.116	-2.03369	-0.0467396
432.283	-1.98445	-0.384204
432.451	-1.87979	-0.70863
432.618	-1.73232	-1.01173
432.786	-1.55674	-1.28757
432.953	-1.36655	-1.53259
433.121	-1.17207	-1.74527
433.288	-0.979837	-1.92549
433.456	-0.793073	-2.07393
433.624	-0.612452	-2.19159
433.791	-0.43697	-2.27945
433.959	-0.264647	-2.3382
434.126	-0.0930331	-2.36817
434.294	0.0804269	-2.36927
434.461	0.258137	-2.34098
434.629	0.44212	-2.28242
434.796	0.63374	-2.1924
434.964	0.833338	-2.0696
435.132	1.0397	-1.91276
435.299	1.24937	-1.72101
435.467	1.45597	-1.49426
435.634	1.64975	-1.23382
435.802	1.81784	-0.942857
435.969	1.94581	-0.626895
436.137	2.02053	-0.293793
436.304	2.03369	0.0467396
436.472	1.98445	0.384204
436.639	1.87979	0.70863
436.807	1.73232	1.01173
436.975	1.55674	1.28757
437.142	1.36655	1.53259
437.31	1.17207	1.74527
437.477	0.979837	1.92549
437.645	0.793073	2.07393
437.812	0.612452	2.19159
437.98	0.43697	2.27945
438.147	0.264647	2.3382
438.315	0.0930331	2.36817
438.483	-0.0804269	2.36927
438.65	-0.258137	2.34098
438.818	-0.44212	2.28242
438.985	-0.63374	2.1924
439.153	-0.833338	2.0696
439.32	-1.0397	1.91276
439.488	-1.24937	1.72101
439.655	-1.45597	1.49426
439.823	-1.64975	1.23382
439.991	-1.81784	0.942857
440.158	-1.94581	0.626895
440.326	-2.02053	0.293793
440.493	-2.03369	-0.0467396
440.661	-1.98445	-0.384204
440.828	-1.87979	-0.70863
440.996	-1.73232	-1.01173
441.163	-1.55674	-1.28757
441.331	-1.36655	-1.53259
441.498	-1.17207	-1.74527
441.666	-0.979837	-1.92549
441.834	-0.793073	-2.07393
442.001	-0.612452	-2.19159
442.169	-0.43697	-2.27945
442.336	-0.264647	-2.3382
442.504	-0.0930331	-2.36817
442.671	0.0804269	-2.36927
442.839	0.258137	-2.34098
443.006	0.44212	-2.28242
443.174	0.63374	-2.1924
443.342	0.833338	-2.0696
443.509	1.0397	-1.91276
443.677	1.24937	-1.72101
443.844	1.45597	-1.49426
444.012	1.64975	-1.23382
444.179	1.81784	-0.942857
444.347	1.94581	-0.626895
444.514	2.02053	-0.293793
444.682	2.03369	0.0467396
444.85	1.98445	0.384204
445.017	1.87979	0.70863
445.185	1.73232	1.01173
445.352	1.55674	1.28757
445.52	1.36655	1.53259
445.687	1.17207	1.74527
445.855	0.979837	1.92549
446.022	0.793073	2.07393
446.19	0.612452	2.19159
446.357	0.43697	2.27945
446.525	0.264647	2.3382
446.693	0.0930331	2.36817
446.86	-0.0804269	2.36927
447.028	-0.258137	2.34098
447.195	-0.44212	2.28242
447.363	-0.63374	2.1924
447.53	-0.833338	2.0696
447.698	-1.0397	1.91276
447.865	-1.24937	1.72101
448.033	-1.45597	1.49426
448.201	-1.64975	1.23382
448.368	-1.81784	0.942857
448.536	-1.94581	0.626895
448.703	-2.02053	0.293793
448.871	-2.03369	-0.0467396
449.038	-1.98445	-0.384204
449.206	-1.87979	-0.70863
449.373	-1.73232	-1.01173
449.541	-1.55674	-1.28757
449.709	-1.36655	-1.53259
449.876	-1.17207	-1.74527
450.044	-0.979837	-1.92549
450.211	-0.793073	-2.07393
450.379	-0.612452	-2.19159
450.546	-0.43697	-2.27945
450.714	-0.264647	-2.3382
450.881	-0.0930331	-2.36817
451.049	0.0804269	-2.36927
451.216	0.258137	-2.34098
451.384	0.44212	-2.28242
451.552	0.63374	-2.1924
451.719	0.833338	-2.0696
451.887	1.0397	-1.91276
452.054	1.24937	-1.72101
452.222	1.45597	-1.49426
452.389	1.64975	-1.23382
452.557	1.81784	-0.942857
452.724	1.94581	-0.626895
452.892	2.02053	-0.293793
453.06	2.03369	0.0467396
453.227	1.98445	0.384204
453.395	1.87979	0.70863
453.562	1.73232	1.01173
453.73	1.55674	1.28757
453.897	1.36655	1.53259
454.065	1.17207	1.74527
454.232	0.979837	1.92549
454.4	0.793073	2.07393
454.568	0.612452	2.19159
454.735	0.43697	2.27945
454.903	0.264647	2.3382
455.07	0.0930331	2.36817
455.238	-0.0804269	2.36927
455.405	-0.258137	2.34098
455.573	-0.44212	2.28242
455.74	-0.63374	2.1924
455.908	-0.833338	2.0696
456.075	-1.0397	1.91276
456.243	-1.24937	1.72101
456.411	-1.45597	1.49426
456.578	-1.64975	1.23382
456.746	-1.81784	0.942857
456.913	-1.94581	0.626895
457.081	-2.02053	0.293793
457.248	-2.03369	-0.0467396
457.416	-1.98445	-0.384204
457.583	-1.87979	-0.70863
457.751	-1.73232	-1.01173
457.919	-1.55674	-1.28757
458.086	-1.36655	-1.53259
458.254	-1.17207	-1.74527
458.421	-0.979837	-1.92549
458.589	-0.793073	-2.07393
458.756	-0.612452	-2.19159
458.924	-0.43697	-2.27945
459.091	-0.264647	-2.3382
459.259	-0.0930331	-2.36817
459.427	0.0804269	-2.36927
459.594	0.258137	-2.34098
459.762	0.44212	-2.28242
459.929	0.63374	-2.1924
460.097	0.833338	-2.0696
460.264	1.0397	-1.91276
460.432	1.24937	-1.72101
460.599	1.45597	-1.49426
460.767	1.64975	-1.23382
460.934	1.81784	-0.942857
461.102	1.94581	-0.626895
461.27	2.02053	-0.293793
461.437	2.03369	0.0467396
461.605	1.98445	0.384204
461.772	1.87979	0.70863
461.94	1.73232	1.01173
462.107	1.55674	1.28757
462.275	1.36655	1.53259
462.442	1.17207	1.74527
462.61	0.979837	1.92549
462.778	0.793073	2.07393
462.945	0.612452	2.19159
463.113	0.43697	2.27945
463.28	0.264647	2.3382
463.448	0.0930331	2.36817
463.615	-0.0804269	2.36927
463.783	-0.258137	2.34098
463.95	-0.44212	2.28242
464.118	-0.63374	2.1924
464.286	-0.833338	2.0696
464.453	-1.0397	1.91276
464.621	-1.24937	1.72101
464.788	-1.45597	1.49426
464.956	-1.64975	1.23382
465.123	-1.81784	0.942857
465.291	-1.94581	0.626895
465.458	-2.02053	0.293793
465.626	-2.03369	-0.0467396
465.793	-1.98445	-0.384204
465.961	-1.87979	-0.70863
466.129	-1.73232	-1.01173
466.296	-1.55674	-1.28757
466.464	-1.36655	-1.53259
466.631	-1.17207	-1.74527
466.799	-0.979837	-1.92549
466.966	-0.793073	-2.07393
467.134	-0.612452	-2.19159
467.301	-0.43697	-2.27945
467.469	-0.264647	-2.3382
467.637	-0.0930331	-2.36817
467.804	0.0804269	-2.36927
467.972	0.258137	-2.34098
468.139	0.44212	-2.28242
468.307	0.63374	-2.1924
468.474	0.833338	-2.0696
468.642	1.0397	-1.91276
468.809	1.24937	-1.72101
468.977	1.45597	-1.49426
469.145	1.64975	-1.23382
469.312	1.81784	-0.942857
469.48	1.94581	-0.626895
469.647	2.02053	-0.293793
469.815	2.03369	0.0467396
469.982	1.98445	0.384204
470.15	1.87979	0.70863
470.317	1.73232	1.01173
470.485	1.55674	1.28757
470.652	1.36655	1.53259
470.82	1.17207	1.74527
470.988	0.979837	1.92549
471.155	0.793073	2.07393
471.323	0.612452	2.19159
471.49	0.43697	2.27945
471.658	0.264647	2.3382
471.825	0.0930331	2.36817
471.993	-0.0804269	2.36927
472.16	-0.258137	2.34098
472.328	-0.44212	2.28242
472.496	-0.63374	2.1924
472.663	-0.833338	2.0696
472.831	-1.0397	1.91276
472.998	-1.24937	1.72101
473.166	-1.45597	1.49426
473.333	-1.64975	1.23382
473.501	-1.81784	0.942857
473.668	-1.94581	0.626895
473.836	-2.02053	0.293793
474.003	-2.03369	-0.0467396
474.171	-1.98445	-0.384204
474.339	-1.87979	-0.70863
474.506	-1.73232	-1.01173
474.674	-1.55674	-1.28757
474.841	-1.36655	-1.53259
475.009	-1.17207	-1.74527
475.176	-0.979837	-1.92549
475.344	-0.793073	-2.07393
475.511	-0.612452	-2.19159
475.679	-0.43697	-2.27945
475.847	-0.264647	-2.3382
476.014	-0.0930331	-2.36817
476.182	0.0804269	-2.36927
476.349	0.258137	-2.34098
476.517	0.44212	-2.28242
476.684	0.63374	-2.1924
476.852	0.833338	-2.0696
477.019	1.0397	-1.91276
477.187	1.24937	-1.72101
477.355	1.45597	-1.49426
477.522	1.64975	-1.23382
477.69	1.81784	-0.942857
477.857	1.94581	-0.626895
478.025	2.02053	-0.293793
478.192	2.03369	0.0467396
478.36	1.98445	0.384204
478.527	1.87979	0.70863
478.695	1.73232	1.01173
478.862	1.55674	1.28757
479.03	1.36655	1.53259
479.198	1.17207	1.74527
479.365	0.979837	1.92549
479.533	0.793073	2.07393
479.7	0.612452	2.19159
479.868	0.43697	2.27945
480.035	0.264647	2.3382
480.203	0.0930331	2.36817
480.37	-0.0804269	2.36927
480.538	-0.258137	2.34098
480.706	-0.44212	2.28242
480.873	-0.63374	2.1924
481.041	-0.833338	2.0696
481.208	-1.0397	1.91276
481.376	-1.24937	1.72101
481.543	-1.45597	1.49426
481.711	-1.64975	1.23382
481.878	-1.81784	0.942857
482.046	-1.94581	0.626895
482.214	-2.02053	0.293793
482.381	-2.03369	-0.0467396
482.549	-1.98445	-0.384204
482.716	-1.87979	-0.70863
482.884	-1.73232	-1.01173
483.051	-1.55674	-1.28757
483.219	-1.36655	-1.53259
483.386	-1.17207	-1.74527
483.554	-0.979837	-1.92549
483.721	-0.793073	-2.07393
483.889	-0.612452	-2.19159
484.057	-0.43697	-2.27945
484.224	-0.264647	-2.3382
484.392	-0.0930331	-2.36817
484.559	0.0804269	-2.36927
484.727	0.258137	-2.34098
484.894	0.44212	-2.28242
485.062	0.63374	-2.1924
485.229	0.833338	-2.0696
485.397	1.0397	-1.91276
485.565	1.24937	-1.72101
485.732	1.45597	-1.49426
485.9	1.64975	-1.23382
486.067	1.81784	-0.942857
486.235	1.94581	-0.626895
486.402	2.02053	-0.293793
486.57	2.03369	0.0467396
486.737	1.98445	0.384204
486.905	1.87979	0.70863
487.073	1.73232	1.01173
487.24	1.55674	1.28757
487.408	1.36655	1.53259
487.575	1.17207	1.74527
487.743	0.979837	1.92549
487.91	0.793073	2.07393
488.078	0.612452	2.19159
488.245	0.43697	2.27945
488.413	0.264647	2.3382
488.58	0.0930331	2.36817
488.748	-0.0804269	2.36927
488.916	-0.258137	2.34098
489.083	-0.44212	2.28242
489.251	-0.63374	2.1924
489.418	-0.833338	2.0696
489.586	-1.0397	1.91276
489.753	-1.24937	1.72101
489.921	-1.45597	1.49426
490.088	-1.64975	1.23382
490.256	-1.81784	0.942857
490.424	-1.94581	0.626895
490.591	-2.02053	0.293793
490.759	-2.03369	-0.0467396
490.926	-1.98445	-0.384204
491.094	-1.87979	-0.70863
491.261	-1.73232	-1.01173
491.429	-1.55674	-1.28757
491.596	-1.36655	-1.53259
491.764	-1.17207	-1.74527
491.932	-0.979837	-1.92549
492.099	-0.793073	-2.07393
492.267	-0.612452	-2.19159
492.434	-0.43697	-2.27945
492.602	-0.264647	-2.3382
492.769	-0.0930331	-2.36817
492.937	0.0804269	-2.36927
493.104	0.258137	-2.34098
493.272	0.44212	-2.28242
493.439	0.63374	-2.1924
493.607	0.833338	-2.0696
493.775	1.0397	-1.91276
493.942	1.24937	-1.72101
494.11	1.45597	-1.49426
494.277	1.64975	-1.23382
494.445	1.81784	-0.942857
494.612	1.94581	-0.626895
494.78	2.02053	-0.293793
494.947	2.03369	0.0467396
495.115	1.98445	0.384204
495.283	1.87979	0.70863
495.45	1.73232	1.01173
495.618	1.55674	1.28757
495.785	1.36655	1.53259
495.953	1.17207	1.74527
496.12	0.979837	1.92549
496.288	0.793073	2.07393
496.455	0.612452	2.19159
496.623	0.43697	2.27945
496.791	0.264647	2.3382
496.958	0.0930331	2.36817
497.126	-0.0804269	2.36927
497.293	-0.258137	2.34098
497.461	-0.44212	2.28242
497.628	-0.63374	2.1924
497.796	-0.833338	2.0696
497.963	-1.0397	1.91276
498.131	-1.24937	1.72101
498.298	-1.45597	1.49426
498.466	-1.64975	1.23382
498.634	-1.81784	0.942857
498.801	-1.94581	0.626895
498.969	-2.02053	0.293793
499.136	-2.03369	-0.0467396
499.304	-1.98445	-0.384204
499.471	-1.87979	-0.70863
499.639	-1.73232	-1.01173
499.806	-1.55674	-1.28757
499.974	-1.36655	-1.53259
