137.057	-0.745642	1.52481
137.225	-1.02291	1.37669
137.392	-1.29899	1.18209
137.56	-1.56312	0.942054
137.727	-1.80135	0.659724
137.895	-1.99835	0.340722
138.063	-2.14076	-0.00686841
138.23	-2.22133	-0.373182
138.398	-2.24189	-0.747874
138.565	-2.21354	-1.1217
138.733	-2.15369	-1.48788
138.9	-2.08168	-1.84274
139.068	-2.01482	-2.18575
139.235	-1.96618	-2.51894
139.403	-1.94384	-2.8461
139.57	-1.95107	3.1112
139.738	-1.98657	2.78169
139.906	-2.04451	2.44423
140.073	-2.11433	2.09589
140.241	-2.18064	1.7359
140.408	-2.22421	1.36642
140.576	-2.22451	0.992986
140.743	-2.16393	0.624396
140.911	-2.0322	0.271841
141.078	-1.82904	-0.0525936
141.246	-1.56341	-0.337578
141.414	-1.25008	-0.573831
141.581	-0.90547	-0.75474
141.749	-0.544593	-0.876354
141.916	-0.179881	-0.937025
142.084	0.178512	-0.936988
142.251	0.52161	-0.87806
142.419	0.840426	-0.763549
142.586	1.1252	-0.59833
142.754	1.36546	-0.388979
142.922	1.55115	-0.143813
143.089	1.67461	0.127333
143.257	1.73268	0.413692
143.424	1.72793	0.704441
143.592	1.66823	0.989651
143.759	1.56484	1.26103
143.927	1.42982	1.51227
144.094	1.27376	1.739
144.262	1.10455	1.93838
144.429	0.927007	2.10867
144.597	0.74331	2.24869
144.765	0.553589	2.35742
144.932	0.356631	2.43379
145.1	0.150449	2.47642
145.267	-0.0672729	2.48356
145.435	-0.298835	2.4531
145.602	-0.546177	2.38254
145.77	-0.810434	2.26913
145.937	-1.09121	2.11003
146.105	-1.3855	1.9027
146.273	-1.68614	1.64538
146.44	-1.98036	1.33801
146.608	-2.24913	0.983172
146.775	-2.4691	0.58705
146.943	-2.61795	0.159758
147.11	-2.68226	-0.285483
147.278	-2.66366	-0.734414
147.445	-2.57929	-1.17439
147.613	-2.45578	-1.59655
147.781	-2.32085	-1.9967
147.948	-2.19683	-2.3749
148.116	-2.098	-2.73429
148.283	-2.0307	-3.07972
148.451	-1.99469	2.86664
148.618	-1.98449	2.53359
148.786	-1.99032	2.20073
148.953	-1.9989	1.86646
149.121	-1.99454	1.53162
149.288	-1.96103	1.19972
149.456	-1.88426	0.876893
149.624	-1.75506	0.571239
149.791	-1.57103	0.291843
149.959	-1.33679	0.0475955
150.126	-1.06227	-0.153864
150.294	-0.760332	-0.306842
150.461	-0.444481	-0.407879
150.629	-0.127506	-0.455729
150.796	0.178974	-0.451194
150.964	0.464394	-0.396932
151.132	0.719014	-0.297296
151.299	0.933936	-0.158207
151.467	1.10156	0.0130236
151.634	1.21641	0.207977
151.802	1.27595	0.417551
151.969	1.28107	0.632506
152.137	1.23585	0.844025
152.304	1.14659	1.04418
152.472	1.02053	1.2262
152.64	0.864603	1.3845
152.807	0.684518	1.51458
152.975	0.484457	1.61277
153.142	0.267128	1.67596
153.31	0.0341717	1.70141
153.477	-0.213258	1.6866
153.645	-0.473773	1.62922
153.812	-0.744921	1.52724
153.98	-1.02227	1.37924
154.147	-1.29851	1.18473
154.315	-1.56288	0.94476
154.483	-1.80142	0.662446
154.65	-1.99881	0.3434
154.818	-2.14161	-0.00430085
154.985	-2.22253	-0.370787
155.153	-2.24334	-0.745703
155.32	-2.21511	-1.11979
155.488	-2.15525	-1.48622
155.655	-2.08313	-1.84134
155.823	-2.0161	-2.18458
155.991	-1.96727	-2.51797
156.158	-1.94475	-2.8453
156.326	-1.95181	3.11187
156.493	-1.98717	2.78224
156.661	-2.04501	2.44469
156.828	-2.11476	2.09628
156.996	-2.18103	1.73622
157.163	-2.22457	1.36667
157.331	-2.22487	0.993178
157.499	-2.16428	0.624528
157.666	-2.03256	0.271912
157.834	-1.82939	-0.05258
158.001	-1.56373	-0.33762
158.169	-1.25037	-0.573925
158.336	-0.905732	-0.75488
158.504	-0.544823	-0.876535
158.671	-0.180078	-0.937242
158.839	0.178347	-0.937235
159.006	0.52148	-0.878331
159.174	0.840335	-0.763839
159.342	1.12515	-0.598632
159.509	1.36545	-0.389285
159.677	1.5512	-0.144116
159.844	1.6747	0.127041
160.012	1.73281	0.413419
160.179	1.72809	0.704193
160.347	1.6684	0.989431
160.514	1.56502	1.26084
160.682	1.43	1.51211
160.85	1.27393	1.73886
161.017	1.1047	1.93828
161.185	0.927143	2.10859
161.352	0.743433	2.24863
161.52	0.5537	2.35739
161.687	0.356732	2.43377
161.855	0.150543	2.47641
162.022	-0.067184	2.48357
162.19	-0.298748	2.45313
162.358	-0.546092	2.38258
162.525	-0.810348	2.26918
162.693	-1.09113	2.1101
162.86	-1.38541	1.90278
163.028	-1.68605	1.64548
163.195	-1.98028	1.33812
163.363	-2.24906	0.983295
163.53	-2.46905	0.587182
163.698	-2.61793	0.159897
163.865	-2.68225	-0.285341
164.033	-2.66368	-0.734274
164.201	-2.57932	-1.17426
164.368	-2.45581	-1.59642
164.536	-2.32088	-1.99658
164.703	-2.19685	-2.37478
164.871	-2.098	-2.73417
165.038	-2.03068	-3.0796
165.206	-1.99465	2.86677
165.373	-1.98443	2.53372
165.541	-1.99025	2.20088
165.709	-1.99882	1.86663
165.876	-1.99446	1.53179
166.044	-1.96096	1.19991
166.211	-1.88422	0.877092
166.379	-1.75503	0.571443
166.546	-1.57104	0.292049
166.714	-1.33683	0.0477965
166.881	-1.06234	-0.153673
167.049	-0.760429	-0.306665
167.217	-0.444598	-0.407719
167.384	-0.127639	-0.45559
167.552	0.17883	-0.451079
167.719	0.464243	-0.396842
167.887	0.718859	-0.297232
168.054	0.933781	-0.158169
168.222	1.10141	0.0130364
168.389	1.21627	0.207965
168.557	1.27582	0.417516
168.724	1.28095	0.63245
168.892	1.23574	0.843951
169.06	1.1465	1.04409
169.227	1.02046	1.22609
169.395	0.864533	1.38438
169.562	0.684455	1.51445
169.73	0.484397	1.61263
169.897	0.26707	1.67581
170.065	0.0341134	1.70125
170.232	-0.213317	1.68644
170.4	-0.47383	1.62904
170.568	-0.744976	1.52706
170.735	-1.02232	1.37904
170.903	-1.29855	1.18453
171.07	-1.56289	0.944553
171.238	-1.80142	0.662237
171.405	-1.99877	0.343194
171.573	-2.14155	-0.0044977
171.74	-2.22244	-0.370971
171.908	-2.24323	-0.745869
172.076	-2.21499	-1.11993
172.243	-2.15513	-1.48635
172.411	-2.08302	-1.84145
172.578	-2.016	-2.18467
172.746	-1.96719	-2.51804
172.913	-1.94468	-2.84536
173.081	-1.95175	3.11181
173.248	-1.98712	2.7822
173.416	-2.04497	2.44466
173.583	-2.11472	2.09625
173.751	-2.181	1.73619
173.919	-2.22455	1.36666
174.086	-2.22484	0.993164
174.254	-2.16426	0.624518
174.421	-2.03253	0.271907
174.589	-1.82936	-0.0525806
174.756	-1.56371	-0.337616
174.924	-1.25035	-0.573917
175.091	-0.905712	-0.754869
175.259	-0.544805	-0.876521
175.427	-0.180064	-0.937225
175.594	0.178359	-0.937216
175.762	0.52149	-0.87831
175.929	0.840342	-0.763817
176.097	1.12515	-0.598609
176.264	1.36545	-0.389261
176.432	1.55119	-0.144093
176.599	1.6747	0.127064
176.767	1.7328	0.41344
176.934	1.72807	0.704212
177.102	1.66839	0.989447
177.27	1.56501	1.26085
177.437	1.42998	1.51212
177.605	1.27392	1.73887
177.772	1.10469	1.93829
177.94	0.927133	2.1086
178.107	0.743423	2.24863
178.275	0.553691	2.35739
178.442	0.356724	2.43377
178.61	0.150536	2.47641
178.778	-0.0671911	2.48357
178.945	-0.298755	2.45312
179.113	-0.546099	2.38258
179.28	-0.810355	2.26918
179.448	-1.09113	2.1101
179.615	-1.38542	1.90277
179.783	-1.68606	1.64547
179.95	-1.98028	1.33811
180.118	-2.24907	0.983285
180.286	-2.46905	0.587171
180.453	-2.61793	0.159886
180.621	-2.68225	-0.285353
180.788	-2.66367	-0.734285
180.956	-2.57931	-1.17427
181.123	-2.45581	-1.59643
181.291	-2.32087	-1.99659
181.458	-2.19684	-2.37479
181.626	-2.098	-2.73418
181.793	-2.03068	-3.07961
181.961	-1.99465	2.86676
182.129	-1.98444	2.53371
182.296	-1.99025	2.20087
182.464	-1.99882	1.86661
182.631	-1.99446	1.53178
182.799	-1.96097	1.19989
182.966	-1.88422	0.877075
183.134	-1.75504	0.571426
183.301	-1.57104	0.292032
183.469	-1.33683	0.0477801
183.637	-1.06234	-0.153689
183.804	-0.760421	-0.306679
183.972	-0.444588	-0.407732
184.139	-0.127628	-0.455602
184.307	0.178841	-0.451089
184.474	0.464255	-0.396849
184.642	0.718872	-0.297237
184.809	0.933794	-0.158172
184.977	1.10143	0.0130353
185.145	1.21628	0.207966
185.312	1.27583	0.417519
185.48	1.28096	0.632455
185.647	1.23575	0.843957
185.815	1.1465	1.0441
185.982	1.02046	1.2261
186.15	0.864539	1.38439
186.317	0.68446	1.51446
186.485	0.484402	1.61264
186.652	0.267075	1.67583
186.82	0.0341181	1.70127
186.988	-0.213312	1.68645
187.155	-0.473826	1.62905
187.323	-0.744972	1.52707
187.49	-1.02232	1.37906
187.658	-1.29855	1.18455
187.825	-1.56289	0.94457
187.993	-1.80142	0.662254
188.16	-1.99877	0.343211
188.328	-2.14155	-0.00448159
188.496	-2.22245	-0.370956
188.663	-2.24324	-0.745856
188.831	-2.215	-1.11992
188.998	-2.15514	-1.48634
189.166	-2.08303	-1.84144
189.333	-2.01601	-2.18466
189.501	-1.9672	-2.51804
189.668	-1.94469	-2.84535
189.836	-1.95176	3.11182
190.004	-1.98713	2.7822
190.171	-2.04498	2.44466
190.339	-2.11473	2.09625
190.506	-2.181	1.7362
190.674	-2.22455	1.36666
190.841	-2.22484	0.993165
191.009	-2.16426	0.624519
191.176	-2.03253	0.271908
191.344	-1.82936	-0.0525806
191.511	-1.56371	-0.337616
191.679	-1.25035	-0.573918
191.847	-0.905713	-0.75487
192.014	-0.544807	-0.876522
192.182	-0.180065	-0.937227
192.349	0.178358	-0.937217
192.517	0.521489	-0.878312
192.684	0.840341	-0.763819
192.852	1.12515	-0.598611
193.019	1.36545	-0.389263
193.187	1.55119	-0.144094
193.355	1.6747	0.127062
193.522	1.7328	0.413438
193.69	1.72808	0.70421
193.857	1.66839	0.989446
194.025	1.56501	1.26085
194.192	1.42998	1.51212
194.36	1.27392	1.73887
194.527	1.10469	1.93829
194.695	0.927134	2.1086
194.863	0.743424	2.24863
195.03	0.553692	2.35739
195.198	0.356725	2.43377
195.365	0.150536	2.47641
195.533	-0.0671905	2.48357
195.7	-0.298755	2.45312
195.868	-0.546098	2.38258
196.035	-0.810355	2.26918
196.203	-1.09113	2.1101
196.37	-1.38542	1.90277
196.538	-1.68606	1.64547
196.706	-1.98028	1.33811
196.873	-2.24907	0.983286
197.041	-2.46905	0.587172
197.208	-2.61793	0.159887
197.376	-2.68225	-0.285352
197.543	-2.66367	-0.734284
197.711	-2.57931	-1.17427
197.878	-2.45581	-1.59643
198.046	-2.32087	-1.99659
198.214	-2.19684	-2.37479
198.381	-2.098	-2.73418
198.549	-2.03068	-3.07961
198.716	-1.99465	2.86676
198.884	-1.98444	2.53371
199.051	-1.99025	2.20087
199.219	-1.99882	1.86661
199.386	-1.99446	1.53178
199.554	-1.96097	1.19989
199.722	-1.88422	0.877077
199.889	-1.75504	0.571428
200.057	-1.57104	0.292033
200.224	-1.33683	0.0477815
200.392	-1.06234	-0.153687
200.559	-0.760422	-0.306678
200.727	-0.444589	-0.407731
200.894	-0.127629	-0.455601
201.062	0.17884	-0.451088
201.229	0.464254	-0.396848
201.397	0.718871	-0.297236
201.565	0.933793	-0.158172
201.732	1.10142	0.0130354
201.9	1.21628	0.207966
202.067	1.27583	0.417519
202.235	1.28096	0.632454
202.402	1.23575	0.843957
202.57	1.1465	1.0441
202.737	1.02046	1.2261
202.905	0.864538	1.38439
203.073	0.684459	1.51446
203.24	0.484401	1.61264
203.408	0.267074	1.67582
203.575	0.0341177	1.70127
203.743	-0.213312	1.68645
203.91	-0.473826	1.62905
204.078	-0.744972	1.52707
204.245	-1.02232	1.37906
204.413	-1.29855	1.18454
204.581	-1.56289	0.944568
204.748	-1.80142	0.662253
204.916	-1.99877	0.34321
205.083	-2.14155	-0.00448296
205.251	-2.22244	-0.370957
205.418	-2.24324	-0.745857
205.586	-2.215	-1.11992
205.753	-2.15514	-1.48634
205.921	-2.08303	-1.84144
206.088	-2.01601	-2.18466
206.256	-1.96719	-2.51804
206.424	-1.94469	-2.84535
206.591	-1.95176	3.11182
206.759	-1.98713	2.7822
206.926	-2.04498	2.44466
207.094	-2.11473	2.09625
207.261	-2.181	1.7362
207.429	-2.22455	1.36666
207.596	-2.22484	0.993165
207.764	-2.16426	0.624519
207.932	-2.03253	0.271908
208.099	-1.82936	-0.0525806
208.267	-1.56371	-0.337616
208.434	-1.25035	-0.573918
208.602	-0.905713	-0.75487
208.769	-0.544807	-0.876522
208.937	-0.180065	-0.937226
209.104	0.178359	-0.937217
209.272	0.521489	-0.878312
209.44	0.840341	-0.763819
209.607	1.12515	-0.598611
209.775	1.36545	-0.389263
209.942	1.55119	-0.144094
210.11	1.6747	0.127062
210.277	1.7328	0.413439
210.445	1.72808	0.704211
210.612	1.66839	0.989446
210.78	1.56501	1.26085
210.947	1.42998	1.51212
211.115	1.27392	1.73887
211.283	1.10469	1.93829
211.45	0.927134	2.1086
211.618	0.743424	2.24863
211.785	0.553692	2.35739
211.953	0.356725	2.43377
212.12	0.150536	2.47641
212.288	-0.0671906	2.48357
212.455	-0.298755	2.45312
212.623	-0.546098	2.38258
212.791	-0.810355	2.26918
212.958	-1.09113	2.1101
213.126	-1.38542	1.90277
213.293	-1.68606	1.64547
213.461	-1.98028	1.33811
213.628	-2.24907	0.983286
213.796	-2.46905	0.587172
213.963	-2.61793	0.159887
214.131	-2.68225	-0.285352
214.299	-2.66367	-0.734284
214.466	-2.57931	-1.17427
214.634	-2.45581	-1.59643
214.801	-2.32087	-1.99659
214.969	-2.19684	-2.37479
215.136	-2.098	-2.73418
215.304	-2.03068	-3.07961
215.471	-1.99465	2.86676
215.639	-1.98444	2.53371
215.806	-1.99025	2.20087
215.974	-1.99882	1.86661
216.142	-1.99446	1.53178
216.309	-1.96097	1.19989
216.477	-1.88422	0.877077
216.644	-1.75504	0.571428
216.812	-1.57104	0.292033
216.979	-1.33683	0.0477814
217.147	-1.06234	-0.153687
217.314	-0.760422	-0.306678
217.482	-0.444589	-0.407731
217.65	-0.127629	-0.455601
217.817	0.178841	-0.451088
217.985	0.464254	-0.396848
218.152	0.718871	-0.297236
218.32	0.933793	-0.158172
218.487	1.10142	0.0130354
218.655	1.21628	0.207966
218.822	1.27583	0.417519
218.99	1.28096	0.632454
219.158	1.23575	0.843957
219.325	1.1465	1.0441
219.493	1.02046	1.2261
219.66	0.864538	1.38439
219.828	0.684459	1.51446
219.995	0.484401	1.61264
220.163	0.267074	1.67582
220.33	0.0341178	1.70127
220.498	-0.213312	1.68645
220.665	-0.473826	1.62905
220.833	-0.744972	1.52707
221.001	-1.02232	1.37906
221.168	-1.29855	1.18454
221.336	-1.56289	0.944568
221.503	-1.80142	0.662253
221.671	-1.99877	0.34321
221.838	-2.14155	-0.00448284
222.006	-2.22244	-0.370957
222.173	-2.24324	-0.745857
222.341	-2.215	-1.11992
222.509	-2.15514	-1.48634
222.676	-2.08303	-1.84144
222.844	-2.01601	-2.18466
223.011	-1.96719	-2.51804
223.179	-1.94469	-2.84535
223.346	-1.95176	3.11182
223.514	-1.98713	2.7822
223.681	-2.04498	2.44466
223.849	-2.11473	2.09625
224.017	-2.181	1.7362
224.184	-2.22455	1.36666
224.352	-2.22484	0.993165
224.519	-2.16426	0.624519
224.687	-2.03253	0.271908
224.854	-1.82936	-0.0525806
225.022	-1.56371	-0.337616
225.189	-1.25035	-0.573918
225.357	-0.905713	-0.75487
225.524	-0.544807	-0.876522
225.692	-0.180065	-0.937226
225.86	0.178359	-0.937217
226.027	0.521489	-0.878312
226.195	0.840341	-0.763819
226.362	1.12515	-0.598611
226.53	1.36545	-0.389263
226.697	1.55119	-0.144094
226.865	1.6747	0.127062
227.032	1.7328	0.413438
227.2	1.72808	0.704211
227.368	1.66839	0.989446
227.535	1.56501	1.26085
227.703	1.42998	1.51212
227.87	1.27392	1.73887
228.038	1.10469	1.93829
228.205	0.927134	2.1086
228.373	0.743424	2.24863
228.54	0.553692	2.35739
228.708	0.356725	2.43377
228.875	0.150536	2.47641
229.043	-0.0671906	2.48357
229.211	-0.298755	2.45312
229.378	-0.546098	2.38258
229.546	-0.810355	2.26918
229.713	-1.09113	2.1101
229.881	-1.38542	1.90277
230.048	-1.68606	1.64547
230.216	-1.98028	1.33811
230.383	-2.24907	0.983286
230.551	-2.46905	0.587172
230.719	-2.61793	0.159887
230.886	-2.68225	-0.285352
231.054	-2.66367	-0.734284
231.221	-2.57931	-1.17427
231.389	-2.45581	-1.59643
231.556	-2.32087	-1.99659
231.724	-2.19684	-2.37479
231.891	-2.098	-2.73418
232.059	-2.03068	-3.07961
232.227	-1.99465	2.86676
232.394	-1.98444	2.53371
232.562	-1.99025	2.20087
232.729	-1.99882	1.86661
232.897	-1.99446	1.53178
233.064	-1.96097	1.19989
233.232	-1.88422	0.877077
233.399	-1.75504	0.571428
233.567	-1.57104	0.292033
233.734	-1.33683	0.0477814
233.902	-1.06234	-0.153687
234.07	-0.760422	-0.306678
234.237	-0.444589	-0.407731
234.405	-0.127629	-0.455601
234.572	0.178841	-0.451088
234.74	0.464254	-0.396848
234.907	0.718871	-0.297236
235.075	0.933793	-0.158172
235.242	1.10142	0.0130354
235.41	1.21628	0.207966
235.578	1.27583	0.417519
235.745	1.28096	0.632454
235.913	1.23575	0.843957
236.08	1.1465	1.0441
236.248	1.02046	1.2261
236.415	0.864538	1.38439
236.583	0.684459	1.51446
236.75	0.484401	1.61264
236.918	0.267074	1.67582
237.086	0.0341178	1.70127
237.253	-0.213312	1.68645
237.421	-0.473826	1.62905
237.588	-0.744972	1.52707
237.756	-1.02232	1.37906
237.923	-1.29855	1.18454
238.091	-1.56289	0.944568
238.258	-1.80142	0.662253
238.426	-1.99877	0.34321
238.593	-2.14155	-0.00448285
238.761	-2.22244	-0.370957
238.929	-2.24324	-0.745857
239.096	-2.215	-1.11992
239.264	-2.15514	-1.48634
239.431	-2.08303	-1.84144
239.599	-2.01601	-2.18466
239.766	-1.96719	-2.51804
239.934	-1.94469	-2.84535
240.101	-1.95176	3.11182
240.269	-1.98713	2.7822
240.437	-2.04498	2.44466
240.604	-2.11473	2.09625
240.772	-2.181	1.7362
240.939	-2.22455	1.36666
241.107	-2.22484	0.993165
241.274	-2.16426	0.624519
241.442	-2.03253	0.271908
241.609	-1.82936	-0.0525806
241.777	-1.56371	-0.337616
241.945	-1.25035	-0.573918
242.112	-0.905713	-0.75487
242.28	-0.544807	-0.876522
242.447	-0.180065	-0.937226
242.615	0.178359	-0.937217
242.782	0.521489	-0.878312
242.95	0.840341	-0.763819
243.117	1.12515	-0.598611
243.285	1.36545	-0.389263
243.452	1.55119	-0.144094
243.62	1.6747	0.127062
243.788	1.7328	0.413438
243.955	1.72808	0.704211
244.123	1.66839	0.989446
244.29	1.56501	1.26085
244.458	1.42998	1.51212
244.625	1.27392	1.73887
244.793	1.10469	1.93829
244.96	0.927134	2.1086
245.128	0.743424	2.24863
245.296	0.553692	2.35739
245.463	0.356725	2.43377
245.631	0.150536	2.47641
245.798	-0.0671906	2.48357
245.966	-0.298755	2.45312
246.133	-0.546098	2.38258
246.301	-0.810355	2.26918
246.468	-1.09113	2.1101
246.636	-1.38542	1.90277
246.804	-1.68606	1.64547
246.971	-1.98028	1.33811
247.139	-2.24907	0.983286
247.306	-2.46905	0.587172
247.474	-2.61793	0.159887
247.641	-2.68225	-0.285352
247.809	-2.66367	-0.734284
247.976	-2.57931	-1.17427
248.144	-2.45581	-1.59643
248.311	-2.32087	-1.99659
248.479	-2.19684	-2.37479
248.647	-2.098	-2.73418
248.814	-2.03068	-3.07961
248.982	-1.99465	2.86676
249.149	-1.98444	2.53371
249.317	-1.99025	2.20087
249.484	-1.99882	1.86661
249.652	-1.99446	1.53178
249.819	-1.96097	1.19989
249.987	-1.88422	0.877077
250.155	-1.75504	0.571428
250.322	-1.57104	0.292033
250.49	-1.33683	0.0477814
250.657	-1.06234	-0.153687
250.825	-0.760422	-0.306678
250.992	-0.444589	-0.407731
251.16	-0.127629	-0.455601
251.327	0.178841	-0.451088
251.495	0.464254	-0.396848
251.663	0.718871	-0.297236
251.83	0.933793	-0.158172
251.998	1.10142	0.0130354
252.165	1.21628	0.207966
252.333	1.27583	0.417519
252.5	1.28096	0.632454
252.668	1.23575	0.843957
252.835	1.1465	1.0441
253.003	1.02046	1.2261
253.17	0.864538	1.38439
253.338	0.684459	1.51446
253.506	0.484401	1.61264
253.673	0.267074	1.67582
253.841	0.0341178	1.70127
254.008	-0.213312	1.68645
254.176	-0.473826	1.62905
254.343	-0.744972	1.52707
254.511	-1.02232	1.37906
254.678	-1.29855	1.18454
254.846	-1.56289	0.944568
255.014	-1.80142	0.662253
255.181	-1.99877	0.34321
255.349	-2.14155	-0.00448285
255.516	-2.22244	-0.370957
255.684	-2.24324	-0.745857
255.851	-2.215	-1.11992
256.019	-2.15514	-1.48634
256.186	-2.08303	-1.84144
256.354	-2.01601	-2.18466
256.522	-1.96719	-2.51804
256.689	-1.94469	-2.84535
256.857	-1.95176	3.11182
257.024	-1.98713	2.7822
257.192	-2.04498	2.44466
257.359	-2.11473	2.09625
257.527	-2.181	1.7362
257.694	-2.22455	1.36666
257.862	-2.22484	0.993165
258.029	-2.16426	0.624519
258.197	-2.03253	0.271908
258.365	-1.82936	-0.0525806
258.532	-1.56371	-0.337616
258.7	-1.25035	-0.573918
258.867	-0.905713	-0.75487
259.035	-0.544807	-0.876522
259.202	-0.180065	-0.937226
259.37	0.178359	-0.937217
259.537	0.521489	-0.878312
259.705	0.840341	-0.763819
259.873	1.12515	-0.598611
260.04	1.36545	-0.389263
260.208	1.55119	-0.144094
260.375	1.6747	0.127062
260.543	1.7328	0.413438
260.71	1.72808	0.704211
260.878	1.66839	0.989446
261.045	1.56501	1.26085
261.213	1.42998	1.51212
261.381	1.27392	1.73887
261.548	1.10469	1.93829
261.716	0.927134	2.1086
261.883	0.743424	2.24863
262.051	0.553692	2.35739
262.218	0.356725	2.43377
262.386	0.150536	2.47641
262.553	-0.0671906	2.48357
262.721	-0.298755	2.45312
262.888	-0.546098	2.38258
263.056	-0.810355	2.26918
263.224	-1.09113	2.1101
263.391	-1.38542	1.90277
263.559	-1.68606	1.64547
263.726	-1.98028	1.33811
263.894	-2.24907	0.983286
264.061	-2.46905	0.587172
264.229	-2.61793	0.159887
264.396	-2.68225	-0.285352
264.564	-2.66367	-0.734284
264.732	-2.57931	-1.17427
264.899	-2.45581	-1.59643
265.067	-2.32087	-1.99659
265.234	-2.19684	-2.37479
265.402	-2.098	-2.73418
265.569	-2.03068	-3.07961
265.737	-1.99465	2.86676
265.904	-1.98444	2.53371
266.072	-1.99025	2.20087
266.24	-1.99882	1.86661
266.407	-1.99446	1.53178
266.575	-1.96097	1.19989
266.742	-1.88422	0.877077
266.91	-1.75504	0.571428
267.077	-1.57104	0.292033
267.245	-1.33683	0.0477814
267.412	-1.06234	-0.153687
267.58	-0.760422	-0.306678
267.747	-0.444589	-0.407731
267.915	-0.127629	-0.455601
268.083	0.178841	-0.451088
268.25	0.464254	-0.396848
268.418	0.718871	-0.297236
268.585	0.933793	-0.158172
268.753	1.10142	0.0130354
268.92	1.21628	0.207966
269.088	1.27583	0.417519
269.255	1.28096	0.632454
269.423	1.23575	0.843957
269.591	1.1465	1.0441
269.758	1.02046	1.2261
269.926	0.864538	1.38439
270.093	0.684459	1.51446
270.261	0.484401	1.61264
270.428	0.267074	1.67582
270.596	0.0341178	1.70127
270.763	-0.213312	1.68645
270.931	-0.473826	1.62905
271.099	-0.744972	1.52707
271.266	-1.02232	1.37906
271.434	-1.29855	1.18454
271.601	-1.56289	0.944568
271.769	-1.80142	0.662253
271.936	-1.99877	0.34321
272.104	-2.14155	-0.00448285
272.271	-2.22244	-0.370957
272.439	-2.24324	-0.745857
272.606	-2.215	-1.11992
272.774	-2.15514	-1.48634
272.942	-2.08303	-1.84144
273.109	-2.01601	-2.18466
273.277	-1.96719	-2.51804
273.444	-1.94469	-2.84535
273.612	-1.95176	3.11182
273.779	-1.98713	2.7822
273.947	-2.04498	2.44466
274.114	-2.11473	2.09625
274.282	-2.181	1.7362
274.45	-2.22455	1.36666
274.617	-2.22484	0.993165
274.785	-2.16426	0.624519
274.952	-2.03253	0.271908
275.12	-1.82936	-0.0525806
275.287	-1.56371	-0.337616
275.455	-1.25035	-0.573918
275.622	-0.905713	-0.75487
275.79	-0.544807	-0.876522
275.957	-0.180065	-0.937226
276.125	0.178359	-0.937217
276.293	0.521489	-0.878312
276.46	0.840341	-0.763819
276.628	1.12515	-0.598611
276.795	1.36545	-0.389263
276.963	1.55119	-0.144094
277.13	1.6747	0.127062
277.298	1.7328	0.413438
277.465	1.72808	0.704211
277.633	1.66839	0.989446
277.801	1.56501	1.26085
277.968	1.42998	1.51212
278.136	1.27392	1.73887
278.303	1.10469	1.93829
278.471	0.927134	2.1086
278.638	0.743424	2.24863
278.806	0.553692	2.35739
278.973	0.356725	2.43377
279.141	0.150536	2.47641
279.309	-0.0671906	2.48357
279.476	-0.298755	2.45312
279.644	-0.546098	2.38258
279.811	-0.810355	2.26918
279.979	-1.09113	2.1101
280.146	-1.38542	1.90277
280.314	-1.68606	1.64547
280.481	-1.98028	1.33811
280.649	-2.24907	0.983286
280.816	-2.46905	0.587172
280.984	-2.61793	0.159887
281.152	-2.68225	-0.285352
281.319	-2.66367	-0.734284
281.487	-2.57931	-1.17427
281.654	-2.45581	-1.59643
281.822	-2.32087	-1.99659
281.989	-2.19684	-2.37479
282.157	-2.098	-2.73418
282.324	-2.03068	-3.07961
282.492	-1.99465	2.86676
282.66	-1.98444	2.53371
282.827	-1.99025	2.20087
282.995	-1.99882	1.86661
283.162	-1.99446	1.53178
283.33	-1.96097	1.19989
283.497	-1.88422	0.877077
283.665	-1.75504	0.571428
283.832	-1.57104	0.292033
284	-1.33683	0.0477814
284.168	-1.06234	-0.153687
284.335	-0.760422	-0.306678
284.503	-0.444589	-0.407731
284.67	-0.127629	-0.455601
284.838	0.178841	-0.451088
285.005	0.464254	-0.396848
285.173	0.718871	-0.297236
285.34	0.933793	-0.158172
285.508	1.10142	0.0130354
285.675	1.21628	0.207966
285.843	1.27583	0.417519
286.011	1.28096	0.632454
286.178	1.23575	0.843957
286.346	1.1465	1.0441
286.513	1.02046	1.2261
286.681	0.864538	1.38439
286.848	0.684459	1.51446
287.016	0.484401	1.61264
287.183	0.267074	1.67582
287.351	0.0341178	1.70127
287.519	-0.213312	1.68645
287.686	-0.473826	1.62905
287.854	-0.744972	1.52707
288.021	-1.02232	1.37906
288.189	-1.29855	1.18454
288.356	-1.56289	0.944568
288.524	-1.80142	0.662253
288.691	-1.99877	0.34321
288.859	-2.14155	-0.00448285
289.027	-2.22244	-0.370957
289.194	-2.24324	-0.745857
289.362	-2.215	-1.11992
289.529	-2.15514	-1.48634
289.697	-2.08303	-1.84144
289.864	-2.01601	-2.18466
290.032	-1.96719	-2.51804
290.199	-1.94469	-2.84535
290.367	-1.95176	3.11182
290.534	-1.98713	2.7822
290.702	-2.04498	2.44466
290.87	-2.11473	2.09625
291.037	-2.181	1.7362
291.205	-2.22455	1.36666
291.372	-2.22484	0.993165
291.54	-2.16426	0.624519
291.707	-2.03253	0.271908
291.875	-1.82936	-0.0525806
292.042	-1.56371	-0.337616
292.21	-1.25035	-0.573918
292.378	-0.905713	-0.75487
292.545	-0.544807	-0.876522
292.713	-0.180065	-0.937226
292.88	0.178359	-0.937217
293.048	0.521489	-0.878312
293.215	0.840341	-0.763819
293.383	1.12515	-0.598611
293.55	1.36545	-0.389263
293.718	1.55119	-0.144094
293.886	1.6747	0.127062
294.053	1.7328	0.413438
294.221	1.72808	0.704211
294.388	1.66839	0.989446
294.556	1.56501	1.26085
294.723	1.42998	1.51212
294.891	1.27392	1.73887
295.058	1.10469	1.93829
295.226	0.927134	2.1086
295.393	0.743424	2.24863
295.561	0.553692	2.35739
295.729	0.356725	2.43377
295.896	0.150536	2.47641
296.064	-0.0671906	2.48357
296.231	-0.298755	2.45312
296.399	-0.546098	2.38258
296.566	-0.810355	2.26918
296.734	-1.09113	2.1101
296.901	-1.38542	1.90277
297.069	-1.68606	1.64547
297.237	-1.98028	1.33811
297.404	-2.24907	0.983286
297.572	-2.46905	0.587172
297.739	-2.61793	0.159887
297.907	-2.68225	-0.285352
298.074	-2.66367	-0.734284
298.242	-2.57931	-1.17427
298.409	-2.45581	-1.59643
298.577	-2.32087	-1.99659
298.745	-2.19684	-2.37479
298.912	-2.098	-2.73418
299.08	-2.03068	-3.07961
299.247	-1.99465	2.86676
299.415	-1.98444	2.53371
299.582	-1.99025	2.20087
299.75	-1.99882	1.86661
299.917	-1.99446	1.53178
300.085	-1.96097	1.19989
300.252	-1.88422	0.877077
300.42	-1.75504	0.571428
300.588	-1.57104	0.292033
300.755	-1.33683	0.0477814
300.923	-1.06234	-0.153687
301.09	-0.760422	-0.306678
301.258	-0.444589	-0.407731
301.425	-0.127629	-0.455601
301.593	0.178841	-0.451088
301.76	0.464254	-0.396848
301.928	0.718871	-0.297236
302.096	0.933793	-0.158172
302.263	1.10142	0.0130354
302.431	1.21628	0.207966
302.598	1.27583	0.417519
302.766	1.28096	0.632454
302.933	1.23575	0.843957
303.101	1.1465	1.0441
303.268	1.02046	1.2261
303.436	0.864538	1.38439
303.604	0.684459	1.51446
303.771	0.484401	1.61264
303.939	0.267074	1.67582
304.106	0.0341178	1.70127
304.274	-0.213312	1.68645
304.441	-0.473826	1.62905
304.609	-0.744972	1.52707
304.776	-1.02232	1.37906
304.944	-1.29855	1.18454
305.111	-1.56289	0.944568
305.279	-1.80142	0.662253
305.447	-1.99877	0.34321
305.614	-2.14155	-0.00448285
305.782	-2.22244	-0.370957
305.949	-2.24324	-0.745857
306.117	-2.215	-1.11992
306.284	-2.15514	-1.48634
306.452	-2.08303	-1.84144
306.619	-2.01601	-2.18466
306.787	-1.96719	-2.51804
306.955	-1.94469	-2.84535
307.122	-1.95176	3.11182
307.29	-1.98713	2.7822
307.457	-2.04498	2.44466
307.625	-2.11473	2.09625
307.792	-2.181	1.7362
307.96	-2.22455	1.36666
308.127	-2.22484	0.993165
308.295	-2.16426	0.624519
308.463	-2.03253	0.271908
308.63	-1.82936	-0.0525806
308.798	-1.56371	-0.337616
308.965	-1.25035	-0.573918
309.133	-0.905713	-0.75487
309.3	-0.544807	-0.876522
309.468	-0.180065	-0.937226
309.635	0.178359	-0.937217
309.803	0.521489	-0.878312
309.97	0.840341	-0.763
819
310.138	1.12515	-0.598611
310.306	1.36545	-0.389263
310.473	1.55119	-0.144094
310.641	1.6747	0.127062
310.808	1.7328	0.413438
310.976	1.72808	0.704211
311.143	1.66839	0.989446
311.311	1.56501	1.26085
311.478	1.42998	1.51212
311.646	1.27392	1.73887
311.814	1.10469	1.93829
311.981	0.927134	2.1086
312.149	0.743424	2.24863
312.316	0.553692	2.35739
312.484	0.356725	2.43377
312.651	0.150536	2.47641
312.819	-0.0671906	2.48357
312.986	-0.298755	2.45312
313.154	-0.546098	2.38258
313.322	-0.810355	2.26918
313.489	-1.09113	2.1101
313.657	-1.38542	1.90277
313.824	-1.68606	1.64547
313.992	-1.98028	1.33811
314.159	-2.24907	0.983286
314.327	-2.46905	0.587172
314.494	-2.61793	0.159887
314.662	-2.68225	-0.285352
314.829	-2.66367	-0.734284
314.997	-2.57931	-1.17427
315.165	-2.45581	-1.59643
315.332	-2.32087	-1.99659
315.5	-2.19684	-2.37479
315.667	-2.098	-2.73418
315.835	-2.03068	-3.07961
316.002	-1.99465	2.86676
316.17	-1.98444	2.53371
316.337	-1.99025	2.20087
316.505	-1.99882	1.86661
316.673	-1.99446	1.53178
316.84	-1.96097	1.19989
317.008	-1.88422	0.877077
317.175	-1.75504	0.571428
317.343	-1.57104	0.292033
317.51	-1.33683	0.0477814
317.678	-1.06234	-0.153687
317.845	-0.760422	-0.306678
318.013	-0.444589	-0.407731
318.181	-0.127629	-0.455601
318.348	0.178841	-0.451088
318.516	0.464254	-0.396848
318.683	0.718871	-0.297236
318.851	0.933793	-0.158172
319.018	1.10142	0.0130354
319.186	1.21628	0.207966
319.353	1.27583	0.417519
319.521	1.28096	0.632454
319.688	1.23575	0.843957
319.856	1.1465	1.0441
320.024	1.02046	1.2261
320.191	0.864538	1.38439
320.359	0.684459	1.51446
320.526	0.484401	1.61264
320.694	0.267074	1.67582
320.861	0.0341178	1.70127
321.029	-0.213312	1.68645
321.196	-0.473826	1.62905
321.364	-0.744972	1.52707
321.532	-1.02232	1.37906
321.699	-1.29855	1.18454
321.867	-1.56289	0.944568
322.034	-1.80142	0.662253
322.202	-1.99877	0.34321
322.369	-2.14155	-0.00448285
322.537	-2.22244	-0.370957
322.704	-2.24324	-0.745857
322.872	-2.215	-1.11992
323.04	-2.15514	-1.48634
323.207	-2.08303	-1.84144
323.375	-2.01601	-2.18466
323.542	-1.96719	-2.51804
323.71	-1.94469	-2.84535
323.877	-1.95176	3.11182
324.045	-1.98713	2.7822
324.212	-2.04498	2.44466
324.38	-2.11473	2.09625
324.547	-2.181	1.7362
324.715	-2.22455	1.36666
324.883	-2.22484	0.993165
325.05	-2.16426	0.624519
325.218	-2.03253	0.271908
325.385	-1.82936	-0.0525806
325.553	-1.56371	-0.337616
325.72	-1.25035	-0.573918
325.888	-0.905713	-0.75487
326.055	-0.544807	-0.876522
326.223	-0.180065	-0.937226
326.391	0.178359	-0.937217
326.558	0.521489	-0.878312
326.726	0.840341	-0.763819
326.893	1.12515	-0.598611
327.061	1.36545	-0.389263
327.228	1.55119	-0.144094
327.396	1.6747	0.127062
327.563	1.7328	0.413438
327.731	1.72808	0.704211
327.898	1.66839	0.989446
328.066	1.56501	1.26085
328.234	1.42998	1.51212
328.401	1.27392	1.73887
328.569	1.10469	1.93829
328.736	0.927134	2.1086
328.904	0.743424	2.24863
329.071	0.553692	2.35739
329.239	0.356725	2.43377
329.406	0.150536	2.47641
329.574	-0.0671906	2.48357
329.742	-0.298755	2.45312
329.909	-0.546098	2.38258
330.077	-0.810355	2.26918
330.244	-1.09113	2.1101
330.412	-1.38542	1.90277
330.579	-1.68606	1.64547
330.747	-1.98028	1.33811
330.914	-2.24907	0.983286
331.082	-2.46905	0.587172
331.25	-2.61793	0.159887
331.417	-2.68225	-0.285352
331.585	-2.66367	-0.734284
331.752	-2.57931	-1.17427
331.92	-2.45581	-1.59643
332.087	-2.32087	-1.99659
332.255	-2.19684	-2.37479
332.422	-2.098	-2.73418
332.59	-2.03068	-3.07961
332.757	-1.99465	2.86676
332.925	-1.98444	2.53371
333.093	-1.99025	2.20087
333.26	-1.99882	1.86661
333.428	-1.99446	1.53178
333.595	-1.96097	1.19989
333.763	-1.88422	0.877077
333.93	-1.75504	0.571428
334.098	-1.57104	0.292033
334.265	-1.33683	0.0477814
334.433	-1.06234	-0.153687
334.601	-0.760422	-0.306678
334.768	-0.444589	-0.407731
334.936	-0.127629	-0.455601
335.103	0.178841	-0.451088
335.271	0.464254	-0.396848
335.438	0.718871	-0.297236
335.606	0.933793	-0.158172
335.773	1.10142	0.0130354
335.941	1.21628	0.207966
336.109	1.27583	0.417519
336.276	1.28096	0.632454
336.444	1.23575	0.843957
336.611	1.1465	1.0441
336.779	1.02046	1.2261
336.946	0.864538	1.38439
337.114	0.684459	1.51446
337.281	0.484401	1.61264
337.449	0.267074	1.67582
337.616	0.0341178	1.70127
337.784	-0.213312	1.68645
337.952	-0.473826	1.62905
338.119	-0.744972	1.52707
338.287	-1.02232	1.37906
338.454	-1.29855	1.18454
338.622	-1.56289	0.944568
338.789	-1.80142	0.662253
338.957	-1.99877	0.34321
339.124	-2.14155	-0.00448285
339.292	-2.22244	-0.370957
339.46	-2.24324	-0.745857
339.627	-2.215	-1.11992
339.795	-2.15514	-1.48634
339.962	-2.08303	-1.84144
340.13	-2.01601	-2.18466
340.297	-1.96719	-2.51804
340.465	-1.94469	-2.84535
340.632	-1.95176	3.11182
340.8	-1.98713	2.7822
340.968	-2.04498	2.44466
341.135	-2.11473	2.09625
341.303	-2.181	1.7362
341.47	-2.22455	1.36666
341.638	-2.22484	0.993165
341.805	-2.16426	0.624519
341.973	-2.03253	0.271908
342.14	-1.82936	-0.0525806
342.308	-1.56371	-0.337616
342.475	-1.25035	-0.573918
342.643	-0.905713	-0.75487
342.811	-0.544807	-0.876522
342.978	-0.180065	-0.937226
343.146	0.178359	-0.937217
343.313	0.521489	-0.878312
343.481	0.840341	-0.763819
343.648	1.12515	-0.598611
343.816	1.36545	-0.389263
343.983	1.55119	-0.144094
344.151	1.6747	0.127062
344.319	1.7328	0.413438
344.486	1.72808	0.704211
344.654	1.66839	0.989446
344.821	1.56501	1.26085
344.989	1.42998	1.51212
345.156	1.27392	1.73887
345.324	1.10469	1.93829
345.491	0.927134	2.1086
345.659	0.743424	2.24863
345.827	0.553692	2.35739
345.994	0.356725	2.43377
346.162	0.150536	2.47641
346.329	-0.0671906	2.48357
346.497	-0.298755	2.45312
346.664	-0.546098	2.38258
346.832	-0.810355	2.26918
346.999	-1.09113	2.1101
347.167	-1.38542	1.90277
347.334	-1.68606	1.64547
347.502	-1.98028	1.33811
347.67	-2.24907	0.983286
347.837	-2.46905	0.587172
348.005	-2.61793	0.159887
348.172	-2.68225	-0.285352
348.34	-2.66367	-0.734284
348.507	-2.57931	-1.17427
348.675	-2.45581	-1.59643
348.842	-2.32087	-1.99659
349.01	-2.19684	-2.37479
349.178	-2.098	-2.73418
349.345	-2.03068	-3.07961
349.513	-1.99465	2.86676
349.68	-1.98444	2.53371
349.848	-1.99025	2.20087
350.015	-1.99882	1.86661
350.183	-1.99446	1.53178
350.35	-1.96097	1.19989
350.518	-1.88422	0.877077
350.686	-1.75504	0.571428
350.853	-1.57104	0.292033
351.021	-1.33683	0.0477814
351.188	-1.06234	-0.153687
351.356	-0.760422	-0.306678
351.523	-0.444589	-0.407731
351.691	-0.127629	-0.455601
351.858	0.178841	-0.451088
352.026	0.464254	-0.396848
352.193	0.718871	-0.297236
352.361	0.933793	-0.158172
352.529	1.10142	0.0130354
352.696	1.21628	0.207966
352.864	1.27583	0.417519
353.031	1.28096	0.632454
353.199	1.23575	0.843957
353.366	1.1465	1.0441
353.534	1.02046	1.2261
353.701	0.864538	1.38439
353.869	0.684459	1.51446
354.037	0.484401	1.61264
354.204	0.267074	1.67582
354.372	0.0341178	1.70127
354.539	-0.213312	1.68645
354.707	-0.473826	1.62905
354.874	-0.744972	1.52707
355.042	-1.02232	1.37906
355.209	-1.29855	1.18454
355.377	-1.56289	0.944568
355.545	-1.80142	0.662253
355.712	-1.99877	0.34321
355.88	-2.14155	-0.00448285
356.047	-2.22244	-0.370957
356.215	-2.24324	-0.745857
356.382	-2.215	-1.11992
356.55	-2.15514	-1.48634
356.717	-2.08303	-1.84144
356.885	-2.01601	-2.18466
357.052	-1.96719	-2.51804
357.22	-1.94469	-2.84535
357.388	-1.95176	3.11182
357.555	-1.98713	2.7822
357.723	-2.04498	2.44466
357.89	-2.11473	2.09625
358.058	-2.181	1.7362
358.225	-2.22455	1.36666
358.393	-2.22484	0.993165
358.56	-2.16426	0.624519
358.728	-2.03253	0.271908
358.896	-1.82936	-0.0525806
359.063	-1.56371	-0.337616
359.231	-1.25035	-0.573918
359.398	-0.905713	-0.75487
359.566	-0.544807	-0.876522
359.733	-0.180065	-0.937226
359.901	0.178359	-0.937217
360.068	0.521489	-0.878312
360.236	0.840341	-0.763819
360.404	1.12515	-0.598611
360.571	1.36545	-0.389263
360.739	1.55119	-0.144094
360.906	1.6747	0.127062
361.074	1.7328	0.413438
361.241	1.72808	0.704211
361.409	1.66839	0.989446
361.576	1.56501	1.26085
361.744	1.42998	1.51212
361.911	1.27392	1.73887
362.079	1.10469	1.93829
362.247	0.927134	2.1086
362.414	0.743424	2.24863
362.582	0.553692	2.35739
362.749	0.356725	2.43377
362.917	0.150536	2.47641
363.084	-0.0671906	2.48357
363.252	-0.298755	2.45312
363.419	-0.546098	2.38258
363.587	-0.810355	2.26918
363.755	-1.09113	2.1101
363.922	-1.38542	1.90277
364.09	-1.68606	1.64547
364.257	-1.98028	1.33811
364.425	-2.24907	0.983286
364.592	-2.46905	0.587172
364.76	-2.61793	0.159887
364.927	-2.68225	-0.285352
365.095	-2.66367	-0.734284
365.263	-2.57931	-1.17427
365.43	-2.45581	-1.59643
365.598	-2.32087	-1.99659
365.765	-2.19684	-2.37479
365.933	-2.098	-2.73418
366.1	-2.03068	-3.07961
366.268	-1.99465	2.86676
366.435	-1.98444	2.53371
366.603	-1.99025	2.20087
366.77	-1.99882	1.86661
366.938	-1.99446	1.53178
367.106	-1.96097	1.19989
367.273	-1.88422	0.877077
367.441	-1.75504	0.571428
367.608	-1.57104	0.292033
367.776	-1.33683	0.0477814
367.943	-1.06234	-0.153687
368.111	-0.760422	-0.306678
368.278	-0.444589	-0.407731
368.446	-0.127629	-0.455601
368.614	0.178841	-0.451088
368.781	0.464254	-0.396848
368.949	0.718871	-0.297236
369.116	0.933793	-0.158172
369.284	1.10142	0.0130354
369.451	1.21628	0.207966
369.619	1.27583	0.417519
369.786	1.28096	0.632454
369.954	1.23575	0.843957
370.122	1.1465	1.0441
370.289	1.02046	1.2261
370.457	0.864538	1.38439
370.624	0.684459	1.51446
370.792	0.484401	1.61264
370.959	0.267074	1.67582
371.127	0.0341178	1.70127
371.294	-0.213312	1.68645
371.462	-0.473826	1.62905
371.629	-0.744972	1.52707
371.797	-1.02232	1.37906
371.965	-1.29855	1.18454
372.132	-1.56289	0.944568
372.3	-1.80142	0.662253
372.467	-1.99877	0.34321
372.635	-2.14155	-0.00448285
372.802	-2.22244	-0.370957
372.97	-2.24324	-0.745857
373.137	-2.215	-1.11992
373.305	-2.15514	-1.48634
373.473	-2.08303	-1.84144
373.64	-2.01601	-2.18466
373.808	-1.96719	-2.51804
373.975	-1.94469	-2.84535
374.143	-1.95176	3.11182
374.31	-1.98713	2.7822
374.478	-2.04498	2.44466
374.645	-2.11473	2.09625
374.813	-2.181	1.7362
374.98	-2.22455	1.36666
375.148	-2.22484	0.993165
375.316	-2.16426	0.624519
375.483	-2.03253	0.271908
375.651	-1.82936	-0.0525806
375.818	-1.56371	-0.337616
375.986	-1.25035	-0.573918
376.153	-0.905713	-0.75487
376.321	-0.544807	-0.876522
376.488	-0.180065	-0.937226
376.656	0.178359	-0.937217
376.824	0.521489	-0.878312
376.991	0.840341	-0.763819
377.159	1.12515	-0.598611
377.326	1.36545	-0.389263
377.494	1.55119	-0.144094
377.661	1.6747	0.127062
377.829	1.7328	0.413438
377.996	1.72808	0.704211
378.164	1.66839	0.989446
378.332	1.56501	1.26085
378.499	1.42998	1.51212
378.667	1.27392	1.73887
378.834	1.10469	1.93829
379.002	0.927134	2.1086
379.169	0.743424	2.24863
379.337	0.553692	2.35739
379.504	0.356725	2.43377
379.672	0.150536	2.47641
379.839	-0.0671906	2.48357
380.007	-0.298755	2.45312
380.175	-0.546098	2.38258
380.342	-0.810355	2.26918
380.51	-1.09113	2.1101
380.677	-1.38542	1.90277
380.845	-1.68606	1.64547
381.012	-1.98028	1.33811
381.18	-2.24907	0.983286
381.347	-2.46905	0.587172
381.515	-2.61793	0.159887
381.683	-2.68225	-0.285352
381.85	-2.66367	-0.734284
382.018	-2.57931	-1.17427
382.185	-2.45581	-1.59643
382.353	-2.32087	-1.99659
382.52	-2.19684	-2.37479
382.688	-2.098	-2.73418
382.855	-2.03068	-3.07961
383.023	-1.99465	2.86676
383.191	-1.98444	2.53371
383.358	-1.99025	2.20087
383.526	-1.99882	1.86661
383.693	-1.99446	1.53178
383.861	-1.96097	1.19989
384.028	-1.88422	0.877077
384.196	-1.75504	0.571428
384.363	-1.57104	0.292033
384.531	-1.33683	0.0477814
384.698	-1.06234	-0.153687
384.866	-0.760422	-0.306678
385.034	-0.444589	-0.407731
385.201	-0.127629	-0.455601
385.369	0.178841	-0.451088
385.536	0.464254	-0.396848
385.704	0.718871	-0.297236
385.871	0.933793	-0.158172
386.039	1.10142	0.0130354
386.206	1.21628	0.207966
386.374	1.27583	0.417519
386.542	1.28096	0.632454
386.709	1.23575	0.843957
386.877	1.1465	1.0441
387.044	1.02046	1.2261
387.212	0.864538	1.38439
387.379	0.684459	1.51446
387.547	0.484401	1.61264
387.714	0.267074	1.67582
387.882	0.0341178	1.70127
388.05	-0.213312	1.68645
388.217	-0.473826	1.62905
388.385	-0.744972	1.52707
388.552	-1.02232	1.37906
388.72	-1.29855	1.18454
388.887	-1.56289	0.944568
389.055	-1.80142	0.662253
389.222	-1.99877	0.34321
389.39	-2.14155	-0.00448285
389.557	-2.22244	-0.370957
389.725	-2.24324	-0.745857
389.893	-2.215	-1.11992
390.06	-2.15514	-1.48634
390.228	-2.08303	-1.84144
390.395	-2.01601	-2.18466
390.563	-1.96719	-2.51804
390.73	-1.94469	-2.84535
390.898	-1.95176	3.11182
391.065	-1.98713	2.7822
391.233	-2.04498	2.44466
391.401	-2.11473	2.09625
391.568	-2.181	1.7362
391.736	-2.22455	1.36666
391.903	-2.22484	0.993165
392.071	-2.16426	0.624519
392.238	-2.03253	0.271908
392.406	-1.82936	-0.0525806
392.573	-1.56371	-0.337616
392.741	-1.25035	-0.573918
392.909	-0.905713	-0.75487
393.076	-0.544807	-0.876522
393.244	-0.180065	-0.937226
393.411	0.178359	-0.937217
393.579	0.521489	-0.878312
393.746	0.840341	-0.763819
393.914	1.12515	-0.598611
394.081	1.36545	-0.389263
394.249	1.55119	-0.144094
394.416	1.6747	0.127062
394.584	1.7328	0.413438
394.752	1.72808	0.704211
394.919	1.66839	0.989446
395.087	1.56501	1.26085
395.254	1.42998	1.51212
395.422	1.27392	1.73887
395.589	1.10469	1.93829
395.757	0.927134	2.1086
395.924	0.743424	2.24863
396.092	0.553692	2.35739
396.26	0.356725	2.43377
396.427	0.150536	2.47641
396.595	-0.0671906	2.48357
396.762	-0.298755	2.45312
396.93	-0.546098	2.38258
397.097	-0.810355	2.26918
397.265	-1.09113	2.1101
397.432	-1.38542	1.90277
397.6	-1.68606	1.64547
397.768	-1.98028	1.33811
397.935	-2.24907	0.983286
398.103	-2.46905	0.587172
398.27	-2.61793	0.159887
398.438	-2.68225	-0.285352
398.605	-2.66367	-0.734284
398.773	-2.57931	-1.17427
398.94	-2.45581	-1.59643
399.108	-2.32087	-1.99659
399.275	-2.19684	-2.37479
399.443	-2.098	-2.73418
399.611	-2.03068	-3.07961
399.778	-1.99465	2.86676
399.946	-1.98444	2.53371
400.113	-1.99025	2.20087
400.281	-1.99882	1.86661
400.448	-1.99446	1.53178
400.616	-1.96097	1.19989
400.783	-1.88422	0.877077
400.951	-1.75504	0.571428
401.119	-1.57104	0.292033
401.286	-1.33683	0.0477814
401.454	-1.06234	-0.153687
401.621	-0.760422	-0.306678
401.789	-0.444589	-0.407731
401.956	-0.127629	-0.455601
402.124	0.178841	-0.451088
402.291	0.464254	-0.396848
402.459	0.718871	-0.297236
402.627	0.933793	-0.158172
402.794	1.10142	0.0130354
402.962	1.21628	0.207966
403.129	1.27583	0.417519
403.297	1.28096	0.632454
403.464	1.23575	0.843957
403.632	1.1465	1.0441
403.799	1.02046	1.2261
403.967	0.864538	1.38439
404.134	0.684459	1.51446
404.302	0.484401	1.61264
404.47	0.267074	1.67582
404.637	0.0341178	1.70127
404.805	-0.213312	1.68645
404.972	-0.473826	1.62905
405.14	-0.744972	1.52707
405.307	-1.02232	1.37906
405.475	-1.29855	1.18454
405.642	-1.56289	0.944568
405.81	-1.80142	0.662253
405.978	-1.99877	0.34321
406.145	-2.14155	-0.00448285
406.313	-2.22244	-0.370957
406.48	-2.24324	-0.745857
406.648	-2.215	-1.11992
406.815	-2.15514	-1.48634
406.983	-2.08303	-1.84144
407.15	-2.01601	-2.18466
407.318	-1.96719	-2.51804
407.486	-1.94469	-2.84535
407.653	-1.95176	3.11182
407.821	-1.98713	2.7822
407.988	-2.04498	2.44466
408.156	-2.11473	2.09625
408.323	-2.181	1.7362
408.491	-2.22455	1.36666
408.658	-2.22484	0.993165
408.826	-2.16426	0.624519
408.993	-2.03253	0.271908
409.161	-1.82936	-0.0525806
409.329	-1.56371	-0.337616
409.496	-1.25035	-0.573918
409.664	-0.905713	-0.75487
409.831	-0.544807	-0.876522
409.999	-0.180065	-0.937226
410.166	0.178359	-0.937217
410.334	0.521489	-0.878312
410.501	0.840341	-0.763819
410.669	1.12515	-0.598611
410.837	1.36545	-0.389263
411.004	1.55119	-0.144094
411.172	1.6747	0.127062
411.339	1.7328	0.413438
411.507	1.72808	0.704211
411.674	1.66839	0.989446
411.842	1.56501	1.26085
412.009	1.42998	1.51212
412.177	1.27392	1.73887
412.345	1.10469	1.93829
412.512	0.927134	2.1086
412.68	0.743424	2.24863
412.847	0.553692	2.35739
413.015	0.356725	2.43377
413.182	0.150536	2.47641
413.35	-0.0671906	2.48357
413.517	-0.298755	2.45312
413.685	-0.546098	2.38258
413.852	-0.810355	2.26918
414.02	-1.09113	2.1101
414.188	-1.38542	1.90277
414.355	-1.68606	1.64547
414.523	-1.98028	1.33811
414.69	-2.24907	0.983286
414.858	-2.46905	0.587172
415.025	-2.61793	0.159887
415.193	-2.68225	-0.285352
415.36	-2.66367	-0.734284
415.528	-2.57931	-1.17427
415.696	-2.45581	-1.59643
415.863	-2.32087	-1.99659
416.031	-2.19684	-2.37479
416.198	-2.098	-2.73418
416.366	-2.03068	-3.07961
416.533	-1.99465	2.86676
416.701	-1.98444	2.53371
416.868	-1.99025	2.20087
417.036	-1.99882	1.86661
417.204	-1.99446	1.53178
417.371	-1.96097	1.19989
417.539	-1.88422	0.877077
417.706	-1.75504	0.571428
417.874	-1.57104	0.292033
418.041	-1.33683	0.0477814
418.209	-1.06234	-0.153687
418.376	-0.760422	-0.306678
418.544	-0.444589	-0.407731
418.711	-0.127629	-0.455601
418.879	0.178841	-0.451088
419.047	0.464254	-0.396848
419.214	0.718871	-0.297236
419.382	0.933793	-0.158172
419.549	1.10142	0.0130354
419.717	1.21628	0.207966
419.884	1.27583	0.417519
420.052	1.28096	0.632454
420.219	1.23575	0.843957
420.387	1.1465	1.0441
420.555	1.02046	1.2261
420.722	0.864538	1.38439
420.89	0.684459	1.51446
421.057	0.484401	1.61264
421.225	0.267074	1.67582
421.392	0.0341178	1.70127
421.56	-0.213312	1.68645
421.727	-0.473826	1.62905
421.895	-0.744972	1.52707
422.063	-1.02232	1.37906
422.23	-1.29855	1.18454
422.398	-1.56289	0.944568
422.565	-1.80142	0.662253
422.733	-1.99877	0.34321
422.9	-2.14155	-0.00448285
423.068	-2.22244	-0.370957
423.235	-2.24324	-0.745857
423.403	-2.215	-1.11992
423.57	-2.15514	-1.48634
423.738	-2.08303	-1.84144
423.906	-2.01601	-2.18466
424.073	-1.96719	-2.51804
424.241	-1.94469	-2.84535
424.408	-1.95176	3.11182
424.576	-1.98713	2.7822
424.743	-2.04498	2.44466
424.911	-2.11473	2.09625
425.078	-2.181	1.7362
425.246	-2.22455	1.36666
425.414	-2.22484	0.993165
425.581	-2.16426	0.624519
425.749	-2.03253	0.271908
425.916	-1.82936	-0.0525806
426.084	-1.56371	-0.337616
426.251	-1.25035	-0.573918
426.419	-0.905713	-0.75487
426.586	-0.544807	-0.876522
426.754	-0.180065	-0.937226
426.921	0.178359	-0.937217
427.089	0.521489	-0.878312
427.257	0.840341	-0.763819
427.424	1.12515	-0.598611
427.592	1.36545	-0.389263
427.759	1.55119	-0.144094
427.927	1.6747	0.127062
428.094	1.7328	0.413438
428.262	1.72808	0.704211
428.429	1.66839	0.989446
428.597	1.56501	1.26085
428.765	1.42998	1.51212
428.932	1.27392	1.73887
429.1	1.10469	1.93829
429.267	0.927134	2.1086
429.435	0.743424	2.24863
429.602	0.553692	2.35739
429.77	0.356725	2.43377
429.937	0.150536	2.47641
430.105	-0.0671906	2.48357
430.273	-0.298755	2.45312
430.44	-0.546098	2.38258
430.608	-0.810355	2.26918
430.775	-1.09113	2.1101
430.943	-1.38542	1.90277
431.11	-1.68606	1.64547
431.278	-1.98028	1.33811
431.445	-2.24907	0.983286
431.613	-2.46905	0.587172
431.78	-2.61793	0.159887
431.948	-2.68225	-0.285352
432.116	-2.66367	-0.734284
432.283	-2.57931	-1.17427
432.451	-2.45581	-1.59643
432.618	-2.32087	-1.99659
432.786	-2.19684	-2.37479
432.953	-2.098	-2.73418
433.121	-2.03068	-3.07961
433.288	-1.99465	2.86676
433.456	-1.98444	2.53371
433.624	-1.99025	2.20087
433.791	-1.99882	1.86661
433.959	-1.99446	1.53178
434.126	-1.96097	1.19989
434.294	-1.88422	0.877077
434.461	-1.75504	0.571428
434.629	-1.57104	0.292033
434.796	-1.33683	0.0477814
434.964	-1.06234	-0.153687
435.132	-0.760422	-0.306678
435.299	-0.444589	-0.407731
435.467	-0.127629	-0.455601
435.634	0.178841	-0.451088
435.802	0.464254	-0.396848
435.969	0.718871	-0.297236
436.137	0.933793	-0.158172
436.304	1.10142	0.0130354
436.472	1.21628	0.207966
436.639	1.27583	0.417519
436.807	1.28096	0.632454
436.975	1.23575	0.843957
437.142	1.1465	1.0441
437.31	1.02046	1.2261
437.477	0.864538	1.38439
437.645	0.684459	1.51446
437.812	0.484401	1.61264
437.98	0.267074	1.67582
438.147	0.0341178	1.70127
438.315	-0.213312	1.68645
438.483	-0.473826	1.62905
438.65	-0.744972	1.52707
438.818	-1.02232	1.37906
438.985	-1.29855	1.18454
439.153	-1.56289	0.944568
439.32	-1.80142	0.662253
439.488	-1.99877	0.34321
439.655	-2.14155	-0.00448285
439.823	-2.22244	-0.370957
439.991	-2.24324	-0.745857
440.158	-2.215	-1.11992
440.326	-2.15514	-1.48634
440.493	-2.08303	-1.84144
440.661	-2.01601	-2.18466
440.828	-1.96719	-2.51804
440.996	-1.94469	-2.84535
441.163	-1.95176	3.11182
441.331	-1.98713	2.7822
441.498	-2.04498	2.44466
441.666	-2.11473	2.09625
441.834	-2.181	1.7362
442.001	-2.22455	1.36666
442.169	-2.22484	0.993165
442.336	-2.16426	0.624519
442.504	-2.03253	0.271908
442.671	-1.82936	-0.0525806
442.839	-1.56371	-0.337616
443.006	-1.25035	-0.573918
443.174	-0.905713	-0.75487
443.342	-0.544807	-0.876522
443.509	-0.180065	-0.937226
443.677	0.178359	-0.937217
443.844	0.521489	-0.878312
444.012	0.840341	-0.763819
444.179	1.12515	-0.598611
444.347	1.36545	-0.389263
444.514	1.55119	-0.144094
444.682	1.6747	0.127062
444.85	1.7328	0.413438
445.017	1.72808	0.704211
445.185	1.66839	0.989446
445.352	1.56501	1.26085
445.52	1.42998	1.51212
445.687	1.27392	1.73887
445.855	1.10469	1.93829
446.022	0.927134	2.1086
446.19	0.743424	2.24863
446.357	0.553692	2.35739
446.525	0.356725	2.43377
446.693	0.150536	2.47641
446.86	-0.0671906	2.48357
447.028	-0.298755	2.45312
447.195	-0.546098	2.38258
447.363	-0.810355	2.26918
447.53	-1.09113	2.1101
447.698	-1.38542	1.90277
447.865	-1.68606	1.64547
448.033	-1.98028	1.33811
448.201	-2.24907	0.983286
448.368	-2.46905	0.587172
448.536	-2.61793	0.159887
448.703	-2.68225	-0.285352
448.871	-2.66367	-0.734284
449.038	-2.57931	-1.17427
449.206	-2.45581	-1.59643
449.373	-2.32087	-1.99659
449.541	-2.19684	-2.37479
449.709	-2.098	-2.73418
449.876	-2.03068	-3.07961
450.044	-1.99465	2.86676
450.211	-1.98444	2.53371
450.379	-1.99025	2.20087
450.546	-1.99882	1.86661
450.714	-1.99446	1.53178
450.881	-1.96097	1.19989
451.049	-1.88422	0.877077
451.216	-1.75504	0.571428
451.384	-1.57104	0.292033
451.552	-1.33683	0.0477814
451.719	-1.06234	-0.153687
451.887	-0.760422	-0.306678
452.054	-0.444589	-0.407731
452.222	-0.127629	-0.455601
452.389	0.178841	-0.451088
452.557	0.464254	-0.396848
452.724	0.718871	-0.297236
452.892	0.933793	-0.158172
453.06	1.10142	0.0130354
453.227	1.21628	0.207966
453.395	1.27583	0.417519
453.562	1.28096	0.632454
453.73	1.23575	0.843957
453.897	1.1465	1.0441
454.065	1.02046	1.2261
454.232	0.864538	1.38439
454.4	0.684459	1.51446
454.568	0.484401	1.61264
454.735	0.267074	1.67582
454.903	0.0341178	1.70127
455.07	-0.213312	1.68645
455.238	-0.473826	1.62905
455.405	-0.744972	1.52707
455.573	-1.02232	1.37906
455.74	-1.29855	1.18454
455.908	-1.56289	0.944568
456.075	-1.80142	0.662253
456.243	-1.99877	0.34321
456.411	-2.14155	-0.00448284
456.578	-2.22244	-0.370957
456.746	-2.24324	-0.745857
456.913	-2.215	-1.11992
457.081	-2.15514	-1.48634
457.248	-2.08303	-1.84144
457.416	-2.01601	-2.18466
457.583	-1.96719	-2.51804
457.751	-1.94469	-2.84535
457.919	-1.95176	3.11182
458.086	-1.98713	2.7822
458.254	-2.04498	2.44466
458.421	-2.11473	2.09625
458.589	-2.181	1.7362
458.756	-2.22455	1.36666
458.924	-2.22484	0.993165
459.091	-2.16426	0.624519
459.259	-2.03253	0.271908
459.427	-1.82936	-0.0525806
459.594	-1.56371	-0.337616
459.762	-1.25035	-0.573918
459.929	-0.905713	-0.75487
460.097	-0.544807	-0.876522
460.264	-0.180065	-0.937226
460.432	0.178359	-0.937217
460.599	0.521489	-0.878312
460.767	0.840341	-0.763819
460.934	1.12515	-0.598611
461.102	1.36545	-0.389263
461.27	1.55119	-0.144094
461.437	1.6747	0.127062
461.605	1.7328	0.413438
461.772	1.72808	0.704211
461.94	1.66839	0.989446
462.107	1.56501	1.26085
462.275	1.42998	1.51212
462.442	1.27392	1.73887
462.61	1.10469	1.93829
462.778	0.927134	2.1086
462.945	0.743424	2.24863
463.113	0.553692	2.35739
463.28	0.356725	2.43377
463.448	0.150536	2.47641
463.615	-0.0671906	2.48357
463.783	-0.298755	2.45312
463.95	-0.546098	2.38258
464.118	-0.810355	2.26918
464.286	-1.09113	2.1101
464.453	-1.38542	1.90277
464.621	-1.68606	1.64547
464.788	-1.98028	1.33811
464.956	-2.24907	0.983286
465.123	-2.46905	0.587172
465.291	-2.61793	0.159887
465.458	-2.68225	-0.285352
465.626	-2.66367	-0.734284
465.793	-2.57931	-1.17427
465.961	-2.45581	-1.59643
466.129	-2.32087	-1.99659
466.296	-2.19684	-2.37479
466.464	-2.098	-2.73418
466.631	-2.03068	-3.07961
466.799	-1.99465	2.86676
466.966	-1.98444	2.53371
467.134	-1.99025	2.20087
467.301	-1.99882	1.86661
467.469	-1.99446	1.53178
467.637	-1.96097	1.19989
467.804	-1.88422	0.877077
467.972	-1.75504	0.571428
468.139	-1.57104	0.292033
468.307	-1.33683	0.0477814
468.474	-1.06234	-0.153687
468.642	-0.760422	-0.306678
468.809	-0.444589	-0.407731
468.977	-0.127629	-0.455601
469.145	0.178841	-0.451088
469.312	0.464254	-0.396848
469.48	0.718871	-0.297236
469.647	0.933793	-0.158172
469.815	1.10142	0.0130354
469.982	1.21628	0.207966
470.15	1.27583	0.417519
470.317	1.28096	0.632454
470.485	1.23575	0.843957
470.652	1.1465	1.0441
470.82	1.02046	1.2261
470.988	0.864538	1.38439
471.155	0.684459	1.51446
471.323	0.484401	1.61264
471.49	0.267074	1.67582
471.658	0.0341178	1.70127
471.825	-0.213312	1.68645
471.993	-0.473826	1.62905
472.16	-0.744972	1.52707
472.328	-1.02232	1.37906
472.496	-1.29855	1.18454
472.663	-1.56289	0.944568
472.831	-1.80142	0.662253
472.998	-1.99877	0.34321
473.166	-2.14155	-0.00448284
473.333	-2.22244	-0.370957
473.501	-2.24324	-0.745857
473.668	-2.215	-1.11992
473.836	-2.15514	-1.48634
474.003	-2.08303	-1.84144
474.171	-2.01601	-2.18466
474.339	-1.96719	-2.51804
474.506	-1.94469	-2.84535
474.674	-1.95176	3.11182
474.841	-1.98713	2.7822
475.009	-2.04498	2.44466
475.176	-2.11473	2.09625
475.344	-2.181	1.7362
475.511	-2.22455	1.36666
475.679	-2.22484	0.993165
475.847	-2.16426	0.624519
476.014	-2.03253	0.271908
476.182	-1.82936	-0.0525806
476.349	-1.56371	-0.337616
476.517	-1.25035	-0.573918
476.684	-0.905713	-0.75487
476.852	-0.544807	-0.876522
477.019	-0.180065	-0.937226
477.187	0.178359	-0.937217
477.355	0.521489	-0.878312
477.522	0.840341	-0.763819
477.69	1.12515	-0.598611
477.857	1.36545	-0.389263
478.025	1.55119	-0.144094
478.192	1.6747	0.127062
478.36	1.7328	0.413438
478.527	1.72808	0.704211
478.695	1.66839	0.989446
478.862	1.56501	1.26085
479.03	1.42998	1.51212
479.198	1.27392	1.73887
479.365	1.10469	1.93829
479.533	0.927134	2.1086
479.7	0.743424	2.24863
479.868	0.553692	2.35739
480.035	0.356725	2.43377
480.203	0.150536	2.47641
480.37	-0.0671906	2.48357
480.538	-0.298755	2.45312
480.706	-0.546098	2.38258
480.873	-0.810355	2.26918
481.041	-1.09113	2.1101
481.208	-1.38542	1.90277
481.376	-1.68606	1.64547
481.543	-1.98028	1.33811
481.711	-2.24907	0.983286
481.878	-2.46905	0.587172
482.046	-2.61793	0.159887
482.214	-2.68225	-0.285352
482.381	-2.66367	-0.734284
482.549	-2.57931	-1.17427
482.716	-2.45581	-1.59643
482.884	-2.32087	-1.99659
483.051	-2.19684	-2.37479
483.219	-2.098	-2.73418
483.386	-2.03068	-3.07961
483.554	-1.99465	2.86676
483.721	-1.98444	2.53371
483.889	-1.99025	2.20087
484.057	-1.99882	1.86661
484.224	-1.99446	1.53178
484.392	-1.96097	1.19989
484.559	-1.88422	0.877077
484.727	-1.75504	0.571428
484.894	-1.57104	0.292033
485.062	-1.33683	0.0477814
485.229	-1.06234	-0.153687
485.397	-0.760422	-0.306678
485.565	-0.444589	-0.407731
485.732	-0.127629	-0.455601
485.9	0.178841	-0.451088
486.067	0.464254	-0.396848
486.235	0.718871	-0.297236
486.402	0.933793	-0.158172
486.57	1.10142	0.0130354
486.737	1.21628	0.207966
486.905	1.27583	0.417519
487.073	1.28096	0.632454
487.24	1.23575	0.843957
487.408	1.1465	1.0441
487.575	1.02046	1.2261
487.743	0.864538	1.38439
487.91	0.684459	1.51446
488.078	0.484401	1.61264
488.245	0.267074	1.67582
488.413	0.0341178	1.70127
488.58	-0.213312	1.68645
488.748	-0.473826	1.62905
488.916	-0.744972	1.52707
489.083	-1.02232	1.37906
489.251	-1.29855	1.18454
489.418	-1.56289	0.944568
489.586	-1.80142	0.662253
489.753	-1.99877	0.34321
489.921	-2.14155	-0.00448284
490.088	-2.22244	-0.370957
490.256	-2.24324	-0.745857
490.424	-2.215	-1.11992
490.591	-2.15514	-1.48634
490.759	-2.08303	-1.84144
490.926	-2.01601	-2.18466
491.094	-1.96719	-2.51804
491.261	-1.94469	-2.84535
491.429	-1.95176	3.11182
491.596	-1.98713	2.7822
491.764	-2.04498	2.44466
491.932	-2.11473	2.09625
492.099	-2.181	1.7362
492.267	-2.22455	1.36666
492.434	-2.22484	0.993165
492.602	-2.16426	0.624519
492.769	-2.03253	0.271908
492.937	-1.82936	-0.0525806
493.104	-1.56371	-0.337616
493.272	-1.25035	-0.573918
493.439	-0.905713	-0.75487
493.607	-0.544807	-0.876522
493.775	-0.180065	-0.937226
493.942	0.178359	-0.937217
494.11	0.521489	-0.878312
494.277	0.840341	-0.763819
494.445	1.12515	-0.598611
494.612	1.36545	-0.389263
494.78	1.55119	-0.144094
494.947	1.6747	0.127062
495.115	1.7328	0.413438
495.283	1.72808	0.704211
495.45	1.66839	0.989446
495.618	1.56501	1.26085
495.785	1.42998	1.51212
495.953	1.27392	1.73887
496.12	1.10469	1.93829
496.288	0.927134	2.1086
496.455	0.743424	2.24863
496.623	0.553692	2.35739
496.791	0.356725	2.43377
496.958	0.150536	2.47641
497.126	-0.0671906	2.48357
497.293	-0.298755	2.45312
497.461	-0.546098	2.38258
497.628	-0.810355	2.26918
497.796	-1.09113	2.1101
497.963	-1.38542	1.90277
498.131	-1.68606	1.64547
498.298	-1.98028	1.33811
498.466	-2.24907	0.983286
498.634	-2.46905	0.587172
498.801	-2.61793	0.159887
498.969	-2.68225	-0.285352
499.136	-2.66367	-0.734284
499.304	-2.57931	-1.17427
499.471	-2.45581	-1.59643
499.639	-2.32087	-1.99659
499.806	-2.19684	-2.37479
499.974	-2.098	-2.73418
