#t	omega	theta
0	0
0.0837758	-0.000583944
0.167552	-0.000962892
0.251327	-0.00101936
0.335103	-0.00181555
0.418879	-0.0026384
0.502655	-0.00344544
0.586431	-0.00347257
0.670206	-0.00347727
0.753982	-0.00346102
0.837758	-0.00342551
0.921534	-0.00337256
1.00531	-0.00330405
1.08909	-0.00322193
1.17286	-0.00312809
1.25664	-0.00302436
1.34041	-0.00291245
1.42419	-0.00279394
1.50796	-0.00267024
1.59174	-0.00254261
1.67552	-0.0024121
1.75929	-0.00227962
1.84307	-0.00214588
1.92684	-0.00201146
2.01062	-0.00188955
2.0944	-0.00177528
2.17817	-0.00152186
2.26195	-0.00112748
2.34572	-0.000590725
2.4295	8.93674e-05
2.51327	0.000913078
2.59705	0.00187975
2.68083	0.00298749
2.7646	0.00423277
2.84838	0.00561003
2.93215	0.00711128
3.01593	0.00872568
3.0997	0.0104392
3.18348	0.0122344
3.26726	0.0140904
3.35103	0.0159829
3.43481	0.0178847
3.51858	0.0197666
3.60236	0.021598
3.68614	0.0233484
3.76991	0.0249886
3.85369	0.0264924
3.93746	0.0278376
4.02124	0.0286689
4.10501	0.0283081
4.18879	0.0277893
4.27257	0.0271347
4.35634	0.0263681
4.44012	0.025514
4.52389	0.0245971
4.60767	0.0236411
4.69145	0.0226679
4.77522	0.0216973
4.859	0.0207469
4.94277	0.0198316
5.02655	0.0189639
5.11032	0.018154
5.1941	0.0174099
5.27788	0.0167379
5.36165	0.0161425
5.44543	0.0156271
5.5292	0.015194
5.61298	0.0148447
5.69675	0.0145801
5.78053	0.0144009
5.86431	0.0143073
5.94808	0.0142996
6.03186	0.014378
6.11563	0.0145431
6.19941	0.0147955
6.28319	0.015136
6.36696	0.0155657
6.45074	0.0160864
6.53451	0.0166999
6.61829	0.0174085
6.70206	0.0182152
6.78584	0.0191232
6.86962	0.0201363
6.95339	0.0212589
7.03717	0.022496
7.12094	0.023853
7.20472	0.0253363
7.28849	0.0269526
7.37227	0.0287097
7.45605	0.0306158
7.53982	0.0326801
7.6236	0.0349125
7.70737	0.0373237
7.79115	0.0399252
7.87493	0.042729
7.9587	0.0457476
8.04248	0.0487529
8.12625	0.0516711
8.21003	0.0547086
8.2938	0.0578684
8.37758	0.061151
8.46136	0.064553
8.54513	0.0680669
8.62891	0.0716791
8.71268	0.0753691
8.79646	0.079108
8.88024	0.0828573
8.96401	0.0865675
9.04779	0.0901781
9.13156	0.0936172
9.21534	0.0968029
9.29911	0.0996457
9.38289	0.102053
9.46667	0.103932
9.55044	0.105202
9.63422	0.105795
9.71799	0.105666
9.80177	0.104798
9.88554	0.103205
9.96932	0.100934
10.0531	0.098057
10.1369	0.0946713
10.2206	0.0908886
10.3044	0.086828
10.3882	0.0826085
10.472	0.0783423
10.5558	0.0741304
10.6395	0.0700595
10.7233	0.0662015
10.8071	0.062613
10.8909	0.059337
10.9746	0.0564044
11.0584	0.0538361
11.1422	0.0516447
11.226	0.0498364
11.3097	0.0484127
11.3935	0.0473715
11.4773	0.046708
11.5611	0.0464151
11.6448	0.0464842
11.7286	0.0469051
11.8124	0.0476656
11.8962	0.0487511
11.9799	0.0501445
12.0637	0.0518245
12.1475	0.0537655
12.2313	0.0559359
12.315	0.0582976
12.3988	0.0608045
12.4826	0.0634026
12.5664	0.0660297
12.6501	0.0686157
12.7339	0.0710849
12.8177	0.0733581
12.9015	0.0753566
12.9852	0.0770061
13.069	0.0782417
13.1528	0.0790127
13.2366	0.0792856
13.3204	0.0790473
13.4041	0.0783052
13.4879	0.0770862
13.5717	0.0754338
13.6555	0.0734043
13.7392	0.0710622
13.823	0.0684758
13.9068	0.0657128
13.9906	0.0628372
14.0743	0.0599069
14.1581	0.0569724
14.2419	0.0540755
14.3257	0.0512501
14.4094	0.0485221
14.4932	0.0459102
14.577	0.0434266
14.6608	0.0410785
14.7445	0.0388682
14.8283	0.0367948
14.9121	0.0348539
14.9959	0.0330391
15.0796	0.0313421
15.1634	0.0297533
15.2472	0.0282619
15.331	0.0268563
15.4147	0.0255241
15.4985	0.0242527
15.5823	0.0230287
15.6661	0.0218385
15.7499	0.020668
15.8336	0.0195026
15.9174	0.0183275
16.0012	0.0171361
16.085	0.0164221
16.1687	0.0158176
16.2525	0.0153122
16.3363	0.0148962
16.4201	0.0145597
16.5038	0.0142925
16.5876	0.0140842
16.6714	0.0139238
16.7552	0.0137998
16.8389	0.0136999
16.9227	0.0136112
17.0065	0.0135203
17.0903	0.0134137
17.174	0.0132779
17.2578	0.0131005
17.3416	0.0128706
17.4254	0.0125795
17.5091	0.0122216
17.5929	0.0117945
17.6767	0.0112997
17.7605	0.010742
17.8442	0.0101292
17.928	0.00947144
18.0118	0.00878027
18.0956	0.00806758
18.1793	0.00734491
18.2631	0.00662267
18.3469	0.00590977
18.4307	0.00521328
18.5145	0.00453844
18.5982	0.00388873
18.682	0.00326604
18.7658	0.00267093
18.8496	0.00210286
18.9333	0.00156044
19.0171	0.00104165
19.1009	0.000543998
19.1847	6.47143e-05
19.2684	-0.000399166
19.3522	-0.0008507
19.436	-0.00129298
19.5198	-0.00172908
19.6035	-0.00216204
19.6873	-0.00259484
19.7711	-0.00303039
19.8549	-0.00347152
19.9386	-0.00392101
20.0224	-0.00438151
20.1062	-0.00485562
20.19	-0.0053458
20.2737	-0.00585434
20.3575	-0.00638339
20.4413	-0.0069348
20.5251	-0.00751008
20.6088	-0.00811028
20.6926	-0.00873584
20.7764	-0.0093864
20.8602	-0.0100606
20.944	-0.0107558
21.0277	-0.011468
21.1115	-0.0121913
21.1953	-0.0129178
21.2791	-0.0136377
21.3628	-0.014339
21.4466	-0.0150076
21.5304	-0.0156282
21.6142	-0.0161844
21.6979	-0.0166601
21.7817	-0.0170403
21.8655	-0.0173126
21.9493	-0.0174681
22.033	-0.0175026
22.1168	-0.0174168
22.2006	-0.0172167
22.2844	-0.0169127
22.3681	-0.0165192
22.4519	-0.0160529
22.5357	-0.0155321
22.6195	-0.0149749
22.7032	-0.0143989
22.787	-0.0138199
22.8708	-0.013252
22.9546	-0.0127067
23.0383	-0.0121936
23.1221	-0.01172
23.2059	-0.0112916
23.2897	-0.0109124
23.3734	-0.0105851
23.4572	-0.0103113
23.541	-0.0100919
23.6248	-0.00992731
23.7086	-0.0098173
23.7923	-0.00976147
23.8761	-0.00975916
23.9599	-0.00980963
24.0437	-0.00991199
24.1274	-0.0100653
24.2112	-0.0102684
24.295	-0.0105202
24.3788	-0.0108192
24.4625	-0.0111636
24.5463	-0.0115513
24.6301	-0.0119794
24.7139	-0.0124444
24.7976	-0.0129417
24.8814	-0.0134656
24.9652	-0.0140089
25.049	-0.0145628
25.1327	-0.0151168
25.2165	-0.0156584
25.3003	-0.0161738
25.3841	-0.0166474
25.4678	-0.0170632
25.5516	-0.0174049
25.6354	-0.017657
25.7192	-0.0178063
25.8029	-0.0178426
25.8867	-0.0177599
25.9705	-0.017557
26.0543	-0.0172376
26.1381	-0.0168104
26.2218	-0.016288
26.3056	-0.0156863
26.3894	-0.0150229
26.4732	-0.014316
26.5569	-0.0135835
26.6407	-0.0128417
26.7245	-0.0121053
26.8083	-0.0113863
26.892	-0.0106947
26.9758	-0.0100381
27.0596	-0.00942193
27.1434	-0.00884991
27.2271	-0.00832427
27.3109	-0.00784604
27.3947	-0.00741533
27.4785	-0.00703157
27.5622	-0.00669373
27.646	-0.00640048
27.7298	-0.00615031
27.8136	-0.00594164
27.8973	-0.00577293
27.9811	-0.00564266
28.0649	-0.00554945
28.1487	-0.00549204
28.2324	-0.00546929
28.3162	-0.00548022
28.4	-0.00552397
28.4838	-0.0055998
28.5675	-0.00570704
28.6513	-0.0058451
28.7351	-0.00601337
28.8189	-0.00621117
28.9027	-0.0064377
28.9864	-0.00669193
29.0702	-0.00697247
29.154	-0.00727747
29.2378	-0.00760443
29.3215	-0.0079501
29.4053	-0.00831028
29.4891	-0.00867967
29.5729	-0.00905179
29.6566	-0.00941895
29.7404	-0.00977228
29.8242	-0.010102
29.908	-0.0103976
29.9917	-0.0106487
30.0755	-0.0108453
30.1593	-0.0109788
30.2431	-0.0110428
30.3268	-0.0110333
30.4106	-0.0109498
30.4944	-0.0107947
30.5782	-0.0105737
30.6619	-0.010295
30.7457	-0.00996868
30.8295	-0.00960587
30.9133	-0.00921809
30.997	-0.00881651
31.0808	-0.00841139
31.1646	-0.00801178
31.2484	-0.00762533
31.3322	-0.00725824
31.4159	-0.00691536
31.4997	-0.00660029
31.5835	-0.00631559
31.6673	-0.0060629
31.751	-0.00584321
31.8348	-0.00565693
31.9186	-0.00550409
32.0024	-0.00537279
32.0861	-0.00498474
32.1699	-0.00479409
32.2537	-0.00479648
32.3375	-0.00498913
32.4212	-0.00537082
32.505	-0.00594186
32.5888	-0.00670396
32.6726	-0.00766012
32.7563	-0.00881434
32.8401	-0.0101714
32.9239	-0.0117364
33.0077	-0.0135143
33.0914	-0.0155093
33.1752	-0.0177238
33.259	-0.0201577
33.3428	-0.0228069
33.4265	-0.0256623
33.5103	-0.0287078
33.5941	-0.0319193
33.6779	-0.0352634
33.7616	-0.0386962
33.8454	-0.0421637
33.9292	-0.0456019
34.013	-0.0489398
34.0968	-0.0521016
34.1805	-0.055012
34.2643	-0.0576008
34.3481	-0.0598084
34.4319	-0.0615904
34.5156	-0.062921
34.5994	-0.0637944
34.6832	-0.0642245
34.767	-0.0642428
34.8507	-0.0638947
34.9345	-0.0632354
35.0183	-0.0623255
35.1021	-0.0612268
35.1858	-0.0599993
35.2696	-0.0586989
35.3534	-0.0573753
35.4372	-0.0560719
35.5209	-0.0548251
35.6047	-0.053665
35.6885	-0.0526154
35.7723	-0.051695
35.856	-0.0509176
35.9398	-0.0502935
36.0236	-0.0498295
36.1074	-0.0495302
36.1911	-0.0493977
36.2749	-0.049433
36.3587	-0.0496357
36.4425	-0.0500042
36.5263	-0.0505365
36.61	-0.0512298
36.6938	-0.0520808
36.7776	-0.0530854
36.8614	-0.054239
36.9451	-0.0555358
37.0289	-0.0569691
37.1127	-0.0585305
37.1965	-0.0602094
37.2802	-0.0619928
37.364	-0.0638641
37.4478	-0.0658028
37.5316	-0.0677835
37.6153	-0.069775
37.6991	-0.0717395
37.7829	-0.0736326
37.8667	-0.0754024
37.9504	-0.0769905
38.0342	-0.0783331
38.118	-0.0793627
38.2018	-0.080012
38.2855	-0.0802174
38.3693	-0.0799243
38.4531	-0.0790923
38.5369	-0.0776998
38.6206	-0.0757481
38.7044	-0.0732628
38.7882	-0.0702932
38.872	-0.0669097
38.9557	-0.0631985
39.0395	-0.059255
39.1233	-0.0551776
39.2071	-0.0510612
39.2909	-0.0469921
39.3746	-0.0430448
39.4584	-0.0392803
39.5422	-0.0357457
39.626	-0.0324749
39.7097	-0.0294903
39.7935	-0.0268045
39.8773	-0.0244229
39.9611	-0.0223448
40.0448	-0.0205658
40.1286	-0.019079
40.2124	-0.0178764
40.2962	-0.0169495
40.3799	-0.0162902
40.4637	-0.0158913
40.5475	-0.015747
40.6313	-0.0158526
40.715	-0.0162052
40.7988	-0.0168034
40.8826	-0.0176474
40.9664	-0.0187386
41.0501	-0.0200798
41.1339	-0.0216746
41.2177	-0.0235271
41.3015	-0.0256414
41.3852	-0.028021
41.469	-0.030668
41.5528	-0.0335816
41.6366	-0.0367573
41.7204	-0.0401854
41.8041	-0.043849
41.8879	-0.0477224
41.9717	-0.0517695
42.0555	-0.0559422
42.1392	-0.0601797
42.223	-0.0644084
42.3068	-0.0685435
42.3906	-0.0724917
42.4743	-0.0761555
42.5581	-0.0794394
42.6419	-0.0822562
42.7257	-0.0845341
42.8094	-0.0862225
42.8932	-0.087296
42.977	-0.087756
43.0608	-0.0876303
43.1445	-0.086969
43.2283	-0.0858402
43.3121	-0.0843234
43.3959	-0.0825041
43.4796	-0.0804679
43.5634	-0.0782965
43.6472	-0.0760647
43.731	-0.0738383
43.8147	-0.0716733
43.8985	-0.0696161
43.9823	-0.0677038
44.0661	-0.0659654
44.1498	-0.0644226
44.2336	-0.0630909
44.3174	-0.061981
44.4012	-0.0610996
44.485	-0.0604502
44.5687	-0.0600338
44.6525	-0.0598498
44.7363	-0.0598961
44.8201	-0.0601697
44.9038	-0.0606669
44.9876	-0.0613834
45.0714	-0.0623145
45.1552	-0.0634548
45.2389	-0.0647981
45.3227	-0.0663376
45.4065	-0.0680649
45.4903	-0.0699699
45.574	-0.07204
45.6578	-0.0742596
45.7416	-0.0766088
45.8254	-0.0790631
45.9091	-0.0815915
45.9929	-0.0841561
46.0767	-0.0867108
46.1605	-0.0892006
46.2442	-0.0915618
46.328	-0.0937218
46.4118	-0.0956009
46.4956	-0.0971149
46.5793	-0.0981791
46.6631	-0.0987129
46.7469	-0.0986468
46.8307	-0.0979281
46.9145	-0.0965272
46.9982	-0.0944419
47.082	-0.0917001
47.1658	-0.0883583
47.2496	-0.0844988
47.3333	-0.0802232
47.4171	-0.0756448
47.5009	-0.0708808
47.5847	-0.0660447
47.6684	-0.0612404
47.7522	-0.0565582
47.836	-0.0520725
47.9198	-0.0478414
48.0035	-0.0439077
48.0873	-0.0403004
48.1711	-0.037037
48.2549	-0.0341257
48.3386	-0.0315678
48.4224	-0.0293597
48.5062	-0.0274947
48.59	-0.025964
48.6737	-0.0247582
48.7575	-0.0238683
48.8413	-0.0232856
48.9251	-0.0230029
49.0088	-0.0230144
49.0926	-0.0233158
49.1764	-0.0239045
49.2602	-0.0247795
49.3439	-0.0259414
49.4277	-0.0273918
49.5115	-0.0291334
49.5953	-0.0311693
49.6791	-0.0335028
49.7628	-0.036136
49.8466	-0.0390694
49.9304	-0.0423006
50.0142	-0.0458227
50.0979	-0.049623
50.1817	-0.0536807
50.2655	-0.0579653
50.3493	-0.0624347
50.433	-0.0670334
50.5168	-0.0716919
50.6006	-0.0763266
50.6844	-0.0808414
50.7681	-0.0851309
50.8519	-0.0890853
50.9357	-0.0925971
51.0195	-0.0955685
51.1032	-0.097919
51.187	-0.0995926
51.2708	-0.100562
51.3546	-0.10083
51.4383	-0.10043
51.5221	-0.0994213
51.6059	-0.0978831
51.6897	-0.095908
51.7734	-0.0935948
51.8572	-0.0910426
51.941	-0.0883454
52.0248	-0.085589
52.1086	-0.0828486
52.1923	-0.080188
52.2761	-0.0776595
52.3599	-0.0753047
52.4437	-0.0731558
52.5274	-0.0712363
52.6112	-0.069563
52.695	-0.068147
52.7788	-0.0669947
52.8625	-0.0661092
52.9463	-0.0654907
53.0301	-0.0651376
53.1139	-0.0650467
53.1976	-0.0652141
53.2814	-0.0656348
53.3652	-0.0663035
53.449	-0.0672143
53.5327	-0.0683607
53.6165	-0.0697357
53.7003	-0.071331
53.7841	-0.0731372
53.8678	-0.0751429
53.9516	-0.077334
54.0354	-0.079693
54.1192	-0.0821981
54.2029	-0.0848221
54.2867	-0.0875309
54.3705	-0.0902831
54.4543	-0.093028
54.538	-0.0957058
54.6218	-0.0982467
54.7056	-0.100572
54.7894	-0.102595
54.8732	-0.104225
54.9569	-0.10537
55.0407	-0.105944
55.1245	-0.105874
55.2083	-0.105104
55.292	-0.103603
55.3758	-0.101371
55.4596	-0.0984392
55.5434	-0.0948704
55.6271	-0.0907532
55.7109	-0.0861966
55.7947	-0.0813217
55.8785	-0.076253
55.9622	-0.0711104
56.046	-0.0660034
56.1298	-0.061027
56.2136	-0.0562591
56.2973	-0.0517605
56.3811	-0.0475757
56.4649	-0.0437349
56.5487	-0.0402562
56.6324	-0.0371479
56.7162	-0.0344113
56.8	-0.0320423
56.8838	-0.0300337
56.9675	-0.0283761
57.0513	-0.0270595
57.1351	-0.0260739
57.2189	-0.0254103
57.3027	-0.0250607
57.3864	-0.0250186
57.4702	-0.0252793
57.554	-0.0258395
57.6378	-0.026698
57.7215	-0.0278547
57.8053	-0.029311
57.8891	-0.0310694
57.9729	-0.0331327
58.0566	-0.0355038
58.1404	-0.0381849
58.2242	-0.0411763
58.308	-0.0444754
58.3917	-0.0480753
58.4755	-0.0519627
58.5593	-0.0561168
58.6431	-0.0605066
58.7268	-0.0650892
58.8106	-0.0698083
58.8944	-0.0745928
58.9782	-0.0793573
59.0619	-0.0840032
59.1457	-0.0884221
59.2295	-0.0925005
59.3133	-0.0961267
59.397	-0.0991984
59.4808	-0.101631
59.5646	-0.103364
59.6484	-0.104367
59.7321	-0.104642
59.8159	-0.10422
59.8997	-0.103162
59.9835	-0.101548
60.0673	-0.0994743
60.151	-0.0970436
60.2348	-0.0943587
60.3186	-0.091518
60.4024	-0.0886112
60.4861	-0.0857171
60.5699	-0.0829027
60.6537	-0.0802229
60.7375	-0.0777214
60.8212	-0.0754319
60.905	-0.0733792
60.9888	-0.0715808
61.0726	-0.0700482
61.1563	-0.068788
61.2401	-0.0678034
61.3239	-0.0670943
61.4077	-0.066659
61.4914	-0.066494
61.5752	-0.0665947
61.659	-0.0669559
61.7428	-0.0675716
61.8265	-0.0684356
61.9103	-0.0695408
61.9941	-0.0708794
62.0779	-0.0724427
62.1616	-0.0742205
62.2454	-0.0762007
62.3292	-0.0783682
62.413	-0.0807048
62.4967	-0.0831876
62.5805	-0.0857882
62.6643	-0.0884712
62.7481	-0.0911939
62.8319	-0.0939041
62.9156	-0.0965405
62.9994	-0.0990319
63.0832	-0.101298
63.167	-0.103252
63.2507	-0.104802
63.3345	-0.105856
63.4183	-0.106329
63.5021	-0.10615
63.5858	-0.105264
63.6696	-0.103645
63.7534	-0.101295
63.8372	-0.0982509
63.9209	-0.0945768
64.0047	-0.0904764
64.0885	-0.0876506
64.1723	-0.0844078
64.256	-0.0808436
64.3398	-0.0770569
64.4236	-0.0731435
64.5074	-0.0691916
64.5911	-0.0652786
64.6749	-0.0614693
64.7587	-0.0578158
64.8425	-0.054358
64.9262	-0.0511247
65.01	-0.0481351
65.0938	-0.0454006
65.1776	-0.0429263
65.2614	-0.0407128
65.3451	-0.0387567
65.4289	-0.0370526
65.5127	-0.0355933
65.5965	-0.0343706
65.6802	-0.0333762
65.764	-0.0326014
65.8478	-0.0320378
65.9316	-0.0316776
66.0153	-0.031513
66.0991	-0.0315369
66.1829	-0.0317423
66.2667	-0.0321224
66.3504	-0.0326703
66.4342	-0.0333786
66.518	-0.0342391
66.6018	-0.0352425
66.6855	-0.0363775
66.7693	-0.0376303
66.8531	-0.0389841
66.9369	-0.0404183
67.0206	-0.0419076
67.1044	-0.043422
67.1882	-0.044926
67.272	-0.0463793
67.3557	-0.0477371
67.4395	-0.0489515
67.5233	-0.0499738
67.6071	-0.050757
67.6908	-0.0512593
67.7746	-0.0514473
67.8584	-0.0512989
67.9422	-0.0508058
68.026	-0.0499748
68.1097	-0.0488268
68.1935	-0.0473956
68.2773	-0.045725
68.3611	-0.0438648
68.4448	-0.0418679
68.5286	-0.0397863
68.6124	-0.0376688
68.6962	-0.0355586
68.7799	-0.0334927
68.8637	-0.0315011
68.9475	-0.0296071
69.0313	-0.0278279
69.115	-0.0261755
69.1988	-0.024657
69.2826	-0.0232764
69.3664	-0.0220344
69.4501	-0.0209301
69.5339	-0.0199607
69.6177	-0.0191226
69.7015	-0.0184118
69.7852	-0.0178237
69.869	-0.0173539
69.9528	-0.016998
70.0366	-0.0167518
70.1203	-0.0166114
70.2041	-0.0165732
70.2879	-0.016634
70.3717	-0.0167905
70.4555	-0.0170398
70.5392	-0.0173789
70.623	-0.0178047
70.7068	-0.0183137
70.7906	-0.0189019
70.8743	-0.0195643
70.9581	-0.0202946
71.0419	-0.0210852
71.1257	-0.021926
71.2094	-0.0228049
71.2932	-0.0237069
71.377	-0.0246139
71.4608	-0.0255048
71.5445	-0.0263558
71.6283	-0.0271405
71.7121	-0.0278316
71.7959	-0.0284016
71.8796	-0.0288248
71.9634	-0.0290794
72.0472	-0.0291492
72.131	-0.0290251
72.2147	-0.0287063
72.2985	-0.0282006
72.3823	-0.0275235
72.4661	-0.0266972
72.5498	-0.0257486
72.6336	-0.0247071
72.7174	-0.0236031
72.8012	-0.0224654
72.8849	-0.0213207
72.9687	-0.0201921
73.0525	-0.0190992
73.1363	-0.0180574
73.2201	-0.0170788
73.3038	-0.0161719
73.3876	-0.0153429
73.4714	-0.0145951
73.5552	-0.0139306
73.6389	-0.0133497
73.7227	-0.0128518
73.8065	-0.0124357
73.8903	-0.0120997
73.974	-0.0118418
74.0578	-0.0116599
74.1416	-0.011552
74.2254	-0.011516
74.3091	-0.0115502
74.3929	-0.0116528
74.4767	-0.011822
74.5605	-0.0120563
74.6442	-0.0123542
74.728	-0.0127138
74.8118	-0.0131333
74.8956	-0.0136103
74.9793	-0.0141419
75.0631	-0.0147244
75.1469	-0.0153529
75.2307	-0.0160213
75.3144	-0.0167216
75.3982	-0.0174441
75.482	-0.0181765
75.5658	-0.0189044
75.6496	-0.0196111
75.7333	-0.0202777
75.8171	-0.0208836
75.9009	-0.0214079
75.9847	-0.0218299
76.0684	-0.0221308
76.1522	-0.0222952
76.236	-0.0223123
76.3198	-0.0221775
76.4035	-0.0218922
76.4873	-0.0214645
76.5711	-0.0209081
76.6549	-0.0202415
76.7386	-0.019486
76.8224	-0.0186647
76.9062	-0.0178005
76.99	-0.0169151
77.0737	-0.0160282
77.1575	-0.0151565
77.2413	-0.0143139
77.3251	-0.0135115
77.4088	-0.0127574
77.4926	-0.0120576
77.5764	-0.0114158
77.6602	-0.0108343
77.7439	-0.010314
77.8277	-0.00985489
77.9115	-0.00945614
77.9953	-0.00911657
78.079	-0.0088347
78.1628	-0.00860886
78.2466	-0.00843738
78.3304	-0.00831859
78.4142	-0.00825092
78.4979	-0.0082329
78.5817	-0.00826316
78.6655	-0.00834046
78.7493	-0.00846362
78.833	-0.0086315
78.9168	-0.00884293
79.0006	-0.00909661
79.0844	-0.00939104
79.1681	-0.00972438
79.2519	-0.0100943
79.3357	-0.0104977
79.4195	-0.0109307
79.5032	-0.0113883
79.587	-0.0118642
79.6708	-0.0123506
79.7546	-0.0128383
79.8383	-0.0133161
79.9221	-0.0137716
80.0059	-0.0141912
80.0897	-0.0145605
80.1734	-0.0148654
80.2572	-0.0150925
80.341	-0.0152307
80.4248	-0.0152717
80.5085	-0.0152111
80.5923	-0.0150489
80.6761	-0.0147892
80.7599	-0.0144407
80.8437	-0.014015
80.9274	-0.0135265
81.0112	-0.0129907
81.095	-0.0124234
81.1788	-0.0118399
81.2625	-0.011254
81.3463	-0.0106779
81.4301	-0.0101217
81.5139	-0.00959358
81.5976	-0.00909984
81.6814	-0.00864504
81.7652	-0.00823234
81.849	-0.0078637
81.9327	-0.00754016
82.0165	-0.00726205
82.1003	-0.00702917
82.1841	-0.00684099
82.2678	-0.00669674
82.3516	-0.00659553
82.4354	-0.00653641
82.5192	-0.00651845
82.6029	-0.00654077
82.6867	-0.00660251
82.7705	-0.00670292
82.8543	-0.00684127
82.938	-0.00701685
83.0218	-0.00722895
83.1056	-0.00747679
83.1894	-0.00775941
83.2731	-0.00807563
83.3569	-0.00842391
83.4407	-0.00880217
83.5245	-0.00920768
83.6083	-0.00963686
83.692	-0.0100851
83.7758	-0.0105465
83.8596	-0.0110139
83.9434	-0.0114786
84.0271	-0.0119304
84.1109	-0.0123579
84.1947	-0.0127485
84.2785	-0.0130892
84.3622	-0.0133674
84.446	-0.0135712
84.5298	-0.0136909
84.6136	-0.0137198
84.6973	-0.0136545
84.7811	-0.0134956
84.8649	-0.0132478
84.9487	-0.0129193
85.0324	-0.0125212
85.1162	-0.0120665
85.2	-0.0115695
85.2838	-0.0110443
85.3675	-0.0105044
85.4513	-0.00996188
85.5351	-0.00942739
85.6189	-0.00890961
85.7026	-0.00841546
85.7864	-0.00795018
85.8702	-0.00751753
85.954	-0.00711997
86.0378	-0.00675898
86.1215	-0.00643519
86.2053	-0.00614863
86.2891	-0.00589891
86.3729	-0.00568532
86.4566	-0.00550696
86.5404	-0.00536285
86.6242	-0.00525195
86.708	-0.00517328
86.7917	-0.00512585
86.8755	-0.00510877
86.9593	-0.0051212
87.0431	-0.00516237
87.1268	-0.00523156
87.2106	-0.00532806
87.2944	-0.00545113
87.3782	-0.0056
87.4619	-0.00577371
87.5457	-0.00597113
87.6295	-0.0061908
87.7133	-0.00643085
87.797	-0.00668888
87.8808	-0.00696182
87.9646	-0.00724582
88.0484	-0.00753612
88.1321	-0.00782701
88.2159	-0.00811181
88.2997	-0.00838294
88.3835	-0.00863212
88.4672	-0.00885071
88.551	-0.00903014
88.6348	-0.00916245
88.7186	-0.00924098
88.8024	-0.00926086
88.8861	-0.00921957
88.9699	-0.00911723
89.0537	-0.0089566
89.1375	-0.00874292
89.2212	-0.00848344
89.305	-0.00818686
89.3888	-0.00786264
89.4726	-0.00752039
89.5563	-0.00716928
89.6401	-0.00681772
89.7239	-0.00647301
89.8077	-0.00614125
89.8914	-0.00582737
89.9752	-0.00553513
90.059	-0.00526729
90.1428	-0.00502576
90.2265	-0.00481173
90.3103	-0.00462584
90.3941	-0.0044683
90.4779	-0.00433904
90.5616	-0.00423775
90.6454	-0.004164
90.7292	-0.0041173
90.813	-0.00409712
90.8967	-0.00410294
90.9805	-0.00413427
91.0643	-0.00419066
91.1481	-0.00427167
91.2319	-0.00437693
91.3156	-0.00450606
91.3994	-0.00465866
91.4832	-0.00483429
91.567	-0.00503239
91.6507	-0.00525226
91.7345	-0.00549293
91.8183	-0.00575311
91.9021	-0.00603106
91.9858	-0.00632445
92.0696	-0.00663029
92.1534	-0.00694476
92.2372	-0.00726312
92.3209	-0.00757963
92.4047	-0.00788758
92.4885	-0.00817937
92.5723	-0.00844668
92.656	-0.00868086
92.7398	-0.00887337
92.8236	-0.00901632
92.9074	-0.00910315
92.9911	-0.00912917
93.0749	-0.00909204
93.1587	-0.00899205
93.2425	-0.00883214
93.3262	-0.00861766
93.41	-0.00835594
93.4938	-0.00805566
93.5776	-0.00772619
93.6613	-0.00737701
93.7451	-0.0070171
93.8289	-0.00665464
93.9127	-0.00629667
93.9965	-0.00594908
94.0802	-0.0056165
94.164	-0.00530247
94.2478	-0.00500953
94.3316	-0.00473934
94.4153	-0.0044929
94.4991	-0.00427064
94.5829	-0.00407258
94.6667	-0.00389846
94.7504	-0.00374778
94.8342	-0.00361994
94.918	-0.00351427
95.0018	-0.00343005
95.0855	-0.00336659
95.1693	-0.00332322
95.2531	-0.00329932
95.3369	-0.0032943
95.4206	-0.00330762
95.5044	-0.00333878
95.5882	-0.00338728
95.672	-0.00345261
95.7557	-0.00353423
95.8395	-0.00363152
95.9233	-0.00374374
96.0071	-0.00386993
96.0908	-0.00400893
96.1746	-0.0041592
96.2584	-0.00431884
96.3422	-0.00448545
96.426	-0.00465609
96.5097	-0.00482725
96.5935	-0.00499482
96.6773	-0.00515418
96.7611	-0.00530026
96.8448	-0.00542781
96.9286	-0.00553164
97.0124	-0.00560696
97.0962	-0.00564975
97.1799	-0.00565715
97.2637	-0.00562771
97.3475	-0.00556158
97.4313	-0.00546053
97.515	-0.00532784
97.5988	-0.00516798
97.6826	-0.00498629
97.7664	-0.00478856
97.8501	-0.00458064
97.9339	-0.00436813
98.0177	-0.00415613
98.1015	-0.00394907
98.1852	-0.00375066
98.269	-0.00356388
98.3528	-0.00339103
98.4366	-0.00323377
98.5203	-0.00309328
98.6041	-0.00297028
98.6879	-0.00286518
98.7717	-0.00277813
98.8554	-0.0027091
98.9392	-0.00265794
99.023	-0.00262442
99.1068	-0.00260826
99.1906	-0.00260917
99.2743	-0.00262688
99.3581	-0.00266112
99.4419	-0.00271166
99.5257	-0.00277826
99.6094	-0.00286074
99.6932	-0.00295889
99.777	-0.0030725
99.8608	-0.00320133
99.9445	-0.00334504
100.028	-0.00350321
100.112	-0.00367521
100.196	-0.00386022
100.28	-0.00405707
100.363	-0.00426423
100.447	-0.00447969
100.531	-0.00470086
100.615	-0.00492454
100.699	-0.00514683
100.782	-0.00536316
100.866	-0.00556832
100.95	-0.00575664
101.034	-0.00592216
101.117	-0.00605899
101.201	-0.00616171
101.285	-0.00622575
101.369	-0.00624781
101.452	-0.00622622
101.536	-0.00616109
101.62	-0.00605438
101.704	-0.00590968
101.788	-0.00573197
101.871	-0.00552716
101.955	-0.00530167
102.039	-0.00506199
102.123	-0.00481429
102.206	-0.00456418
102.29	-0.00431652
102.374	-0.00407535
102.458	-0.00384388
102.542	-0.00362453
102.625	-0.00341905
102.709	-0.0032286
102.793	-0.00305383
102.877	-0.00289505
102.96	-0.00275226
103.044	-0.00262524
103.128	-0.00251367
103.212	-0.00241708
103.296	-0.00233501
103.379	-0.00226693
103.463	-0.00221234
103.547	-0.00217076
103.631	-0.00214173
103.714	-0.00212482
103.798	-0.00211963
103.882	-0.00212579
103.966	-0.00214294
104.05	-0.00217071
104.133	-0.00220873
104.217	-0.00225658
104.301	-0.00231375
104.385	-0.00237964
104.468	-0.00245351
104.552	-0.00253442
104.636	-0.0026212
104.72	-0.0027124
104.804	-0.00280625
104.887	-0.00290066
104.971	-0.00299318
105.055	-0.00308108
105.139	-0.00316138
105.222	-0.00323099
105.306	-0.00328689
105.39	-0.00332628
105.474	-0.00334686
105.558	-0.00334699
105.641	-0.00332589
105.725	-0.00328371
105.809	-0.00322155
105.893	-0.00314139
105.976	-0.00304591
106.06	-0.00293828
106.144	-0.00282194
106.228	-0.00270033
106.311	-0.00257676
106.395	-0.00245422
106.479	-0.00233533
106.563	-0.00222226
106.647	-0.00211678
106.73	-0.00202022
106.814	-0.00193358
106.898	-0.00185757
106.982	-0.00179263
107.065	-0.00173901
107.149	-0.00169684
107.233	-0.00166611
107.317	-0.00164677
107.401	-0.00163871
107.484	-0.00164181
107.568	-0.00165593
107.652	-0.00168095
107.736	-0.00171674
107.819	-0.0017632
107.903	-0.00182024
107.987	-0.00188778
108.071	-0.00196572
108.155	-0.00205399
108.238	-0.00215244
108.322	-0.00226089
108.406	-0.00237909
108.49	-0.00250663
108.573	-0.00264297
108.657	-0.00278734
108.741	-0.00293868
108.825	-0.00309561
108.909	-0.00325634
108.992	-0.00341866
109.076	-0.00357983
109.16	-0.00373665
109.244	-0.00388548
109.327	-0.00402232
109.411	-0.00414297
109.495	-0.00424327
109.579	-0.00431935
109.663	-0.00436798
109.746	-0.00438678
109.83	-0.00437453
109.914	-0.00433124
109.998	-0.00425824
110.081	-0.00415802
110.165	-0.00403406
110.249	-0.00389048
110.333	-0.0037318
110.417	-0.00356257
110.5	-0.00338714
110.584	-0.00320946
110.668	-0.00303297
110.752	-0.0028605
110.835	-0.00269433
110.919	-0.00253615
111.003	-0.00238721
111.087	-0.00224829
111.17	-0.00211987
111.254	-0.00200213
111.338	-0.00189506
111.422	-0.00179851
111.506	-0.0017122
111.589	-0.00163581
111.673	-0.00156896
111.757	-0.00151128
111.841	-0.00146237
111.924	-0.00142189
112.008	-0.00138946
112.092	-0.00136477
112.176	-0.00134751
112.26	-0.00133739
112.343	-0.00133415
112.427	-0.0013375
112.511	-0.00134718
112.595	-0.0013629
112.678	-0.00138432
112.762	-0.00141106
112.846	-0.00144266
112.93	-0.00147857
113.014	-0.0015181
113.097	-0.00156042
113.181	-0.00160453
113.265	-0.00164925
113.349	-0.00169323
113.432	-0.00173496
113.516	-0.00177282
113.6	-0.00180512
113.684	-0.00183023
113.768	-0.00184666
113.851	-0.0018532
113.935	-0.001849
114.019	-0.00183369
114.103	-0.00180741
114.186	-0.00177082
114.27	-0.00172504
114.354	-0.00167159
114.438	-0.00161221
114.522	-0.00154882
114.605	-0.00148331
114.689	-0.0014175
114.773	-0.00135302
114.857	-0.0012913
114.94	-0.00123355
115.024	-0.00118073
115.108	-0.00113359
115.192	-0.00109268
115.276	-0.0010584
115.359	-0.00103102
115.443	-0.00101071
115.527	-0.000997546
115.611	-0.000991575
115.694	-0.000992792
115.778	-0.00100118
115.862	-0.0010167
115.946	-0.00103932
116.029	-0.00106901
116.113	-0.00110575
116.197	-0.00114952
116.281	-0.00120032
116.365	-0.00125812
116.448	-0.00132294
116.532	-0.00139473
116.616	-0.00147344
116.7	-0.001559
116.783	-0.00165124
116.867	-0.00174991
116.951	-0.00185465
117.035	-0.00196493
117.119	-0.00208001
117.202	-0.00219891
117.286	-0.00232037
117.37	-0.00244278
117.454	-0.00256418
117.537	-0.00268227
117.621	-0.00279439
117.705	-0.00289764
117.789	-0.00298896
117.873	-0.00306532
117.956	-0.00312387
118.04	-0.00316223
118.124	-0.00317864
118.208	-0.00317217
118.291	-0.00314279
118.375	-0.00309142
118.459	-0.00301986
118.543	-0.00293058
118.627	-0.00282659
118.71	-0.00271114
118.794	-0.00258755
118.878	-0.00245897
118.962	-0.00232827
119.045	-0.00219795
119.129	-0.00207009
119.213	-0.00194631
119.297	-0.00182787
119.381	-0.00171565
119.464	-0.00161023
119.548	-0.00151192
119.632	-0.00142086
119.716	-0.00133703
119.799	-0.00126028
119.883	-0.0011904
119.967	-0.00112714
120.051	-0.00107019
120.135	-0.00101927
120.218	-0.00097406
120.302	-0.000934278
120.386	-0.000899644
120.47	-0.000869893
120.553	-0.000844781
120.637	-0.000824078
120.721	-0.000807567
120.805	-0.000795039
120.888	-0.000786292
120.972	-0.000781117
121.056	-0.000779295
121.14	-0.000780587
121.224	-0.000784722
121.307	-0.000791389
121.391	-0.000800222
121.475	-0.000810794
121.559	-0.000822606
121.642	-0.000835084
121.726	-0.000847581
121.81	-0.00085939
121.894	-0.000869759
121.978	-0.000877928
122.061	-0.000883168
122.145	-0.000884832
122.229	-0.000882405
122.313	-0.000875559
122.396	-0.000864182
122.48	-0.000848402
122.564	-0.00082858
122.648	-0.000805289
122.732	-0.000779265
122.815	-0.000751354
122.899	-0.000722453
122.983	-0.000693456
123.067	-0.00066521
123.15	-0.00063848
123.234	-0.000613931
123.318	-0.000592124
123.402	-0.000573514
123.486	-0.00055846
123.569	-0.000547238
123.653	-0.000540052
123.737	-0.000537054
123.821	-0.000538348
123.904	-0.000544012
123.988	-0.000554098
124.072	-0.000568648
124.156	-0.000587692
124.24	-0.000611263
124.323	-0.000639389
124.407	-0.000672106
124.491	-0.000709451
124.575	-0.000751465
124.658	-0.00079819
124.742	-0.00084967
124.826	-0.000905939
124.91	-0.000967021
124.993	-0.00103292
125.077	-0.00110359
125.161	-0.00117896
125.245	-0.00125888
125.329	-0.00134308
125.412	-0.0014312
125.496	-0.0015227
125.58	-0.00161688
125.664	-0.00171279
125.747	-0.00180925
125.831	-0.00190478
125.915	-0.00199764
125.999	-0.00208585
126.083	-0.00216721
126.166	-0.00223939
126.25	-0.00230009
126.334	-0.00234714
126.418	-0.00237872
126.501	-0.00239347
126.585	-0.00239063
126.669	-0.00237018
126.753	-0.00233277
126.837	-0.00227973
126.92	-0.00221292
127.004	-0.00213458
127.088	-0.00204718
127.172	-0.00195321
127.255	-0.00185504
127.339	-0.00175486
127.423	-0.00165455
127.507	-0.00155567
127.591	-0.00145946
127.674	-0.00136685
127.758	-0.00127851
127.842	-0.00119487
127.926	-0.00111616
128.009	-0.00111742
128.093	-0.00163968
128.177	-0.00200944
128.261	-0.00223379
128.345	-0.00231843
128.428	-0.00226753
128.512	-0.00208375
128.596	-0.00176817
128.68	-0.00132037
128.763	-0.000738438
128.847	-1.90841e-05
128.931	0.000842307
129.015	0.00185155
129.099	0.0030155
129.182	0.0043419
129.266	0.00583907
129.35	0.00751558
129.434	0.00937981
129.517	0.0114393
129.601	0.0137
129.685	0.0161652
129.769	0.0188344
129.852	0.0217022
129.936	0.0247563
130.02	0.0279763
130.104	0.0313324
130.188	0.0347843
130.271	0.0382811
130.355	0.0417617
130.439	0.0451569
130.523	0.0483928
130.606	0.0513944
130.69	0.0540916
130.774	0.0564239
130.858	0.0583454
130.942	0.059828
131.025	0.0608636
131.109	0.0614632
131.193	0.0616552
131.277	0.0614821
131.36	0.0609961
131.444	0.0602547
131.528	0.0593174
131.612	0.0582418
131.696	0.0570815
131.779	0.0558846
131.863	0.0546931
131.947	0.0535421
132.031	0.0524606
132.114	0.0514716
132.198	0.0505929
132.282	0.0498378
132.366	0.0492158
132.45	0.0487332
132.533	0.0483936
132.617	0.0481985
132.701	0.0481478
132.785	0.0482397
132.868	0.0484716
132.952	0.0488396
133.036	0.0493389
133.12	0.0499638
133.204	0.0507073
133.287	0.0515614
133.371	0.0525165
133.455	0.0535611
133.539	0.0546815
133.622	0.0558613
133.706	0.0570807
133.79	0.0583161
133.874	0.0595395
133.958	0.0607179
134.041	0.0618134
134.125	0.0627829
134.209	0.0635788
134.293	0.0641501
134.376	0.0644441
134.46	0.0644094
134.544	0.063999
134.628	0.0631742
134.711	0.0619087
134.795	0.0601922
134.879	0.0580332
134.963	0.0554598
135.047	0.0525188
135.13	0.0492731
135.214	0.0457972
135.298	0.0421719
135.382	0.0384785
135.465	0.0347938
135.549	0.0311865
135.633	0.0277142
135.717	0.0244223
135.801	0.0213443
135.884	0.0185023
135.968	0.0159088
136.052	0.0135685
136.136	0.01148
136.219	0.00963764
136.303	0.00803288
136.387	0.00665562
136.471	0.00549522
136.555	0.00454118
136.638	0.00378374
136.722	0.00321427
136.806	0.0028255
136.89	0.0026117
136.973	0.00256871
137.057	0.00269403
137.141	0.00298674
137.225	0.00344748
137.309	0.00407836
137.392	0.00488283
137.476	0.00586554
137.56	0.00703214
137.644	0.00838897
137.727	0.00994273
137.811	0.0117
137.895	0.0136664
137.979	0.0158463
138.063	0.0182411
138.146	0.0208486
138.23	0.0236615
138.314	0.0266656
138.398	0.0298387
138.481	0.033149
138.565	0.0365544
138.649	0.040002
138.733	0.0434292
138.817	0.0467653
138.9	0.0499353
138.984	0.0528637
139.068	0.05548
139.152	0.0577239
139.235	0.0595502
139.319	0.0609321
139.403	0.0618624
139.487	0.0623538
139.57	0.0624361
139.654	0.0621531
139.738	0.061558
139.822	0.0607096
139.906	0.0596678
139.989	0.0584905
140.073	0.0572317
140.157	0.0559395
140.241	0.0546555
140.324	0.0534146
140.408	0.0522452
140.492	0.05117
140.576	0.0502062
140.66	0.0493664
140.743	0.0486597
140.827	0.0480917
140.911	0.0476654
140.995	0.0473818
141.078	0.0472401
141.162	0.0472382
141.246	0.0473727
141.33	0.0476392
141.414	0.0480324
141.497	0.048546
141.581	0.0491727
141.665	0.049904
141.749	0.0507299
141.832	0.0516386
141.916	0.0526162
142	0.053646
142.084	0.0547086
142.168	0.0557805
142.251	0.0568342
142.335	0.0578379
142.419	0.0587549
142.503	0.0595439
142.586	0.0601596
142.67	0.0605539
142.754	0.0606776
142.838	0.0604831
142.922	0.0599274
143.005	0.0589762
143.089	0.0576073
143.173	0.0558141
143.257	0.0536077
143.34	0.0510178
143.424	0.0480919
143.508	0.0448919
143.592	0.04149
143.676	0.0379636
143.759	0.0343899
143.843	0.0308412
143.927	0.0273811
144.011	0.0240625
144.094	0.0209266
144.178	0.0180029
144.262	0.0153103
144.346	0.0128585
144.429	0.0106501
144.513	0.00868222
144.597	0.00694789
144.681	0.00543783
144.765	0.00414146
144.848	0.00304785
144.932	0.00214639
145.016	0.00142735
145.1	0.000882153
145.183	0.000503669
145.267	0.00028629
145.351	0.000226018
145.435	0.000320466
145.519	0.000568834
145.602	0.000971859
145.686	0.00153173
145.77	0.002252
145.854	0.00313741
145.937	0.00419376
146.021	0.0054276
146.105	0.00684594
146.189	0.0084558
146.273	0.0102636
146.356	0.0122746
146.44	0.0144916
146.524	0.0169142
146.608	0.0195372
146.691	0.0223494
146.775	0.025332
146.859	0.0284574
146.943	0.031688
147.027	0.0349761
147.11	0.0382641
147.194	0.0414867
147.278	0.0445734
147.362	0.0474524
147.445	0.050056
147.529	0.052325
147.613	0.0542136
147.697	0.0556928
147.781	0.0567521
147.864	0.0573992
147.948	0.0576586
148.032	0.0575682
148.116	0.0571756
148.199	0.0565339
148.283	0.0556981
148.367	0.0547222
148.451	0.0536566
148.535	0.0525465
148.618	0.0514316
148.702	0.0503454
148.786	0.0493152
148.87	0.0483631
148.953	0.047506
149.037	0.0467567
149.121	0.0461241
149.205	0.045614
149.288	0.0452299
149.372	0.044973
149.456	0.0448427
149.54	0.0448372
149.624	0.0449534
149.707	0.0451872
149.791	0.0455333
149.875	0.0459858
149.959	0.0465374
150.042	0.0471796
150.126	0.0479028
150.21	0.0486952
150.294	0.0495433
150.378	0.0504309
150.461	0.0513389
150.545	0.052245
150.629	0.0531227
150.713	0.0539417
150.796	0.0546673
150.88	0.0552611
150.964	0.0556808
151.048	0.0558822
151.132	0.0558207
151.215	0.0554535
151.299	0.0547431
151.383	0.0536604
151.467	0.0521884
151.55	0.0503248
151.634	0.0480843
151.718	0.0454984
151.802	0.042615
151.886	0.0394946
151.969	0.0362065
152.053	0.032824
152.137	0.0294188
152.221	0.0260575
152.304	0.0227978
152.388	0.0196869
152.472	0.0167606
152.556	0.0140437
152.64	0.0115513
152.723	0.00929004
152.807	0.00725999
152.891	0.00545641
152.975	0.0038712
153.058	0.00249426
153.142	0.00131457
153.226	0.00032103
153.31	-0.000496925
153.393	-0.00114888
153.477	-0.00164315
153.561	-0.00198657
153.645	-0.00218445
153.729	-0.00224046
153.812	-0.00215671
153.896	-0.00193372
153.98	-0.00157051
154.064	-0.00106467
154.147	-0.000412433
154.231	0.000391178
154.315	0.0013522
154.399	0.0024775
154.483	0.0037745
154.566	0.00525077
154.65	0.00691352
154.734	0.00876892
154.818	0.0108212
154.901	0.0130717
154.985	0.0155176
155.069	0.0181504
155.153	0.0209547
155.237	0.0239068
155.32	0.0269737
155.404	0.0301125
155.488	0.0332708
155.572	0.0363881
155.655	0.0393985
155.739	0.0422339
155.823	0.044829
155.907	0.0471257
155.991	0.0490779
156.074	0.0506544
156.158	0.0518413
156.242	0.0526417
156.326	0.0530749
156.409	0.0531733
156.493	0.0529786
156.577	0.052539
156.661	0.0519048
156.745	0.0511258
156.828	0.0502491
156.912	0.0493175
156.996	0.0483686
157.08	0.0474344
157.163	0.0465415
157.247	0.0457114
157.331	0.0449607
157.415	0.0443022
157.499	0.0437449
157.582	0.0432949
157.666	0.0429559
157.75	0.0427294
157.834	0.0426153
157.917	0.0426119
158.001	0.0427164
158.085	0.0429249
158.169	0.0432326
158.252	0.0436334
158.336	0.0441203
158.42	0.0446851
158.504	0.0453181
158.588	0.046008
158.671	0.0467414
158.755	0.0475025
158.839	0.0482729
158.923	0.0490309
159.006	0.0497512
159.09	0.050405
159.174	0.0509595
159.258	0.0513784
159.342	0.0516227
159.425	0.0516516
159.509	0.0514245
159.593	0.0509031
159.677	0.0500548
159.76	0.0488553
159.844	0.0472922
159.928	0.0453672
160.012	0.0430979
160.096	0.0405177
160.179	0.0376746
160.263	0.034628
160.347	0.0314445
160.431	0.0281934
160.514	0.0249419
160.598	0.0217511
160.682	0.0186735
160.766	0.015751
160.85	0.0130147
160.933	0.0104852
161.017	0.00817412
161.101	0.00608529
161.185	0.00421665
161.268	0.00256183
161.352	0.00111165
161.436	-0.000144693
161.52	-0.0012186
161.604	-0.0021213
161.687	-0.00286334
161.771	-0.00345412
161.855	-0.00390174
161.939	-0.00421276
162.022	-0.00439219
162.106	-0.00444343
162.19	-0.00436831
162.274	-0.00416711
162.358	-0.00383862
162.441	-0.00338022
162.525	-0.00278794
162.609	-0.00205662
162.693	-0.00117999
162.776	-0.0001509
162.86	0.00103844
162.944	0.00239608
163.028	0.00392991
163.111	0.00564699
163.195	0.00755279
163.279	0.00965018
163.363	0.0119383
163.447	0.0144112
163.53	0.0170566
163.614	0.0198542
163.698	0.0227749
163.782	0.0257803
163.865	0.0288226
163.949	0.0318455
164.033	0.0347872
164.117	0.037583
164.201	0.0401698
164.284	0.0424907
164.368	0.0444988
164.452	0.0461614
164.536	0.0474614
164.619	0.0483981
164.703	0.0489859
164.787	0.0492521
164.871	0.0492339
164.955	0.0489744
165.038	0.0485199
165.122	0.0479165
165.206	0.0472084
165.29	0.0464361
165.373	0.0456353
165.457	0.044837
165.541	0.0440668
165.625	0.0433456
165.709	0.0426901
165.792	0.0421128
165.876	0.041623
165.96	0.0412268
166.044	0.0409283
166.127	0.0407293
166.211	0.0406298
166.295	0.0406286
166.379	0.040723
166.463	0.0409093
166.546	0.0411829
166.63	0.041538
166.714	0.0419676
166.798	0.0424637
166.881	0.0430167
166.965	0.0436156
167.049	0.0442471
167.133	0.044896
167.217	0.0455441
167.3	0.0461707
167.384	0.0467513
167.468	0.0472584
167.552	0.047661
167.635	0.0479248
167.719	0.0480135
167.803	0.0478894
167.887	0.0475155
167.97	0.0468577
168.054	0.0458875
168.138	0.0445849
168.222	0.0429416
168.306	0.0409629
168.389	0.0386689
168.473	0.0360946
168.557	0.0332883
168.641	0.030308
168.724	0.0272182
168.808	0.0240845
168.892	0.02097
168.976	0.0179311
169.06	0.0150155
169.143	0.0122606
169.227	0.00969311
169.311	0.00733014
169.395	0.00518009
169.478	0.00324434
169.562	0.00151893
169.646	-3.90449e-06
169.73	-0.00133433
169.814	-0.00248376
169.897	-0.00346391
169.981	-0.00428614
170.065	-0.00496093
170.149	-0.00549758
170.232	-0.00590395
170.316	-0.00618636
170.4	-0.00634957
170.484	-0.00639673
170.568	-0.00632943
170.651	-0.00614772
170.735	-0.0058502
170.819	-0.00543406
170.903	-0.00489517
170.986	-0.00422819
171.07	-0.00342664
171.154	-0.00248314
171.238	-0.00138957
171.322	-0.000137455
171.405	0.00128168
171.489	0.0028757
171.573	0.00465113
171.657	0.00661223
171.74	0.00875991
171.824	0.0110905
171.908	0.0135941
171.992	0.0162539
172.076	0.0190443
172.159	0.0219306
172.243	0.0248689
172.327	0.0278073
172.411	0.0306872
172.494	0.033447
172.578	0.0360256
172.662	0.038367
172.746	0.0404242
172.829	0.0421626
172.913	0.0435627
172.997	0.0446199
173.081	0.0453448
173.165	0.0457601
173.248	0.0458985
173.332	0.045799
173.416	0.0455042
173.5	0.045057
173.583	0.0444989
173.667	0.0438683
173.751	0.0431994
173.835	0.042522
173.919	0.041861
174.002	0.0412369
174.086	0.0406661
174.17	0.0401612
174.254	0.0397314
174.337	0.0393832
174.421	0.0391208
174.505	0.0389462
174.589	0.0388598
174.673	0.0388605
174.756	0.0389459
174.84	0.0391125
174.924	0.0393558
175.008	0.0396701
175.091	0.0400486
175.175	0.0404835
175.259	0.0409654
175.343	0.0414831
175.427	0.042024
175.51	0.0425728
175.594	0.0431122
175.678	0.0436216
175.762	0.0440779
175.845	0.0444545
175.929	0.0447219
176.013	0.0448478
176.097	0.0447982
176.181	0.0445382
176.264	0.044034
176.348	0.043255
176.432	0.0421767
176.516	0.0407829
176.599	0.0390689
176.683	0.0370429
176.767	0.0347276
176.851	0.0321593
176.934	0.0293863
177.018	0.0264657
177.102	0.0234598
177.186	0.0204311
177.27	0.0174389
177.353	0.0145355
177.437	0.0117644
177.521	0.00915864
177.605	0.00674151
177.688	0.0045267
177.772	0.00251989
177.856	0.000720271
177.94	-0.00087781
178.024	-0.00228336
178.107	-0.0035074
178.191	-0.00456187
178.275	-0.00545877
178.359	-0.00620958
178.442	-0.00682474
178.526	-0.0073134
178.61	-0.00768324
178.694	-0.00794039
178.778	-0.00808934
178.861	-0.00813304
178.945	-0.00807286
179.029	-0.00790866
179.113	-0.00763886
179.196	-0.0072605
179.28	-0.0067693
179.364	-0.00615973
179.448	-0.00542518
179.532	-0.00455803
179.615	-0.00354989
179.699	-0.0023919
179.783	-0.00107506
179.867	0.000409176
179.95	0.00206829
180.034	0.00390777
180.118	0.0059301
180.202	0.00813351
180.286	0.0105107
180.369	0.0130473
180.453	0.015721
180.537	0.0185006
180.621	0.0213459
180.704	0.0242082
180.788	0.0270324
180.872	0.0297595
180.956	0.0323302
181.04	0.0346893
181.123	0.0367895
181.207	0.038595
181.291	0.0400837
181.375	0.041248
181.458	0.0420947
181.542	0.0426426
181.626	0.0429205
181.71	0.0429636
181.793	0.0428111
181.877	0.0425031
181.961	0.0420787
182.045	0.0415745
182.129	0.0410233
182.212	0.0404538
182.296	0.0398903
182.38	0.0393529
182.464	0.0388577
182.547	0.0384173
182.631	0.0380411
182.715	0.0377358
182.799	0.0375056
182.883	0.0373529
182.966	0.0372781
183.05	0.0372805
183.134	0.0373579
183.218	0.0375068
183.301	0.037723
183.385	0.0380009
183.469	0.0383339
183.553	0.0387142
183.637	0.0391324
183.72	0.0395778
183.804	0.0400376
183.888	0.0404972
183.972	0.0409394
184.055	0.0413445
184.139	0.0416898
184.223	0.04195
184.307	0.0420968
184.391	0.0420997
184.474	0.0419268
184.558	0.0415456
184.642	0.0409254
184.726	0.0400387
184.809	0.0388643
184.893	0.0373896
184.977	0.0356128
185.061	0.0335453
185.145	0.0312115
185.228	0.028649
185.312	0.0259063
185.396	0.0230395
185.48	0.0201089
185.563	0.0171743
185.647	0.0142915
185.731	0.0115093
185.815	0.00886712
185.899	0.00639467
185.982	0.0041117
186.066	0.00202907
186.15	0.000150008
186.234	-0.00152824
186.317	-0.00301283
186.401	-0.00431387
186.485	-0.00544314
186.569	-0.00641303
186.652	-0.00723583
186.736	-0.00792307
186.82	-0.00848518
186.904	-0.00893117
186.988	-0.00926858
187.071	-0.00950332
187.155	-0.0096397
187.239	-0.00968045
187.323	-0.00962675
187.406	-0.0094783
187.49	-0.00923336
187.574	-0.00888883
187.658	-0.00844028
187.742	-0.00788208
187.825	-0.00720742
187.909	-0.00640853
187.993	-0.00547676
188.077	-0.0044029
188.16	-0.00317751
188.244	-0.00179141
188.328	-0.000236287
188.412	0.00149444
188.496	0.00340465
188.579	0.00549432
188.663	0.0077582
188.747	0.0101845
188.831	0.0127537
188.914	0.0154377
188.998	0.0181994
189.082	0.0209934
189.166	0.0237673
189.25	0.0264646
189.333	0.0290276
189.417	0.031402
189.501	0.0335402
189.585	0.0354051
189.668	0.0369725
189.752	0.0382322
189.836	0.0391875
189.92	0.0398537
190.004	0.0402559
190.087	0.0404263
190.171	0.040401
190.255	0.0402174
190.339	0.0399126
190.422	0.0395214
190.506	0.0390754
190.59	0.0386024
190.674	0.038126
190.758	0.0376661
190.841	0.0372386
190.925	0.036856
191.009	0.0365278
191.093	0.0362608
191.176	0.0360594
191.26	0.0359262
191.344	0.0358619
191.428	0.0358658
191.511	0.035936
191.595	0.0360692
191.679	0.0362612
191.763	0.0365065
191.847	0.0367988
191.93	0.0371301
192.014	0.0374915
192.098	0.0378721
192.182	0.0382595
192.265	0.0386393
192.349	0.0389946
192.433	0.0393063
192.517	0.0395524
192.601	0.0397085
192.684	0.0397475
192.768	0.0396406
192.852	0.0393575
192.936	0.0388682
193.019	0.0381445
193.103	0.0371617
193.187	0.0359017
193.271	0.0343549
193.355	0.0325225
193.438	0.0304182
193.522	0.0280683
193.606	0.0255115
193.69	0.0227963
193.773	0.019978
193.857	0.017115
193.941	0.0142649
194.025	0.0114802
194.109	0.0088065
194.192	0.00627983
194.276	0.0039266
194.36	0.00176363
194.444	-0.000200845
194.527	-0.00196574
194.611	-0.00353555
194.695	-0.00491878
194.779	-0.0061265
194.863	-0.00717115
194.946	-0.00806556
195.03	-0.00882223
195.114	-0.00945277
195.198	-0.00996756
195.281	-0.0103755
195.365	-0.0106841
195.449	-0.0108989
195.533	-0.0110241
195.617	-0.0110623
195.7	-0.0110145
195.784	-0.0108802
195.868	-0.0106576
195.952	-0.0103434
196.035	-0.0099331
196.119	-0.0094209
196.203	-0.00879989
196.287	-0.00806211
196.37	-0.00719871
196.454	-0.00620019
196.538	-0.00505668
196.622	-0.00375845
196.706	-0.00229646
196.789	-0.000663138
196.873	0.00114663
196.957	0.00313436
197.041	0.00529672
197.124	0.00762413
197.208	0.0100996
197.292	0.0126977
197.376	0.0153842
197.46	0.0181166
197.543	0.0208451
197.627	0.0235153
197.711	0.0260711
197.795	0.0284587
197.878	0.0306304
197.962	0.0325482
198.046	0.0341858
198.13	0.0355305
198.214	0.0365827
198.297	0.0373545
198.381	0.0378681
198.465	0.0381523
198.549	0.0382407
198.632	0.0381685
198.716	0.0379707
198.8	0.0376807
198.884	0.037329
198.968	0.0369424
199.051	0.0365441
199.135	0.0361536
199.219	0.0357867
199.303	0.0354559
199.386	0.0351708
199.47	0.0349381
199.554	0.0347626
199.638	0.0346469
199.722	0.034592
199.805	0.0345973
199.889	0.034661
199.973	0.0347801
200.057	0.0349504
200.14	0.0351666
200.224	0.0354224
200.308	0.0357099
200.392	0.0360203
200.475	0.0363429
200.559	0.0366655
200.643	0.0369737
200.727	0.0372513
200.811	0.0374793
200.894	0.0376366
200.978	0.0376994
201.062	0.037642
201.146	0.0374367
201.229	0.0370552
201.313	0.0364692
201.397	0.0356529
201.481	0.0345843
201.565	0.0332479
201.648	0.0316368
201.732	0.0297549
201.816	0.027618
201.9	0.0252542
201.983	0.0227028
202.067	0.0200125
202.151	0.017238
202.235	0.014436
202.319	0.0116617
202.402	0.00896511
202.486	0.00638868
202.57	0.00396554
202.654	0.00171913
202.737	-0.000336379
202.821	-0.00219506
202.905	-0.00385776
202.989	-0.00533054
203.073	-0.00662308
203.156	-0.00774732
203.24	-0.0087163
203.324	-0.00954322
203.408	-0.0102408
203.491	-0.0108206
203.575	-0.0112932
203.659	-0.0116672
203.743	-0.0119499
203.827	-0.012147
203.91	-0.0122624
203.994	-0.0122984
204.078	-0.0122559
204.162	-0.0121344
204.245	-0.0119318
204.329	-0.0116448
204.413	-0.0112688
204.497	-0.0107979
204.581	-0.010225
204.664	-0.00954197
204.748	-0.00873987
204.832	-0.00780887
204.916	-0.00673877
204.999	-0.00551932
205.083	-0.00414083
205.167	-0.00259487
205.251	-0.000875198
205.334	0.00102109
205.418	0.00309233
205.502	0.00533094
205.586	0.00772215
205.67	0.010243
205.753	0.012862
205.837	0.0155389
205.921	0.0182264
206.005	0.0208719
206.088	0.0234209
206.172	0.02582
206.256	0.0280215
206.34	0.0299862
206.424	0.0316864
206.507	0.0331071
206.591	0.034246
206.675	0.0351125
206.759	0.0357256
206.842	0.0361119
206.926	0.0363022
207.01	0.0363297
207.094	0.0362279
207.178	0.0360287
207.261	0.0357614
207.345	0.0354523
207.429	0.0351241
207.513	0.0347959
207.596	0.0344834
207.68	0.0341991
207.764	0.0339525
207.848	0.0337507
207.932	0.0335984
208.015	0.0334985
208.099	0.033452
208.183	0.0334586
208.267	0.0335166
208.35	0.033623
208.434	0.0337738
208.518	0.0339639
208.602	0.0341869
208.686	0.0344352
208.769	0.0346998
208.853	0.0349704
208.937	0.0352348
209.021	0.035479
209.104	0.0356867
209.188	0.0358398
209.272	0.0359174
209.356	0.0358968
209.44	0.0357529
209.523	0.0354596
209.607	0.0349897
209.691	0.0343172
209.775	0.033418
209.858	0.0322726
209.942	0.030868
210.026	0.0291996
210.11	0.0272736
210.193	0.0251077
210.277	0.0227316
210.361	0.0201854
210.445	0.0175178
210.529	0.0147827
210.612	0.0120356
210.696	0.00932951
210.78	0.00671208
210.864	0.00422302
210.947	0.00189277
211.031	-0.000257815
211.115	-0.00221696
211.199	-0.0039808
211.283	-0.00555192
211.366	-0.00693776
211.45	-0.00814905
211.534	-0.00919852
211.618	-0.0100997
211.701	-0.0108662
211.785	-0.0115109
211.869	-0.0120454
211.953	-0.0124801
212.037	-0.0128238
212.12	-0.0130835
212.204	-0.0132647
212.288	-0.0133712
212.372	-0.0134053
212.455	-0.0133677
212.539	-0.0132577
212.623	-0.0130732
212.707	-0.0128106
212.791	-0.0124654
212.874	-0.0120315
212.958	-0.0115017
213.042	-0.0108679
213.126	-0.0101208
213.209	-0.00925042
213.293	-0.00824618
213.377	-0.00709744
213.461	-0.00579389
213.545	-0.00432634
213.628	-0.00268755
213.712	-0.000873378
213.796	0.00111602
213.88	0.00327483
213.963	0.00559032
214.047	0.00804175
214.131	0.0105998
214.215	0.0132267
214.299	0.0158772
214.382	0.0185004
214.466	0.0210428
214.55	0.023452
214.634	0.0256799
214.717	0.0276866
214.801	0.0294428
214.885	0.0309314
214.969	0.0321479
215.052	0.0330991
215.136	0.0338016
215.22	0.0342792
215.304	0.034561
215.388	0.0346781
215.471	0.0346624
215.555	0.0345445
215.639	0.0343531
215.723	0.0341136
215.806	0.0338484
215.89	0.0335761
215.974	0.0333125
216.058	0.0330699
216.142	0.032858
216.225	0.0326839
216.309	0.0325525
216.393	0.0324667
216.477	0.0324278
216.56	0.0324355
216.644	0.0324883
216.728	0.0325834
216.812	0.0327168
216.896	0.0328834
216.979	0.033077
217.063	0.0332901
217.147	0.0335137
217.231	0.0337376
217.314	0.0339498
217.398	0.0341364
217.482	0.0342816
217.566	0.0343674
217.65	0.0343736
217.733	0.034278
217.817	0.0340566
217.901	0.0336842
217.985	0.0331352
218.068	0.0323851
218.152	0.0314117
218.236	0.0301976
218.32	0.0287318
218.404	0.0270121
218.487	0.0250467
218.571	0.0228552
218.655	0.0204683
218.739	0.017927
218.822	0.01528
218.906	0.0125806
218.99	0.00988285
219.074	0.00723813
219.158	0.00469185
219.241	0.00228129
219.325	3.44794e-05
219.409	-0.00203009
219.493	-0.00390275
219.576	-0.00558149
219.66	-0.00707046
219.744	-0.00837832
219.828	-0.00951676
219.911	-0.0104992
219.995	-0.0113397
220.079	-0.012052
220.163	-0.0126492
220.247	-0.0131431
220.33	-0.013544
220.414	-0.0138604
220.498	-0.0140995
220.582	-0.0142666
220.665	-0.0143653
220.749	-0.0143977
220.833	-0.0143645
220.917	-0.0142648
221.001	-0.0140965
221.084	-0.0138559
221.168	-0.0135383
221.252	-0.0131377
221.336	-0.0126467
221.419	-0.0120571
221.503	-0.0113593
221.587	-0.0105434
221.671	-0.00959827
221.755	-0.00851302
221.838	-0.00727679
221.922	-0.00587966
222.006	-0.00431354
222.09	-0.00257316
222.173	-0.000657318
222.257	0.00142975
222.341	0.00367713
222.425	0.00606607
222.509	0.00856932
222.592	0.0111511
222.676	0.0137681
222.76	0.016371
222.844	0.0189074
222.927	0.0213254
223.011	0.0235768
223.095	0.0256209
