#t	omega	theta
0	0.75	0
0.167552	0.93373	0.141556
0.335103	1.07867	0.310725
0.502655	1.18053	0.500611
0.670206	1.23791	0.703835
0.837758	1.25233	0.913033
1.00531	1.22778	1.12131
1.17286	1.16976	1.3226
1.34041	1.08418	1.51177
1.50796	0.976381	1.68467
1.67552	0.850509	1.83795
1.84307	0.709268	1.96882
2.01062	0.553946	2.07484
2.17817	0.384655	2.15367
2.34572	0.20065	2.20292
2.51327	0.000676305	2.22002
2.68083	-0.216668	2.20218
2.84838	-0.452525	2.14638
3.01593	-0.707263	2.04948
3.18348	-0.979732	1.90838
3.35103	-1.26625	1.72037
3.51858	-1.55933	1.48368
3.68614	-1.84652	1.19816
3.85369	-2.11023	0.866208
4.02124	-2.32959	0.493492
4.18879	-2.48526	0.0891277
4.35634	-2.56596	-0.335113
4.52389	-2.57365	-0.76663
4.69145	-2.52385	-1.19432
4.859	-2.44085	-1.61052
5.02655	-2.35057	-2.01186
5.1941	-2.27472	-2.39903
5.36165	-2.2279	-2.77576
5.5292	-2.21701	3.13556
5.69675	-2.24159	2.7625
5.86431	-2.29418	2.38282
6.03186	-2.36046	1.99293
6.19941	-2.4198	1.5922
6.36696	-2.44747	1.18382
6.53451	-2.4191	0.775188
6.70206	-2.31675	0.377327
6.86962	-2.13397	0.00335399
7.03717	-1.87683	-0.333602
7.20472	-1.56058	-0.622269
7.37227	-1.20402	-0.854308
7.53982	-0.824721	-1.02448
7.70737	-0.436653	-1.13019
7.87493	-0.0501413	-1.17089
8.04248	0.326837	-1.14753
8.21003	0.686921	-1.06231
8.37758	1.0218	-0.918742
8.54513	1.32133	-0.721871
8.71268	1.57365	-0.478597
8.88024	1.76687	-0.197842
9.04779	1.89177	0.10966
9.21534	1.94487	0.432073
9.38289	1.93004	0.757586
9.55044	1.85785	1.07563
9.71799	1.74276	1.37776
9.88554	1.59965	1.65807
10.0531	1.44103	1.91295
10.2206	1.27575	2.1406
10.3882	1.10884	2.34037
10.5558	0.942264	2.5122
10.7233	0.775782	2.65613
10.8909	0.607837	2.77208
11.0584	0.436206	2.85962
11.226	0.258441	2.91791
11.3935	0.0721192	2.94574
11.5611	-0.125052	2.94148
11.7286	-0.335209	2.90311
11.8962	-0.560313	2.82831
12.0637	-0.802036	2.71442
12.2313	-1.06141	2.55856
12.3988	-1.33807	2.35777
12.5664	-1.6289	2.10936
12.7339	-1.92611	1.81155
12.9015	-2.2152	1.46436
13.069	-2.47408	1.0709
13.2366	-2.67543	0.638502
13.4041	-2.79362	0.179026
13.5717	-2.81441	-0.292174
13.7392	-2.74174	-0.758838
13.9068	-2.5968	-1.20689
14.0743	-2.40956	-1.62667
14.2419	-2.20887	-2.0136
14.4094	-2.01607	-2.36733
14.577	-1.84338	-2.69033
14.7445	-1.69533	-2.98644
14.9121	-1.57115	3.0234
15.0796	-1.46699	2.76913
15.2472	-1.37746	2.531
15.4147	-1.2967	2.30705
15.5823	-1.21903	2.0963
15.7499	-1.13942	1.89866
15.9174	-1.0539	1.7148
16.085	-0.959782	1.54597
16.2525	-0.855932	1.39372
16.4201	-0.742791	1.25967
16.5876	-0.622311	1.14523
16.7552	-0.497731	1.05136
16.9227	-0.373239	0.97843
17.0903	-0.25358	0.92602
17.2578	-0.143654	0.892911
17.4254	-0.0481546	0.877074
17.5929	0.02873	0.875733
17.7605	0.0835355	0.885467
17.928	0.113657	0.902346
18.0956	0.11741	0.922079
18.2631	0.0940217	0.940172
18.4307	0.0435951	0.952075
18.5982	-0.0329485	0.953321
18.7658	-0.133901	0.939669
18.9333	-0.256756	0.907226
19.1009	-0.398148	0.852592
19.2684	-0.553751	0.773009
19.436	-0.718186	0.666533
19.6035	-0.885018	0.532207
19.7711	-1.04694	0.370234
19.9386	-1.19627	0.182078
20.1062	-1.32576	-0.0295301
20.2737	-1.42967	-0.260756
20.4413	-1.50478	-0.507003
20.6088	-1.55113	-0.763401
20.7764	-1.57202	-1.02536
20.944	-1.57344	-1.2891
21.1115	-1.56296	-1.55196
21.2791	-1.54856	-1.81263
21.4466	-1.53766	-2.07109
21.6142	-1.53652	-2.32846
21.7817	-1.54989	-2.58679
21.9493	-1.58096	-2.84882
22.1168	-1.63121	-3.11765
22.2844	-1.70019	2.88669
22.4519	-1.78499	2.5949
22.6195	-1.87958	2.28798
22.787	-1.97408	1.96505
22.9546	-2.05456	1.62724
23.1221	-2.10397	1.27829
23.2897	-2.10458	0.924923
23.4572	-2.04187	0.576592
23.6248	-1.90829	0.244662
23.7923	-1.70525	-0.0589872
23.9599	-1.44218	-0.323412
24.1274	-1.1334	-0.539712
24.295	-0.79451	-0.701539
24.4625	-0.439919	-0.805082
24.6301	-0.0818909	-0.848769
24.7976	0.269091	-0.832919
24.9652	0.603362	-0.759528
25.1327	0.911117	-0.63221
25.3003	1.18198	-0.45627
25.4678	1.40545	-0.238775
25.6354	1.57231	0.011532
25.8029	1.67664	0.284609
25.9705	1.71755	0.569826
26.1381	1.69975	0.856878
26.3056	1.63249	1.13665
26.4732	1.52735	1.40182
26.6407	1.39576	1.647
26.8083	1.24719	1.8686
26.9758	1.08826	2.06436
27.1434	0.92269	2.23291
27.3109	0.751833	2.37327
27.4785	0.57528	2.48453
27.646	0.391517	2.56564
27.8136	0.198411	2.61521
27.9811	-0.00642207	2.63148
28.1487	-0.225372	2.61227
28.3162	-0.460616	2.55504
28.4838	-0.713838	2.45691
28.6513	-0.985733	2.31479
28.8189	-1.27513	2.1256
28.9864	-1.57764	1.88674
29.154	-1.88384	1.59671
29.3215	-2.17773	1.25614
29.4891	-2.43674	0.868889
29.6566	-2.63508	0.442974
29.8242	-2.75121	-0.00951773
29.9917	-2.7765	-0.473856
30.1593	-2.7201	-0.935341
30.3268	-2.60599	-1.38214
30.4944	-2.46443	-1.80709
30.6619	-2.32297	-2.208
30.8295	-2.20125	-2.58664
30.997	-2.10977	-2.94735
31.1646	-2.05104	2.98771
31.3322	-2.02122	2.64691
31.4997	-2.01156	2.30926
31.6673	-2.0094	1.9724
31.8348	-1.9994	1.63634
32.0024	-1.96524	1.30375
32.1699	-1.89213	0.979966
32.3375	-1.76958	0.672466
32.505	-1.59358	0.389971
32.6726	-1.36708	0.141284
32.8401	-1.09883	-0.0658028
33.0077	-0.80109	-0.225288
33.1752	-0.487333	-0.333357
33.3428	-0.170665	-0.388434
33.5103	0.136839	-0.391061
33.6779	0.424178	-0.343707
33.8454	0.681283	-0.250608
34.013	0.89906	-0.117606
34.1805	1.06982	0.0480401
34.3481	1.18803	0.237953
34.5156	1.25111	0.443067
34.6832	1.25987	0.654164
34.8507	1.2182	0.862432
35.0183	1.13222	1.05991
35.1858	1.00896	1.23976
35.3534	0.855153	1.39631
35.5209	0.676398	1.52493
35.6885	0.476778	1.62181
35.856	0.258956	1.68369
36.0236	0.0245598	1.70766
36.1911	-0.225232	1.69106
36.3587	-0.488966	1.63141
36.5263	-0.76407	1.52656
36.6938	-1.0459	1.37498
36.8614	-1.32683	1.17612
37.0289	-1.59563	0.931029
37.1965	-1.83787	0.642904
37.364	-2.03775	0.317524
37.5316	-2.18176	-0.0368201
37.6991	-2.26293	-0.410063
37.8667	-2.28392	-0.791756
38.0342	-2.25691	-1.17272
38.2018	-2.20041	-1.5464
38.3693	-2.13456	-1.90956
38.5369	-2.07712	-2.26218
38.7044	-2.04117	-2.60682
38.872	-2.03444	-2.94782
39.0395	-2.0593	2.99284
39.2071	-2.11287	2.64367
39.3746	-2.18678	2.28366
39.5422	-2.26688	1.91052
39.7097	-2.33359	1.52477
39.8773	-2.36394	1.13055
40.0448	-2.33584	0.735878
40.2124	-2.23362	0.351967
40.3799	-2.05244	-0.00818376
40.5475	-1.79896	-0.331757
40.715	-1.48811	-0.60781
40.8826	-1.13793	-0.828233
41.0501	-0.765264	-0.987885
41.2177	-0.383698	-1.08418
41.3852	-0.00354861	-1.11655
41.5528	0.366903	-1.08592
41.7204	0.719803	-0.994574
41.8879	1.04632	-0.846178
42.0555	1.33596	-0.646004
42.223	1.57695	-0.40121
42.3906	1.75799	-0.120918
42.5581	1.87107	0.184091
42.7257	1.9141	0.502158
42.8932	1.89211	0.82187
43.0608	1.8162	1.13319
43.2283	1.70064	1.42827
43.3959	1.55959	1.70166
43.5634	1.40467	1.95013
43.731	1.2439	2.17205
43.8985	1.0817	2.36689
44.0661	0.919618	2.53454
44.2336	0.757226	2.67504
44.4012	0.592886	2.78819
44.5687	0.424378	2.87348
44.7363	0.249302	2.93003
44.9038	0.0652982	2.95653
45.0714	-0.12986	2.95129
45.2389	-0.338249	2.91227
45.4065	-0.561783	2.83709
45.574	-0.802101	2.72308
45.7416	-1.06023	2.56731
45.9091	-1.33583	2.36681
46.0767	-1.62585	2.11885
46.2442	-1.92261	1.82159
46.4118	-2.21177	1.47499
46.5793	-2.47135	1.08206
46.7469	-2.67404	0.650014
46.9145	-2.79403	0.190623
47.082	-2.81664	-0.280801
47.2496	-2.74542	-0.747968
47.4171	-2.60122	-1.19671
47.5847	-2.41399	-1.61725
47.7522	-2.21271	-2.00487
47.9198	-2.01891	-2.35917
48.0873	-1.84501	-2.68254
48.2549	-1.69567	-2.97882
48.4224	-1.57024	3.03108
48.59	-1.4649	2.77705
48.7575	-1.37432	2.53936
48.9251	-1.29267	2.31602
49.0926	-1.21432	2.106
49.2602	-1.13429	1.90919
49.4277	-1.04862	1.72621
49.5953	-0.954671	1.55826
49.7628	-0.8513	1.40683
49.9304	-0.738932	1.27349
50.0979	-0.619481	1.15961
50.2655	-0.496126	1.06612
50.433	-0.372987	0.993345
50.6006	-0.254738	0.940859
50.7681	-0.14621	0.907438
50.9357	-0.052034	0.891061
51.1032	0.0236505	0.888967
51.2708	0.0774156	0.89776
51.4383	0.106679	0.913539
51.6059	0.109762	0.932045
51.7734	0.0858899	0.948813
51.941	0.0351528	0.959324
52.1086	-0.0415452	0.959142
52.2761	-0.142513	0.944046
52.4437	-0.265256	0.910167
52.6112	-0.406417	0.854127
52.7788	-0.561664	0.773187
52.9463	-0.72561	0.665423
53.1139	-0.891806	0.529905
53.2814	-1.05294	0.366858
53.449	-1.20134	0.177773
53.6165	-1.32979	-0.0345983
53.7841	-1.43262	-0.266409
53.9516	-1.50669	-0.513061
54.1192	-1.55212	-0.769699
54.2867	-1.57232	-1.03177
54.4543	-1.5733	-1.29551
54.6218	-1.56268	-1.55834
54.7894	-1.54841	-1.81897
54.9569	-1.5379	-2.07743
55.1245	-1.53736	-2.33488
55.292	-1.55151	-2.59343
55.4596	-1.5835	-2.8558
55.6271	-1.63477	-3.12514
55.7947	-1.70482	2.87852
55.9622	-1.79065	2.58587
56.1298	-1.88611	2.27792
56.2973	-1.98115	1.95384
56.4649	-2.06166	1.61483
56.6324	-2.11041	1.26474
56.8	-2.10962	0.910401
56.9675	-2.04485	0.561391
57.1351	-1.90881	0.229163
57.3027	-1.70325	-0.0743601
57.4702	-1.43788	-0.338251
57.6378	-1.1272	-0.553665
57.8053	-0.786894	-0.714328
57.9729	-0.431292	-0.816506
58.1404	-0.0725681	-0.858685
58.308	0.278888	-0.841231
58.4755	0.61347	-0.766171
58.6431	0.921392	-0.637143
58.8106	1.19226	-0.459478
58.9782	1.41552	-0.240274
59.1457	1.58194	0.0116869
59.3133	1.6856	0.286324
59.4808	1.72566	0.572974
59.6484	1.70696	0.861309
59.8159	1.63887	1.14222
59.9835	1.5331	1.4084
60.151	1.40116	1.65451
60.3186	1.25255	1.877
60.4861	1.09389	2.07369
60.6537	0.928902	2.24322
60.8212	0.758902	2.38469
60.9888	0.583463	2.49723
61.1563	0.401052	2.57982
61.3239	0.209528	2.63111
61.4914	0.00649831	2.64939
61.659	-0.210438	2.63251
61.8265	-0.443488	2.57797
61.9941	-0.694403	2.4829
62.1616	-0.964024	2.34423
62.3292	-1.25145	2.15885
62.4967	-1.55273	1.92408
62.6643	-1.85907	1.63823
62.8319	-2.15517	1.30166
62.9994	-2.41897	0.917825
63.167	-2.6246	0.494306
63.3345	-2.74945	0.042849
63.5021	-2.78308	-0.421913
63.6696	-2.73275	-0.88505
63.8372	-2.6213	-1.33424
64.0047	-2.47888	-1.76173
64.1723	-2.33374	-2.16478
64.3398	-2.20646	-2.54479
64.5074	-2.10847	-2.90583
64.6749	-2.04303	3.03001
64.8425	-2.00698	2.69108
65.01	-1.99218	2.35627
65.1776	-1.98667	2.02297
65.3451	-1.97575	1.69083
65.5127	-1.94357	1.36208
65.6802	-1.87546	1.04155
65.8478	-1.76052	0.736236
66.0153	-1.59386	0.454494
66.1829	-1.37733	0.204926
66.3504	-1.11866	-0.00469244
66.518	-0.829411	-0.168231
66.6855	-0.522695	-0.281656
66.8531	-0.21156	-0.343143
67.0206	0.0918362	-0.352984
67.1882	0.376397	-0.313422
67.3557	0.632008	-0.228471
67.5233	0.849585	-0.103761
67.6908	1.02145	0.0536707
67.8584	1.14203	0.235662
68.026	1.20854	0.433343
68.1935	1.22144	0.637648
68.3611	1.18418	0.839846
68.5286	1.10243	1.03198
68.6962	0.982855	1.20716
68.8637	0.831954	1.3596
69.0313	0.655245	1.48451
69.1988	0.456874	1.57796
69.3664	0.239667	1.63656
69.5339	0.00549399	1.65733
69.7015	-0.244157	1.63754
69.869	-0.507455	1.57475
70.0366	-0.781384	1.46689
70.2041	-1.06081	1.31259
70.3717	-1.33763	1.11155
70.5392	-1.60032	0.865129
70.7068	-1.83449	0.57687
70.8743	-2.02499	0.25283
71.0419	-2.15949	-0.0985707
71.2094	-2.23252	-0.46737
71.377	-2.24799	-0.843462
71.5445	-2.21871	-1.21817
71.7121	-2.16298	-1.58548
71.8796	-2.10017	-1.9426
72.0472	-2.04706	-2.28981
72.2147	-2.01589	-2.62981
72.3823	-2.01371	-2.96696
72.5498	-2.04254	2.97683
72.7174	-2.09927	2.63019
72.8849	-2.17549	2.27226
73.0525	-2.25705	1.90087
73.2201	-2.32451	1.51669
73.3876	-2.35507	1.12398
73.5552	-2.32689	0.730796
73.7227	-2.22456	0.348396
73.8903	-2.04342	-0.0102382
74.0578	-1.79022	-0.332321
74.2254	-1.47987	-0.60695
74.3929	-1.13032	-0.826044
74.5605	-0.758348	-0.984478
74.728	-0.377484	-1.07968
74.8956	0.00195986	-1.11106
75.0631	0.371676	-1.07957
75.2307	0.723762	-0.98749
75.3982	1.04934	-0.838508
75.5658	1.33787	-0.63792
75.7333	1.57759	-0.39291
75.9009	1.7573	-0.112622
76.0684	1.86909	0.192161
76.236	1.91102	0.5098
76.4035	1.88826	0.828925
76.5711	1.81195	1.13957
76.7386	1.69634	1.43392
76.9062	1.55552	1.70661
77.0737	1.40102	1.95442
77.2413	1.24075	2.17578
77.4088	1.07908	2.37013
77.5764	0.917532	2.5374
77.7439	0.75563	2.67758
77.9115	0.591739	2.7905
78.079	0.42364	2.87564
78.2466	0.248938	2.9321
78.4142	0.0652807	2.95856
78.5817	-0.129549	2.95335
78.7493	-0.337621	2.91441
78.9168	-0.560843	2.83936
79.0844	-0.800853	2.72553
79.2519	-1.05868	2.57
79.4195	-1.334	2.36978
79.587	-1.6238	2.12215
79.7546	-1.92046	1.82524
79.9221	-2.20968	1.479
80.0897	-2.46957	1.0864
80.2572	-2.67283	0.654602
80.4248	-2.79357	0.195354
80.5923	-2.81698	-0.276061
80.7599	-2.74639	-0.74334
80.9274	-2.60256	-1.19228
81.095	-2.41537	-1.61305
81.2625	-2.21385	-2.00089
81.4301	-2.01962	-2.35534
81.5976	-1.84519	-2.67879
81.7652	-1.69526	-2.97505
81.9327	-1.56922	3.03497
82.1003	-1.46331	2.78116
82.2678	-1.3722	2.54378
82.4354	-1.29011	2.32083
82.6029	-1.21141	2.11127
82.7705	-1.13115	1.91497
82.938	-1.04542	1.73253
83.1056	-0.951564	1.5651
83.2731	-0.848463	1.41418
83.4407	-0.73653	1.28128
83.6083	-0.617658	1.16775
83.7758	-0.494996	1.07451
83.9434	-0.372627	1.00186
84.1109	-0.255183	0.949368
84.2785	-0.147457	0.915806
84.446	-0.0540462	0.899155
84.6136	0.0209399	0.896664
84.7811	0.0740941	0.904951
84.9487	0.102847	0.920129
85.1162	0.105525	0.937957
85.2838	0.0813531	0.953989
85.4513	0.0304133	0.963722
85.6189	-0.0463992	0.962734
85.7864	-0.147402	0.946821
85.954	-0.270111	0.912125
86.1215	-0.411167	0.855279
86.2891	-0.56624	0.773557
86.4566	-0.729935	0.665047
86.6242	-0.895797	0.528831
86.7917	-1.05651	0.365149
86.9593	-1.2044	0.175508
87.1268	-1.33228	-0.0373293
87.2944	-1.4345	-0.269506
87.4619	-1.50798	-0.516424
87.6295	-1.5529	-0.773234
87.797	-1.57269	-1.0354
87.9646	-1.57342	-1.29918
88.1321	-1.56271	-1.56202
88.2997	-1.54851	-1.82266
88.4672	-1.53822	-2.08115
88.6348	-1.53802	-2.33868
88.8024	-1.55263	-2.59737
88.9699	-1.58516	-2.85998
89.1375	-1.63704	-3.12965
89.305	-1.70772	2.87357
89.4726	-1.79417	2.58038
89.6401	-1.89015	2.2718
89.8077	-1.98551	1.94702
89.9752	-2.06602	1.60727
90.1428	-2.11436	1.25648
90.3103	-2.1127	0.901543
90.4779	-2.04666	0.552119
90.6454	-1.90912	0.219712
90.813	-1.702	-0.0837316
90.9805	-1.43524	-0.347295
91.1481	-1.12343	-0.562167
91.3156	-0.782257	-0.722121
91.4832	-0.426047	-0.823468
91.6507	-0.0669046	-0.864731
91.8183	0.284836	-0.846303
91.9858	0.619606	-0.770229
92.1534	0.927632	-0.640163
92.3209	1.1985	-0.461451
92.4885	1.42165	-0.241209
92.656	1.5878	0.011759
92.8236	1.69105	0.287346
92.9911	1.73061	0.574867
93.1587	1.71135	0.863985
93.3262	1.64277	1.14559
93.4938	1.53661	1.41238
93.6613	1.40446	1.65906
93.8289	1.25583	1.88211
93.9965	1.09734	2.07935
94.164	0.932712	2.24949
94.3316	0.763238	2.39164
94.4991	0.588483	2.50496
94.6667	0.406903	2.58846
94.8342	0.216351	2.64082
95.0018	0.0144305	2.66033
95.1693	-0.201265	2.64488
95.3369	-0.432957	2.59199
95.5044	-0.682437	2.4988
95.672	-0.950628	2.36225
95.8395	-1.23679	2.17923
96.0071	-1.53723	1.94699
96.1746	-1.84354	1.66376
96.3422	-2.14087	1.3297
96.5097	-2.40749	0.948057
96.6773	-2.61752	0.526112
96.8448	-2.74775	0.0753971
97.0124	-2.78666	-0.389533
97.1799	-2.74027	-0.853625
97.3475	-2.63068	-1.30426
97.515	-2.48792	-1.73332
97.6826	-2.34062	-2.13773
97.8501	-2.20996	-2.51862
98.0177	-2.10795	-2.87991
98.1852	-2.03832	3.05636
98.3528	-1.99833	2.71856
98.5203	-1.98023	2.38548
98.6879	-1.97248	2.05439
98.8554	-1.96076	1.72472
99.023	-1.92958	1.39842
99.1906	-1.86433	1.08002
99.3581	-1.75394	0.776215
99.5257	-1.593	0.495108
99.6932	-1.38271	0.245163
99.8608	-1.13015	0.0341248
100.028	-0.846397	-0.13181
100.196	-0.544307	-0.248482
100.363	-0.236859	-0.313911
100.531	0.0637609	-0.328237
100.699	0.346403	-0.293551
100.866	0.600925	-0.213729
101.034	0.818247	-0.0942592
101.201	0.990702	0.0579588
101.369	1.11267	0.234903
101.536	1.18126	0.427831
101.704	1.19672	0.627775
101.871	1.16224	0.826062
102.039	1.08318	1.01475
102.206	0.965997	1.18691
102.374	0.817031	1.33669
102.542	0.641746	1.45923
102.709	0.444318	1.5505
102.877	0.227673	1.60705
103.044	-0.00616826	1.62584
103.212	-0.255522	1.60412
103.379	-0.518323	1.53946
103.547	-0.791277	1.42986
103.714	-1.06896	1.27403
103.882	-1.34299	1.07184
104.05	-1.60171	0.824838
104.217	-1.83082	0.536755
104.385	-2.01559	0.213806
104.552	-2.14444	-0.135539
104.72	-2.21278	-0.501405
104.887	-2.22523	-0.87391
105.055	-2.19486	-1.24469
105.222	-2.1398	-1.60803
105.39	-2.07891	-1.96142
105.558	-2.02841	-2.30527
105.725	-2.00001	-2.64239
105.893	-2.00043	-2.9771
106.06	-2.03144	2.96873
106.228	-2.08988	2.6238
106.395	-2.16731	2.26733
106.563	-2.24967	1.89724
106.73	-2.3176	1.51426
106.898	-2.34847	1.12268
107.065	-2.32058	0.730575
107.233	-2.21864	0.349202
107.401	-2.03803	-0.00848129
107.568	-1.78547	-0.329713
107.736	-1.47581	-0.603603
107.903	-1.12693	-0.822073
108.071	-0.75556	-0.97999
108.238	-0.375238	-1.07477
108.406	0.0037066	-1.10581
108.573	0.372929	-1.07407
108.741	0.724482	-0.981829
108.909	1.04945	-0.832776
109.076	1.33729	-0.632226
109.244	1.57625	-0.387377
109.411	1.75518	-0.107379
109.579	1.86626	0.196988
109.746	1.90765	0.514105
109.914	1.88457	0.832636
110.081	1.80815	1.14265
110.249	1.69262	1.43637
110.417	1.552	1.70845
110.584	1.39776	1.9557
110.752	1.23774	2.17653
110.919	1.07629	2.37039
111.087	0.914893	2.53721
111.254	0.753077	2.67696
111.422	0.589198	2.78945
111.589	0.42104	2.87416
111.757	0.246209	2.93017
111.924	0.0623541	2.95616
112.092	-0.132742	2.95044
112.26	-0.34115	2.91093
112.427	-0.564774	2.83526
112.595	-0.805248	2.72073
112.762	-1.06358	2.56442
112.93	-1.3394	2.36334
113.097	-1.6296	2.11477
113.265	-1.92644	1.81688
113.432	-2.21545	1.46964
113.6	-2.47456	1.07613
113.768	-2.67643	0.643606
113.935	-2.79531	0.183906
114.103	-2.81676	-0.287635
114.27	-2.74458	-0.754737
114.438	-2.59983	-1.20328
114.605	-2.41251	-1.62357
114.773	-2.21155	-2.01097
114.94	-2.01838	-2.36512
115.108	-1.84529	-2.68848
115.276	-1.69687	-2.98487
115.443	-1.57237	3.02474
115.611	-1.46795	2.77028
115.778	-1.37821	2.53201
115.946	-1.2973	2.30795
116.113	-1.21951	2.0971
116.281	-1.13983	1.89939
116.448	-1.05425	1.71548
116.616	-0.960112	1.54659
116.783	-0.856254	1.39429
116.951	-0.743117	1.26018
117.119	-0.622647	1.14568
117.286	-0.49808	1.05176
117.454	-0.373601	0.978765
117.621	-0.253951	0.926293
117.789	-0.144029	0.893121
117.956	-0.0485274	0.877222
118.124	0.0283653	0.875819
118.291	0.0831849	0.885493
118.459	0.113326	0.902314
118.627	0.117102	0.921994
118.794	0.0937417	0.940038
118.962	0.0433453	0.951896
119.129	-0.0331659	0.953103
119.297	-0.134084	0.939417
119.464	-0.256903	0.906946
119.632	-0.398257	0.852291
119.799	-0.55382	0.772694
119.967	-0.718212	0.666209
120.135	-0.884998	0.531883
120.302	-1.04688	0.369917
120.47	-1.19616	0.181776
120.637	-1.32561	-0.0298104
120.805	-1.42948	-0.261008
120.972	-1.50457	-0.507221
121.14	-1.5509	-0.763583
121.307	-1.57179	-1.02551
121.475	-1.57321	-1.2892
121.642	-1.56274	-1.55203
121.81	-1.54835	-1.81267
121.978	-1.53747	-2.07109
122.145	-1.53634	-2.32843
122.313	-1.54971	-2.58673
122.48	-1.58078	-2.84873
122.648	-1.63102	-3.11753
122.815	-1.69999	2.88685
122.983	-1.78477	2.59509
123.15	-1.87935	2.28821
123.318	-1.97384	1.96532
123.486	-2.05433	1.62754
123.653	-2.10375	1.27864
123.821	-2.1044	0.925301
123.988	-2.04175	0.576996
124.156	-1.90824	0.24508
124.323	-1.70527	-0.0585657
124.491	-1.44227	-0.322999
124.658	-1.13354	-0.539318
124.826	-0.794691	-0.701172
124.993	-0.440131	-0.804748
125.161	-0.0821268	-0.848472
125.329	0.268839	-0.832664
125.496	0.603097	-0.759316
125.664	0.910842	-0.632044
125.831	1.1817	-0.45615
125.999	1.40517	-0.238701
126.166	1.57204	0.0115589
126.334	1.67638	0.284591
126.501	1.71731	0.569767
126.669	1.69953	0.85678
126.837	1.6323	1.13652
127.004	1.52717	1.40165
127.172	1.3956	1.64681
127.339	1.24703	1.86838
127.507	1.08809	2.06412
127.674	0.922507	2.23263
127.842	0.751627	2.37296
128.009	0.575046	2.48419
128.177	0.391246	2.56526
128.345	0.198098	2.61478
128.512	-0.0067837	2.63098
128.68	-0.225788	2.61171
128.847	-0.461092	2.55441
129.015	-0.714377	2.45619
129.182	-0.986333	2.31397
129.35	-1.27579	2.12469
129.517	-1.57832	1.88571
129.685	-1.88452	1.59557
129.852	-2.17835	1.25488
130.02	-2.43721	0.867543
130.188	-2.63535	0.441565
130.355	-2.75124	-0.0109527
130.523	-2.77631	-0.475277
130.69	-2.71975	-0.936715
130.858	-2.60557	-1.38344
131.025	-2.46404	-1.80833
131.193	-2.32268	-2.20918
131.36	-2.20111	-2.58779
131.528	-2.10981	-2.94848
131.696	-2.05126	2.98655
131.863	-2.02162	2.6457
132.031	-2.01209	2.30797
132.198	-2.01002	1.97102
132.366	-2.00004	1.63484
132.533	-1.96582	1.30215
132.701	-1.89256	0.97828
132.868	-1.76981	0.670725
133.036	-1.59355	0.388214
133.204	-1.36677	0.139555
133.371	-1.09826	-0.0674578
133.539	-0.800296	-0.226829
133.706	-0.486353	-0.334748
133.874	-0.16954	-0.389649
134.041	0.138071	-0.392077
134.209	0.425481	-0.344511
134.376	0.682623	-0.25119
134.544	0.900402	-0.117963
134.711	1.07113	0.0479059
134.879	1.18927	0.238033
135.047	1.25226	0.443347
135.214	1.2609	0.654627
135.382	1.21911	0.863058
135.549	1.13301	1.06068
135.717	1.00966	1.24065
135.884	0.855777	1.39732
136.052	0.67697	1.52604
136.219	0.47732	1.62301
136.387	0.259486	1.68498
136.555	0.0250892	1.70904
136.722	-0.2247	1.69252
136.89	-0.488441	1.63296
137.057	-0.76357	1.5282
137.225	-1.04546	1.3767
137.392	-1.32649	1.17791
137.56	-1.59546	0.932858
137.727	-1.83791	0.644744
137.895	-2.03806	0.319334
138.063	-2.18234	-0.0350837
138.23	-2.26374	-0.408443
138.398	-2.28489	-0.790287
138.565	-2.25795	-1.17142
138.733	-2.20144	-1.54528
138.9	-2.13551	-1.90861
139.068	-2.07794	-2.26137
139.235	-2.04186	-2.60614
139.403	-2.035	-2.94725
139.57	-2.05974	2.99333
139.738	-2.11322	2.6441
139.906	-2.18706	2.28404
140.073	-2.26712	1.91085
140.241	-2.3338	1.52506
140.408	-2.36415	1.13081
140.576	-2.33607	0.736101
140.743	-2.23386	0.352152
140.911	-2.05269	-0.00804048
141.078	-1.79922	-0.331657
141.246	-1.48836	-0.607754
141.414	-1.13817	-0.828219
141.581	-0.765497	-0.98791
141.749	-0.383914	-1.08425
141.916	-0.0037476	-1.11664
142.084	0.366723	-1.08605
142.251	0.719645	-0.994732
142.419	1.04619	-0.84636
142.586	1.33586	-0.646207
142.754	1.57688	-0.401427
142.922	1.75796	-0.121143
143.089	1.87108	0.183865
143.257	1.91414	0.501936
143.424	1.89218	0.821657
143.592	1.81629	1.13299
143.759	1.70073	1.42809
143.927	1.55967	1.70149
144.094	1.40474	1.94997
144.262	1.24395	2.17191
144.429	1.08173	2.36675
144.597	0.919637	2.53441
144.765	0.757226	2.6749
144.932	0.592865	2.78805
145.1	0.424338	2.87334
145.267	0.249241	2.92988
145.435	0.065216	2.95637
145.602	-0.129965	2.95111
145.77	-0.338378	2.91207
145.937	-0.561937	2.83687
146.105	-0.802282	2.72283
146.273	-1.06044	2.56703
146.44	-1.33606	2.36649
146.608	-1.6261	2.1185
146.775	-1.92288	1.82119
146.943	-2.21203	1.47455
147.11	-2.47157	1.08158
147.278	-2.6742	0.649495
147.445	-2.7941	0.190086
147.613	-2.81662	-0.281342
147.781	-2.74532	-0.748499
147.948	-2.60109	-1.19722
148.116	-2.41385	-1.61773
148.283	-2.21259	-2.00534
148.451	-2.01884	-2.35962
148.618	-1.845	-2.68299
148.786	-1.69574	-2.97926
148.953	-1.57037	3.03061
149.121	-1.4651	2.77656
149.288	-1.37458	2.53883
149.456	-1.29299	2.31543
149.624	-1.21468	2.10536
149.791	-1.13468	1.90849
149.959	-1.04901	1.72545
150.126	-0.955053	1.55743
150.294	-0.851649	1.40594
150.461	-0.739227	1.27254
150.629	-0.619704	1.15862
150.796	-0.496264	1.0651
150.964	-0.373031	0.992307
151.132	-0.254683	0.939822
151.299	-0.146056	0.906418
151.467	-0.0517868	0.890075
151.634	0.0239832	0.88803
151.802	0.077823	0.896885
151.969	0.107148	0.912738
152.137	0.110281	0.931326
152.304	0.0864454	0.948185
152.472	0.0357328	0.958792
152.64	-0.0409515	0.958707
152.807	-0.141915	0.943711
152.975	-0.264664	0.909933
153.142	-0.405837	0.853991
153.31	-0.561106	0.773146
153.477	-0.725083	0.665474
153.645	-0.89132	0.53004
153.812	-1.05251	0.367071
153.98	-1.20097	0.178053
154.147	-1.32949	-0.034262
154.315	-1.43239	-0.266029
154.483	-1.50653	-0.512649
154.65	-1.55203	-0.769266
154.818	-1.57228	-1.03132
154.985	-1.57329	-1.29506
155.153	-1.56268	-1.55789
155.32	-1.5484	-1.81852
155.488	-1.53787	-2.07698
155.655	-1.53728	-2.33442
155.823	-1.55138	-2.59295
155.991	-1.5833	-2.85529
156.158	-1.6345	-3.1246
156.326	-1.70447	2.87911
156.493	-1.79023	2.58653
156.661	-1.88562	2.27866
156.828	-1.98062	1.95467
156.996	-2.06113	1.61575
157.163	-2.10993	1.26574
157.331	-2.10925	0.911473
157.499	-2.04463	0.562512
157.666	-1.90877	0.230307
157.834	-1.70339	-0.0732256
158.001	-1.43819	-0.337156
158.169	-1.12766	-0.552635
158.336	-0.787455	-0.713384
158.504	-0.431927	-0.815662
158.671	-0.0732541	-0.857952
158.839	0.278167	-0.840617
159.006	0.612726	-0.765679
159.174	0.920635	-0.636777
159.342	1.1915	-0.459239
159.509	1.41478	-0.240161
159.677	1.58123	0.011678
159.844	1.68494	0.2862
160.012	1.72506	0.572744
160.179	1.70643	0.860984
160.347	1.6384	1.14181
160.514	1.53267	1.40791
160.682	1.40076	1.65396
160.85	1.25215	1.87638
161.017	1.09347	2.073
161.185	0.928442	2.24246
161.352	0.758378	2.38384
161.52	0.582857	2.49629
161.687	0.400346	2.57877
161.855	0.208704	2.62994
162.022	0.00554062	2.64807
162.19	-0.211546	2.63102
162.358	-0.444759	2.57628
162.525	-0.695846	2.48098
162.693	-0.965637	2.34205
162.86	-1.25322	2.15639
163.028	-1.55459	1.92131
163.195	-1.86093	1.63515
163.363	-2.15687	1.29828
163.53	-2.42033	0.914185
163.698	-2.62542	0.490481
163.865	-2.74962	0.0389404
164.033	-2.78263	-0.425796
164.201	-2.73182	-0.888815
164.368	-2.62016	-1.33783
164.536	-2.4778	-1.76513
164.703	-2.33292	-2.16802
164.871	-2.20605	-2.54792
165.038	-2.10855	-2.90893
165.206	-2.04361	3.02685
165.373	-2.00803	2.68778
165.541	-1.99362	2.35276
165.709	-1.98838	2.0192
165.876	-1.97754	1.68676
166.044	-1.94523	1.35772
166.211	-1.87675	1.03694
166.379	-1.76126	0.731452
166.546	-1.59391	0.449643
166.714	-1.37663	0.200129
166.881	-1.11724	-0.00931078
167.049	-0.827338	-0.172555
167.217	-0.520079	-0.285585
167.384	-0.208515	-0.346596
167.552	0.0952033	-0.3559
167.719	0.379985	-0.315753
167.887	0.635718	-0.23019
168.054	0.853318	-0.104854
168.222	1.02511	0.0531977
168.389	1.14552	0.235789
168.557	1.21178	0.434034
168.724	1.22436	0.638855
168.892	1.18678	0.841516
169.06	1.10471	1.03406
169.227	0.984845	1.2096
169.395	0.833719	1.36234
169.562	0.656847	1.48754
169.73	0.458371	1.58125
169.897	0.241106	1.6401
170.065	0.00690373	1.6611
170.232	-0.242772	1.64155
170.4	-0.506118	1.57898
170.568	-0.780152	1.47134
170.735	-1.05977	1.31723
170.903	-1.33691	1.11634
171.07	-1.60007	0.870002
171.238	-1.83485	0.581734
171.405	-2.02605	0.257577
171.573	-2.16124	-0.0940594
171.74	-2.23484	-0.463203
171.908	-2.25071	-0.83972
172.076	-2.22157	-1.2149
172.243	-2.16577	-1.58268
172.411	-2.10273	-1.94026
172.578	-2.0493	-2.28786
172.746	-2.01778	-2.62822
172.913	-2.01529	-2.96566
173.081	-2.04383	2.9779
173.248	-2.10035	2.63106
173.416	-2.17641	2.27296
173.583	-2.25788	1.90143
173.751	-2.32527	1.51712
173.919	-2.35581	1.12428
174.086	-2.32761	0.730972
174.254	-2.22526	0.348453
174.421	-2.04408	-0.0102945
174.589	-1.79083	-0.332484
174.756	-1.48041	-0.607208
174.924	-1.1308	-0.826388
175.091	-0.75876	-0.984896
175.259	-0.377836	-1.08016
175.427	0.00166426	-1.11159
175.594	0.371438	-1.08015
175.762	0.723587	-0.988106
175.929	1.04924	-0.839147
176.097	1.33785	-0.63857
176.264	1.57766	-0.393556
176.432	1.75747	-0.113247
176.599	1.86934	0.191571
176.767	1.91135	0.509259
176.934	1.88864	0.828445
177.102	1.81235	1.13915
177.27	1.69674	1.43357
177.437	1.55589	1.70633
177.605	1.40136	1.9542
177.772	1.24106	2.17561
177.94	1.07936	2.37001
178.107	0.91778	2.53732
178.275	0.755857	2.67754
178.442	0.59195	2.7905
178.61	0.423842	2.87567
178.778	0.249137	2.93216
178.945	0.0654826	2.95866
179.113	-0.12934	2.95348
179.28	-0.337399	2.91458
179.448	-0.560602	2.83957
179.615	-0.80059	2.72578
179.783	-1.05839	2.57029
179.95	-1.33369	2.37013
180.118	-1.62347	2.12255
180.286	-1.92012	1.8257
180.453	-2.20935	1.47951
180.621	-2.46928	1.08697
180.788	-2.67262	0.655213
180.956	-2.79346	0.195992
181.123	-2.81698	-0.275414
181.291	-2.74648	-0.742702
181.458	-2.6027	-1.19166
181.626	-2.41552	-1.61245
181.793	-2.21397	-2.00032
181.961	-2.01969	-2.35479
182.129	-1.84517	-2.67824
182.296	-1.69516	-2.97449
182.464	-1.56904	3.03555
182.631	-1.46304	2.78178
182.799	-1.37186	2.54445
182.966	-1.28969	2.32156
183.134	-1.21094	2.11208
183.301	-1.13065	1.91586
183.469	-1.04491	1.7335
183.637	-0.95107	1.56616
183.804	-0.848011	1.41531
183.972	-0.736145	1.28249
184.139	-0.617362	1.16902
184.307	-0.494808	1.07582
184.474	-0.372558	1.00319
184.642	-0.25524	0.950697
184.809	-0.147639	0.917114
184.977	-0.0543481	0.900422
185.145	0.0205285	0.897872
185.312	0.0735865	0.906081
185.48	0.102259	0.921167
185.647	0.104873	0.938892
185.815	0.0806525	0.95481
185.982	0.0296796	0.964423
186.15	-0.0471523	0.96331
186.317	-0.148163	0.94727
186.485	-0.270867	0.912447
186.652	-0.411908	0.855475
186.82	-0.566956	0.773631
186.988	-0.730614	0.665004
187.155	-0.896425	0.528678
187.323	-1.05707	0.364896
187.49	-1.20489	0.175166
187.658	-1.33268	-0.037745
187.825	-1.43481	-0.269981
187.993	-1.5082	-0.516942
188.16	-1.55303	-0.773781
188.328	-1.57276	-1.03596
188.496	-1.57345	-1.29975
188.663	-1.56272	-1.56259
188.831	-1.54854	-1.82323
188.998	-1.53828	-2.08173
189.166	-1.53814	-2.33928
189.333	-1.55282	-2.598
189.501	-1.58543	-2.86064
189.668	-1.63741	-3.13037
189.836	-1.70819	2.87279
190.004	-1.79474	2.57951
190.171	-1.8908	2.27083
190.339	-1.98621	1.94593
190.506	-2.06672	1.60607
190.674	-2.11499	1.25516
190.841	-2.11319	0.900129
191.009	-2.04695	0.550639
191.176	-1.90916	0.218204
191.344	-1.7018	-0.085227
191.511	-1.43482	-0.348737
191.679	-1.12282	-0.563523
191.847	-0.781518	-0.723364
192.014	-0.425211	-0.824578
192.182	-0.0660021	-0.865695
192.349	0.285783	-0.847112
192.517	0.620584	-0.770876
192.684	0.928626	-0.640645
192.852	1.1995	-0.461766
193.019	1.42263	-0.241359
193.187	1.58874	0.0117693
193.355	1.69192	0.287508
193.522	1.73139	0.575168
193.69	1.71206	0.86441
193.857	1.64339	1.14612
194.025	1.53717	1.41302
194.192	1.40499	1.65979
194.36	1.25635	1.88292
194.527	1.09789	2.08025
194.695	0.933321	2.25049
194.863	0.763932	2.39275
195.03	0.589287	2.5062
195.198	0.40784	2.58984
195.365	0.217443	2.64236
195.533	0.0156999	2.66207
195.7	-0.199797	2.64686
195.868	-0.431271	2.59423
196.035	-0.680519	2.50134
196.203	-0.948479	2.36513
196.37	-1.23444	2.18249
196.538	-1.53474	1.95066
196.706	-1.84104	1.66785
196.873	-2.13855	1.3342
197.041	-2.40561	0.952908
197.208	-2.61634	0.531223
197.376	-2.74744	0.0806344
197.543	-2.78719	-0.384316
197.711	-2.74145	-0.848557
197.878	-2.63218	-1.29942
198.046	-2.48938	-1.72874
198.214	-2.34174	-2.13337
198.381	-2.21055	-2.5144
198.549	-2.10789	-2.87574
198.716	-2.03759	3.06061
198.884	-1.99695	2.72298
199.051	-1.97832	2.39019
199.219	-1.97019	2.05945
199.386	-1.95833	1.73017
199.554	-1.92729	1.40428
199.722	-1.86248	1.08623
199.889	-1.75281	0.782672
200.057	-1.59279	0.501679
200.224	-1.38351	0.251686
200.392	-1.13194	0.040431
200.559	-0.849082	-0.12588
200.727	-0.547754	-0.243067
200.894	-0.240918	-0.309128
201.062	0.0592384	-0.324175
201.229	0.341557	-0.290275
201.397	0.595892	-0.211283
201.565	0.813163	-0.0926627
201.732	0.985704	0.0587088
201.9	1.10789	0.234832
202.067	1.17681	0.426985
202.235	1.19268	0.626217
202.402	1.15864	0.823865
202.57	1.08003	1.01199
202.737	0.963236	1.18365
202.905	0.814591	1.333
203.073	0.639546	1.45515
203.24	0.442283	1.54607
203.408	0.225741	1.60229
203.575	-0.00803261	1.62076
203.743	-0.257324	1.59873
203.91	-0.520027	1.53378
204.078	-0.792808	1.4239
204.245	-1.07019	1.26784
204.413	-1.34376	1.06548
204.581	-1.60183	0.818402
204.748	-1.83012	0.530366
204.916	-2.01398	0.207609
205.083	-2.14194	-0.141389
205.251	-2.20955	-0.506772
205.418	-2.22154	-0.878693
205.586	-2.19102	-1.24883
205.753	-2.13607	-1.61154
205.921	-2.0755	-1.96433
206.088	-2.02541	-2.30764
206.256	-1.99744	-2.64429
206.424	-1.99826	-2.97861
206.591	-2.02961	2.96756
206.759	-2.08831	2.62291
206.926	-2.16592	2.26669
207.094	-2.24839	1.89682
207.261	-2.3164	1.51405
207.429	-2.34733	1.12266
207.596	-2.31951	0.730745
207.764	-2.21766	0.349544
207.932	-2.03717	-0.00798588
208.099	-1.78475	-0.329086
208.267	-1.47523	-0.602867
208.434	-1.12647	-0.821251
208.602	-0.755218	-0.979101
208.769	-0.374991	-1.07383
208.937	0.00386915	-1.10484
209.104	0.373009	-1.07308
209.272	0.724475	-0.980831
209.44	1.04935	-0.831787
209.607	1.33707	-0.631264
209.775	1.57591	-0.386461
209.942	1.75472	-0.106531
210.11	1.8657	0.19775
210.277	1.90701	0.514765
210.445	1.88388	0.833184
210.612	1.80746	1.14308
210.78	1.69195	1.43669
210.947	1.55137	1.70866
211.115	1.39716	1.9558
211.283	1.23718	2.17654
211.45	1.07576	2.37031
211.618	0.914374	2.53703
211.785	0.752556	2.6767
211.953	0.58866	2.7891
212.12	0.42047	2.87372
212.288	0.245592	2.92963
212.455	0.0616766	2.95551
212.623	-0.133496	2.94967
212.791	-0.341995	2.91003
212.958	-0.565727	2.83421
213.126	-0.806321	2.71952
213.293	-1.06478	2.56301
213.461	-1.34073	2.36172
213.628	-1.63103	2.11292
213.796	-1.92792	1.81478
213.963	-2.21687	1.4673
214.131	-2.47579	1.07356
214.299	-2.67731	0.64086
214.466	-2.79573	0.18105
214.634	-2.81669	-0.290519
214.801	-2.74411	-0.757575
214.969	-2.59913	-1.20602
215.136	-2.41179	-1.62619
215.304	-2.21097	-2.01348
215.471	-2.01806	-2.36755
215.639	-1.84532	-2.69088
215.806	-1.69727	-2.98731
215.974	-1.57315	3.0222
216.142	-1.46909	2.76758
216.309	-1.3797	2.52909
216.477	-1.29907	2.30475
216.644	-1.22151	2.09359
216.812	-1.14197	1.89553
216.979	-1.05643	1.71125
217.147	-0.962206	1.54201
217.314	-0.858152	1.38937
217.482	-0.744708	1.25497
217.65	-0.623835	1.14023
217.817	-0.49879	1.04615
217.985	-0.373782	0.973084
218.152	-0.253582	0.920627
218.32	-0.143115	0.887563
218.487	-0.0470966	0.871861
218.655	0.0302657	0.870738
218.822	0.0854933	0.880765
218.99	0.115972	0.898003
219.158	0.120013	0.918149
219.325	0.0968444	0.936698
219.493	0.0465728	0.949087
219.66	-0.0298743	0.950841
219.828	-0.130782	0.937708
219.995	-0.25364	0.905788
220.163	-0.39508	0.851673
220.33	-0.550776	0.772597
220.498	-0.715354	0.666608
220.665	-0.882381	0.532741
220.833	-1.04456	0.371189
221.001	-1.1942	0.183408
221.168	-1.32405	-0.0278821
221.336	-1.42833	-0.258852
221.503	-1.50382	-0.504906
221.671	-1.5505	-0.761172
221.838	-1.57166	-1.02305
222.006	-1.57325	-1.28674
222.173	-1.56283	-1.54958
222.341	-1.5484	-1.81023
222.509	-1.53737	-2.06865
222.676	-1.536	-2.32595
222.844	-1.54908	-2.58418
223.011	-1.57979	-2.84604
223.179	-1.62965	-3.11464
223.346	-1.6982	2.89
223.514	-1.78259	2.59858
223.681	-1.87682	2.29209
223.849	-1.9711	1.96964
224.017	-2.05157	1.63233
224.184	-2.10124	1.28387
224.352	-2.10243	0.93091
224.519	-2.04056	0.582872
224.687	-1.908	0.251076
224.854	-1.70602	-0.0526137
225.022	-1.44391	-0.317249
225.189	-1.13591	-0.533907
225.357	-0.797627	-0.696209
225.524	-0.443466	-0.800312
225.692	-0.0857362	-0.84462
225.86	0.265042	-0.829433
226.027	0.599176	-0.756732
226.195	0.906855	-0.630123
226.362	1.17771	-0.454899
226.53	1.40125	-0.238114
226.697	1.56829	0.0115042
226.865	1.6729	0.28393
227.032	1.71416	0.56855
227.2	1.69673	0.855064
227.368	1.62982	1.13436
227.535	1.52494	1.3991
227.703	1.3935	1.64389
227.87	1.24496	1.86512
228.038	1.08591	2.0605
228.205	0.920107	2.22864
228.373	0.748899	2.36853
228.54	0.57189	2.47927
228.708	0.387571	2.55977
228.875	0.193815	2.60862
229.043	-0.0117589	2.62406
229.211	-0.231534	2.60389
229.378	-0.467677	2.54555
229.546	-0.721838	2.44616
229.713	-0.994649	2.30262
229.881	-1.28483	2.11187
230.048	-1.5878	1.87134
230.216	-1.89388	1.57961
230.383	-2.18678	1.23742
230.551	-2.44373	0.848817
230.719	-2.63903	0.421973
230.886	-2.75159	-0.0308844
231.054	-2.77353	-0.494997
231.221	-2.71476	-0.955767
231.389	-2.59968	-1.40157
231.556	-2.45857	-1.82548
231.724	-2.31869	-2.22553
231.891	-2.19927	-2.60364
232.059	-2.11046	-2.96423
232.227	-2.05445	2.97048
232.394	-2.02714	2.62889
232.562	-2.01951	2.29007
232.729	-2.01862	1.95176
232.897	-2.00888	1.61412
233.064	-1.97377	1.28
233.232	-1.89849	0.954953
233.399	-1.77275	0.646643
233.567	-1.5929	0.363935
233.734	-1.36236	0.1157
233.902	-1.09029	-0.0902706
234.07	-0.789213	-0.248038
234.237	-0.472725	-0.353879
234.405	-0.153935	-0.406323
234.572	0.155123	-0.406008
234.74	0.443493	-0.355498
234.907	0.701123	-0.259111
235.075	0.918911	-0.122777
235.242	1.08916	0.04616
235.41	1.20636	0.239236
235.578	1.26803	0.447308
235.745	1.27509	0.661101
235.913	1.23164	0.871769
236.08	1.14397	1.07136
236.248	1.01927	1.25305
236.415	0.864355	1.41123
236.583	0.684849	1.54133
236.75	0.484812	1.63958
236.918	0.266838	1.70279
237.086	0.0324582	1.72808
237.253	-0.217274	1.71281
237.421	-0.481059	1.65449
237.588	-0.756504	1.55095
237.756	-1.03917	1.40057
237.923	-1.32164	1.20272
238.091	-1.59283	0.95831
238.258	-1.83831	0.670393
238.426	-2.04208	0.344619
238.593	-2.19011	-0.0107897
238.761	-2.27483	-0.38574
238.929	-2.2983	-0.769652
239.096	-2.27242	-1.15314
239.264	-2.21573	-1.52942
239.431	-2.14867	-1.89506
239.599	-2.08942	-2.24989
239.766	-2.05142	-2.59643
239.934	-2.04268	-2.93898
240.101	-2.06576	3.00046
240.269	-2.11788	2.65033
240.437	-2.19073	2.28958
240.604	-2.27016	1.91584
240.772	-2.33656	1.52957
240.939	-2.36693	1.13486
241.107	-2.33905	0.739666
241.274	-2.23714	0.355192
241.442	-2.05623	-0.00557308
241.609	-1.80291	-0.329798
241.777	-1.49208	-0.606517
241.945	-1.14181	-0.8276
242.112	-0.768963	-0.987887
242.28	-0.387172	-1.08479
242.447	-0.00676905	-1.11771
242.615	0.363962	-1.0876
242.782	0.717179	-0.996722
242.95	1.04408	-0.848735
243.117	1.33416	-0.648902
243.285	1.57567	-0.404367
243.452	1.75729	-0.124241
243.62	1.87096	0.180701
243.788	1.91451	0.498794
243.955	1.89293	0.81861
244.123	1.81726	1.13009
244.29	1.70178	1.42536
244.458	1.56067	1.69894
244.625	1.40558	1.94757
244.793	1.24457	2.16963
244.96	1.08208	2.36455
245.128	0.919693	2.53225
245.296	0.756975	2.67273
245.463	0.592298	2.7858
245.631	0.423443	2.87097
245.798	0.248007	2.92733
245.966	0.0636232	2.95358
246.133	-0.13194	2.94803
246.301	-0.340766	2.90863
246.468	-0.564771	2.83299
246.636	-0.805593	2.71843
246.804	-1.06424	2.56203
246.971	-1.34033	2.36082
247.139	-1.63075	2.11208
247.306	-1.9277	1.81397
247.474	-2.21668	1.46653
247.641	-2.47557	1.07283
247.809	-2.67703	0.640166
247.976	-2.79536	0.18041
248.144	-2.81625	-0.29109
248.311	-2.74361	-0.758066
248.479	-2.59862	-1.20643
248.647	-2.4113	-1.62651
248.814	-2.21052	-2.01372
248.982	-2.01765	-2.36772
249.149	-1.84495	-2.69099
249.317	-1.69693	-2.98736
249.484	-1.57283	3.02221
249.652	-1.46879	2.76764
249.819	-1.3794	2.5292
249.987	-1.29878	2.30491
250.155	-1.22121	2.0938
250.322	-1.14167	1.89579
250.49	-1.05613	1.71156
250.657	-0.961925	1.54237
250.825	-0.857894	1.38977
250.992	-0.744481	1.25541
251.16	-0.623648	1.14071
251.327	-0.49865	1.04666
251.495	-0.373695	0.973609
251.663	-0.25355	0.921163
251.83	-0.143139	0.8881
251.998	-0.0471746	0.872389
252.165	0.0301373	0.871248
252.333	0.0853199	0.88125
252.5	0.11576	0.898456
252.668	0.119769	0.918564
252.835	0.096575	0.937069
253.003	0.0462849	0.949412
253.17	-0.030175	0.951117
253.338	-0.13109	0.937932
253.506	-0.253951	0.90596
253.673	-0.395389	0.851793
253.841	-0.551079	0.772666
254.008	-0.715645	0.666627
254.176	-0.882656	0.532713
254.343	-1.04481	0.371116
254.511	-1.19442	0.183295
254.678	-1.32424	-0.0280298
254.846	-1.42849	-0.259028
255.014	-1.50394	-0.505105
255.181	-1.55059	-0.761388
255.349	-1.57172	-1.02328
255.516	-1.57329	-1.28698
255.684	-1.56286	-1.54982
255.851	-1.54843	-1.81048
256.019	-1.53742	-2.0689
256.186	-1.53607	-2.32621
256.354	-1.54918	-2.58445
256.522	-1.57993	-2.84634
256.689	-1.62982	-3.11497
256.857	-1.69842	2.88964
257.024	-1.78286	2.59818
257.192	-1.87713	2.29164
257.359	-1.97143	1.96914
257.527	-2.0519	1.63178
257.694	-2.10154	1.28326
257.862	-2.10267	0.930258
258.029	-2.04071	0.582187
258.197	-1.90804	0.250376
258.365	-1.70594	-0.0533095
258.532	-1.44372	-0.317923
258.7	-1.13564	-0.534542
258.867	-0.797289	-0.696792
259.035	-0.44308	-0.800835
259.202	-0.0853179	-0.845075
259.37	0.265483	-0.829816
259.537	0.599632	-0.75704
259.705	0.90732	-0.630354
259.873	1.17817	-0.455051
260.04	1.40171	-0.238188
260.208	1.56873	0.0115048
260.375	1.67331	0.284002
260.543	1.71453	0.568687
260.71	1.69706	0.85526
260.878	1.63011	1.13461
261.045	1.5252	1.3994
261.213	1.39375	1.64423
261.381	1.2452	1.8655
261.548	1.08617	2.06092
261.716	0.92039	2.2291
261.883	0.74922	2.36905
262.051	0.572261	2.47985
262.218	0.388002	2.56041
262.386	0.194317	2.60934
262.553	-0.0111764	2.62487
262.721	-0.230862	2.6048
262.888	-0.466906	2.54659
263.056	-0.720966	2.44733
263.224	-0.993678	2.30395
263.391	-1.28377	2.11337
263.559	-1.58669	1.87302
263.726	-1.89279	1.58148
263.894	-2.1858	1.23946
264.061	-2.44298	0.851003
264.229	-2.63861	0.424258
264.396	-2.75155	-0.0285606
264.564	-2.77386	-0.492699
264.732	-2.71534	-0.953548
264.899	-2.60037	-1.39946
265.067	-2.45921	-1.82348
265.234	-2.31915	-2.22362
265.402	-2.19948	-2.6018
265.569	-2.11038	-2.9624
265.737	-2.05407	2.97235
265.904	-2.0265	2.63085
266.072	-2.01864	2.29216
266.24	-2.01762	1.95401
266.407	-2.00785	1.61653
266.575	-1.97285	1.28258
266.742	-1.89781	0.95767
266.91	-1.77242	0.649446
267.077	-1.59299	0.366758
267.245	-1.36289	0.118471
267.412	-1.09123	-0.0876224
267.58	-0.790513	-0.245578
267.747	-0.474318	-0.351662
267.915	-0.155755	-0.404393
268.083	0.153137	-0.404399
268.25	0.441398	-0.354231
268.418	0.698973	-0.2582
268.585	0.916762	-0.122227
268.753	1.08707	0.0463533
268.92	1.20438	0.239087
269.088	1.2662	0.446839
269.255	1.27345	0.660341
269.423	1.23019	0.87075
269.591	1.1427	1.07011
269.758	1.01815	1.2516
269.926	0.863361	1.40961
270.093	0.683935	1.53955
270.261	0.48394	1.63765
270.428	0.26598	1.70071
270.596	0.0315956	1.72587
270.763	-0.218147	1.71044
270.931	-0.481929	1.65198
271.099	-0.757341	1.5483
271.266	-1.03992	1.39778
271.434	-1.32222	1.19982
271.601	-1.59316	0.955332
271.769	-1.83829	0.667387
271.936	-2.04163	0.341652
272.104	-2.18923	-0.0136447
272.271	-2.27355	-0.388413
272.439	-2.29674	-0.772085
272.606	-2.27073	-1.1553
272.774	-2.21406	-1.5313
272.942	-2.14714	-1.89667
273.109	-2.08808	-2.25126
273.277	-2.05031	-2.59759
273.444	-2.04179	-2.93997
273.612	-2.06507	2.9996
273.779	-2.11735	2.64958
273.947	-2.19032	2.2889
274.114	-2.26982	1.91522
274.282	-2.33626	1.529
274.45	-2.36662	1.13435
274.617	-2.33871	0.739205
274.785	-2.23677	0.354791
274.952	-2.05582	-0.00590764
275.12	-1.80247	-0.33006
275.287	-1.49163	-0.606705
275.455	-1.14136	-0.827712
275.622	-0.768536	-0.987926
275.79	-0.386767	-1.08476
275.957	-0.00639112	-1.11761
276.125	0.36431	-1.08744
276.293	0.717493	-0.99651
276.46	1.04435	-0.848473
276.628	1.33439	-0.648598
276.795	1.57584	-0.40403
276.963	1.7574	-0.123881
277.13	1.871	0.181072
277.298	1.91449	0.499167
277.465	1.89286	0.818975
277.633	1.81716	1.13044
277.801	1.70167	1.42569
277.968	1.56056	1.69925
278.136	1.4055	1.94787
278.303	1.24451	2.16992
278.471	1.08206	2.36483
278.638	0.919707	2.53253
278.806	0.757028	2.67301
278.973	0.592392	2.7861
279.141	0.42358	2.87129
279.309	0.248188	2.92768
279.476	0.063853	2.95396
279.644	-0.131659	2.94845
279.811	-0.340428	2.9091
279.979	-0.564372	2.83353
280.146	-0.805129	2.71904
280.314	-1.06371	2.56273
280.481	-1.33974	2.36161
280.649	-1.6301	2.11297
280.816	-1.92703	1.81497
280.984	-2.21603	1.46764
281.152	-2.47501	1.07404
281.319	-2.67663	0.641462
281.487	-2.79519	0.181754
281.654	-2.8163	-0.289737
281.822	-2.74385	-0.756738
281.989	-2.59897	-1.20515
282.157	-2.41165	-1.62529
282.324	-2.2108	-2.01256
282.492	-2.01782	-2.3666
282.66	-1.84495	-2.68987
282.827	-1.69676	-2.98623
282.995	-1.57249	3.02338
283.162	-1.46827	2.76888
283.33	-1.37873	2.53054
283.497	-1.29797	2.30638
283.665	-1.2203	2.09541
283.832	-1.14069	1.89756
284	-1.05514	1.7135
284.168	-0.960973	1.54446
284.335	-0.857031	1.39202
284.503	-0.743758	1.25779
284.67	-0.62311	1.1432
284.838	-0.498331	1.04922
285.005	-0.373617	0.976204
285.173	-0.253724	0.92375
285.34	-0.143561	0.890636
285.508	-0.0478328	0.874835
285.675	0.029265	0.873566
285.843	0.0842615	0.883405
286.011	0.114548	0.90042
286.178	0.118436	0.920315
286.346	0.0951555	0.938589
286.513	0.0448089	0.950688
286.681	-0.0316796	0.952143
286.848	-0.132599	0.938706
287.016	-0.255441	0.906483
287.183	-0.396839	0.852069
287.351	-0.552468	0.772704
287.519	-0.716949	0.666439
287.686	-0.883849	0.532315
287.854	-1.04587	0.37053
288.021	-1.19531	0.182545
288.189	-1.32495	-0.0289143
288.356	-1.42901	-0.260016
288.524	-1.50428	-0.506165
288.691	-1.55076	-0.76249
288.859	-1.57177	-1.0244
289.027	-1.57327	-1.2881
289.194	-1.56282	-1.55094
289.362	-1.54841	-1.81159
289.529	-1.53746	-2.07001
289.697	-1.53622	-2.32734
289.864	-1.54946	-2.58562
290.032	-1.58037	-2.84756
290.199	-1.63045	-3.11628
290.367	-1.69923	2.88821
290.534	-1.78385	2.5966
290.702	-1.87827	2.28988
290.87	-1.97267	1.96718
291.037	-2.05315	1.6296
291.205	-2.10268	1.28089
291.372	-2.10356	0.92771
291.54	-2.04125	0.579518
291.707	-1.90815	0.247652
291.875	-1.7056	-0.0560137
292.042	-1.44298	-0.320535
292.21	-1.13456	-0.537001
292.378	-0.795955	-0.699047
292.545	-0.441565	-0.80285
292.713	-0.0836776	-0.846825
292.88	0.267208	-0.831284
293.048	0.601414	-0.758214
293.215	0.909132	-0.631226
293.383	1.17999	-0.455619
293.55	1.40349	-0.238455
293.718	1.57043	0.0115301
293.886	1.67489	0.284303
294.053	1.71596	0.569241
294.221	1.69834	0.856041
294.388	1.63124	1.13559
294.556	1.52622	1.40056
294.723	1.3947	1.64556
294.891	1.24614	1.86698
295.058	1.08716	2.06257
295.226	0.92148	2.23092
295.393	0.750459	2.37106
295.561	0.573694	2.48208
295.729	0.389671	2.5629
295.896	0.196262	2.61214
296.064	-0.00891725	2.62801
296.231	-0.228253	2.60836
296.399	-0.463917	2.55061
296.566	-0.717579	2.45189
296.734	-0.989903	2.3091
296.901	-1.27967	2.11919
297.069	-1.5824	1.87955
297.237	-1.88855	1.58872
297.404	-2.18198	1.24739
297.572	-2.44003	0.859502
297.739	-2.63695	0.433148
297.907	-2.75141	-0.0195183
298.074	-2.77513	-0.483755
298.242	-2.71761	-0.944908
298.409	-2.60305	-1.39124
298.577	-2.46169	-1.81571
298.745	-2.32096	-2.21621
298.912	-2.20031	-2.59461
299.08	-2.11008	-2.95525
299.247	-2.05262	2.97964
299.415	-2.02399	2.63847
299.582	-2.01528	2.30028
299.75	-2.01372	1.96274
299.917	-2.00385	1.62594
300.085	-1.96925	1.29263
300.252	-1.89514	0.968248
300.42	-1.7711	0.660364
300.588	-1.5933	0.377762
300.755	-1.36491	0.12928
300.923	-1.09486	-0.07729
301.09	-0.795552	-0.235975
301.258	-0.480506	-0.343004
301.425	-0.162836	-0.39685
301.593	0.145405	-0.3981
301.76	0.433234	-0.349266
301.928	0.69059	-0.254625
302.096	0.908377	-0.12006
302.263	1.0789	0.047131
302.431	1.19664	0.238529
302.598	1.25906	0.445033
302.766	1.26702	0.657398
302.933	1.22452	0.866795
303.101	1.13775	1.06526
303.268	1.01381	1.24598
303.436	0.859479	1.4033
303.604	0.680366	1.53261
303.771	0.480544	1.63014
303.939	0.262644	1.69264
304.106	0.0282482	1.71723
304.274	-0.221524	1.70125
304.441	-0.485291	1.64221
304.609	-0.760564	1.53798
304.776	-1.0428	1.38695
304.944	-1.32445	1.18856
305.111	-1.59438	0.943771
305.279	-1.83814	0.655732
305.447	-2.03984	0.330156
305.614	-2.18573	-0.0246961
305.782	-2.26854	-0.398746
305.949	-2.29067	-0.781483
306.117	-2.26417	-1.16363
306.284	-2.20758	-1.53853
306.452	-2.14116	-1.90285
306.619	-2.08287	-2.2565
306.787	-2.04597	-2.60203
306.955	-2.03831	-2.94376
307.122	-2.06235	2.99633
307.29	-2.11525	2.6467
307.457	-2.18868	2.28634
307.625	-2.26847	1.91291
307.792	-2.33504	1.5269
307.96	-2.36539	1.13245
308.127	-2.33738	0.737526
308.295	-2.23528	0.353348
308.463	-2.05421	-0.00709127
308.63	-1.80078	-0.330967
308.798	-1.48992	-0.607325
308.965	-1.13969	-0.828048
309.133	-0.766932	-0.987987
309.3	-0.385255	-1.08456
309.468	-0.00498525	-1.11717
309.635	0.365599	-1.08677
309.803	0.718648	-0.995634
309.97	1.04535	-0.847417
310.138	1.33519	-0.647391
310.306	1.57642	-0.402705
310.473	1.75774	-0.122478
310.641	1.87109	0.182511
310.808	1.91435	0.500601
310.976	1.89255	0.820371
311.143	1.81675	1.13178
311.311	1.70122	1.42695
311.478	1.56013	1.70044
311.646	1.40514	1.94899
311.814	1.24426	2.17098
311.981	1.08193	2.36587
312.149	0.91971	2.53355
312.316	0.757174	2.67405
312.484	0.592687	2.78718
312.651	0.42403	2.87243
312.819	0.2488	2.9289
312.986	0.0646362	2.9553
313.154	-0.130692	2.94994
313.322	-0.339263	2.91077
313.489	-0.562993	2.8354
313.657	-0.80352	2.72117
313.824	-1.06186	2.56514
313.992	-1.33766	2.36435
314.159	-1.62785	2.11608
314.327	-1.92469	1.81847
314.494	-2.21377	1.47152
314.662	-2.47307	1.07828
314.829	-2.67526	0.64598
314.997	-2.79458	0.18644
315.165	-2.81648	-0.285015
315.332	-2.74468	-0.752104
315.5	-2.60016	-1.20069
315.667	-2.41288	-1.62104
315.835	-2.2118	-2.0085
316.002	-2.01839	-2.36267
316.17	-1.84498	-2.686
316.337	-1.69618	-2.98231
316.505	-1.57129	3.02745
316.673	-1.46648	2.77321
316.84	-1.37639	2.53521
317.008	-1.29516	2.31148
317.175	-1.21714	2.10102
317.343	-1.13731	1.90372
317.51	-1.0517	1.72023
317.678	-0.957646	1.55176
317.845	-0.854009	1.39986
318.013	-0.741219	1.2661
318.181	-0.621208	1.15188
318.348	-0.497186	1.05815
318.516	-0.373309	0.985261
318.683	-0.254288	0.932785
318.851	-0.144991	0.899505
319.018	-0.0500845	0.883394
319.186	0.0262662	0.881684
319.353	0.0806126	0.890965
319.521	0.11036	0.907321
319.688	0.113825	0.926477
319.856	0.0902352	0.943952
320.024	0.039686	0.955208
320.191	-0.0369088	0.955795
320.359	-0.137849	0.941479
320.526	-0.260634	0.908379
320.694	-0.401901	0.853105
320.861	-0.557322	0.772908
321.029	-0.721515	0.665853
321.196	-0.888037	0.530995
321.364	-1.04958	0.368546
321.532	-1.19847	0.179984
321.699	-1.32748	-0.0319524
321.867	-1.43088	-0.263423
322.034	-1.50551	-0.509832
322.202	-1.55144	-0.766316
322.369	-1.57202	-1.0283
322.537	-1.57325	-1.29202
322.704	-1.56271	-1.55485
322.872	-1.54837	-1.81548
323.04	-1.53766	-2.07392
323.207	-1.53679	-2.33131
323.375	-1.55051	-2.58972
323.542	-1.58198	-2.85188
323.71	-1.63269	-3.12092
323.877	-1.70213	2.88314
324.045	-1.78739	2.59099
324.212	-1.88235	2.28363
324.38	-1.97709	1.96021
324.547	-2.05759	1.62189
324.715	-2.10672	1.27245
324.883	-2.10673	0.918667
325.05	-2.04314	0.570046
325.218	-1.90851	0.237989
325.385	-1.70438	-0.0656041
325.553	-1.44032	-0.329798
325.72	-1.13072	-0.545715
325.888	-0.791221	-0.707039
326.055	-0.436194	-0.809993
326.223	-0.0778661	-0.853028
326.391	0.27332	-0.836486
326.558	0.607723	-0.762375
326.726	0.915548	-0.634319
326.893	1.18641	-0.457635
327.061	1.40979	-0.239404
327.228	1.57646	0.0116154
327.396	1.68049	0.285364
327.563	1.72104	0.571197
327.731	1.70285	0.8588
327.898	1.63523	1.13906
328.066	1.52982	1.40466
328.234	1.39808	1.65024
328.401	1.24949	1.87222
328.569	1.09067	2.06838
328.736	0.925354	2.23735
328.904	0.754864	2.37819
329.071	0.578791	2.49
329.239	0.395608	2.57174
329.406	0.203181	2.62205
329.574	-0.00087801	2.63918
329.742	-0.218965	2.62098
329.909	-0.45327	2.5649
330.077	-0.705506	2.46808
330.244	-0.976433	2.32743
330.412	-1.265	2.13988
330.579	-1.567	1.90277
330.747	-1.87329	1.61453
330.914	-2.16816	1.27565
331.082	-2.42925	0.889847
331.25	-2.63074	0.464935
331.417	-2.7506	0.012861
331.585	-2.77944	-0.451682
331.752	-2.72559	-0.91389
331.92	-2.61256	-1.36172
332.087	-2.47059	-1.78776
332.255	-2.32753	-2.18957
332.422	-2.20341	-2.56879
332.59	-2.10915	-2.92963
332.757	-2.04755	3.00577
332.925	-2.01509	2.66578
333.093	-2.00326	2.32935
333.26	-1.99971	1.99401
333.428	-1.98937	1.65962
333.595	-1.95611	1.32865
333.763	-1.88519	1.00623
333.93	-1.76594	0.699632
334.098	-1.59394	0.417418
334.265	-1.37169	0.168314
334.433	-1.1075	-0.0398906
334.601	-0.813334	-0.201136
334.768	-0.502525	-0.311512
334.936	-0.188162	-0.369338
335.103	0.117639	-0.375046
335.271	0.403836	-0.331013
335.438	0.66034	-0.24138
335.606	0.878062	-0.111899
335.773	1.04932	0.0502625
335.941	1.16856	0.23682
336.109	1.23312	0.43879
336.276	1.24364	0.647018
336.444	1.20385	0.852725
336.611	1.11966	1.04795
336.779	0.997951	1.22583
336.946	0.845356	1.38065
337.114	0.667439	1.5077
337.281	0.468313	1.60312
337.449	0.250711	1.66361
337.616	0.0163643	1.6862
337.784	-0.233417	1.66823
337.952	-0.49702	1.60721
338.119	-0.771681	1.50105
338.287	-1.05255	1.34827
338.454	-1.33177	1.14843
338.622	-1.59801	0.902705
338.789	-1.83681	0.614458
338.957	-2.03267	0.289586
339.124	-2.17255	-0.0635566
339.292	-2.25015	-0.434944
339.46	-2.26868	-0.814271
339.627	-2.24062	-1.19257
339.795	-2.1844	-1.56353
339.962	-2.11983	-1.92411
340.13	-2.06426	-2.27441
340.297	-2.0304	-2.61707
340.465	-2.02568	-2.95644
340.632	-2.0523	2.98554
340.8	-2.10729	2.63742
340.968	-2.18223	2.27826
341.135	-2.26299	1.90581
341.303	-2.33002	1.52068
341.47	-2.36042	1.12706
341.638	-2.3322	0.732983
341.805	-2.22982	0.349696
341.973	-2.04853	-0.00980874
342.14	-1.79506	-0.332727
342.308	-1.48433	-0.608136
342.475	-1.13435	-0.827941
342.643	-0.761938	-0.987013
342.811	-0.380646	-1.08278
342.978	-0.000783708	-1.11465
343.146	0.369363	-1.08359
343.313	0.721921	-0.991858
343.481	1.04804	-0.84314
343.648	1.33721	-0.642717
343.816	1.57765	-0.397759
343.983	1.75811	-0.117397
344.151	1.87061	0.187583
344.319	1.91314	0.50553
344.486	1.89079	0.825047
344.654	1.81467	1.13613
344.821	1.69906	1.43094
344.989	1.55809	1.70408
345.156	1.40335	1.9523
345.324	1.24281	2.17403
345.491	1.08087	2.3687
345.659	0.919055	2.53624
345.827	0.756927	2.67666
345.994	0.592843	2.78978
346.162	0.424586	2.87509
346.329	0.249758	2.9317
346.497	0.0660036	2.95829
346.664	-0.1289	2.95319
346.832	-0.337023	2.91436
346.999	-0.560277	2.83941
347.167	-0.800304	2.72567
347.334	-1.05814	2.57023
347.502	-1.33345	2.3701
347.67	-1.62324	2.12257
347.837	-1.9199	1.82575
348.005	-2.20915	1.4796
348.172	-2.46909	1.08709
348.34	-2.67246	0.655361
348.507	-2.79333	0.196165
348.675	-2.81688	-0.275222
348.842	-2.74642	-0.742497
349.01	-2.60266	-1.19145
349.178	-2.41549	-1.61224
349.345	-2.21393	-2.0001
349.513	-2.01963	-2.35455
349.68	-1.84509	-2.678
349.848	-1.69504	-2.97423
350.015	-1.56888	3.03583
350.183	-1.46285	2.78209
350.35	-1.37163	2.5448
350.518	-1.28943	2.32195
350.686	-1.21065	2.11252
350.853	-1.13035	1.91635
351.021	-1.04459	1.73404
351.188	-0.950767	1.56675
351.356	-0.847733	1.41595
351.523	-0.735907	1.28317
351.691	-0.617176	1.16974
351.858	-0.494684	1.07656
352.026	-0.372503	1.00395
352.193	-0.255258	0.951462
352.361	-0.14773	0.91787
352.529	-0.0545088	0.901157
352.696	0.0203034	0.898574
352.864	0.0733048	0.906741
353.031	0.101929	0.921776
353.199	0.104505	0.939441
353.366	0.0802552	0.955296
353.534	0.0292617	0.96484
353.701	-0.0475828	0.963656
353.869	-0.148599	0.947543
354.037	-0.271302	0.912647
354.204	-0.412337	0.855603
354.372	-0.567372	0.773688
354.539	-0.73101	0.664992
354.707	-0.896793	0.528602
354.874	-1.05741	0.364762
355.042	-1.20518	0.17498
355.209	-1.33292	-0.0379758
355.377	-1.43499	-0.270247
355.545	-1.50833	-0.517235
355.712	-1.55312	-0.774093
355.88	-1.57281	-1.03628
356.047	-1.57348	-1.30008
356.215	-1.56274	-1.56292
356.382	-1.54856	-1.82357
356.55	-1.53833	-2.08208
356.717	-1.53821	-2.33964
356.885	-1.55293	-2.59837
357.052	-1.5856	-2.86103
357.22	-1.63763	-3.13079
357.388	-1.70847	2.87232
357.555	-1.79508	2.57899
357.723	-1.89118	2.27025
357.89	-1.98662	1.94528
358.058	-2.06714	1.60535
358.225	-2.11537	1.25438
358.393	-2.11348	0.899287
358.56	-2.04712	0.549756
358.728	-1.90919	0.217304
358.896	-1.70169	-0.0861187
359.063	-1.43456	-0.349598
359.231	-1.12246	-0.564332
359.398	-0.781078	-0.724106
359.566	-0.424713	-0.825241
359.733	-0.0654648	-0.866271
359.901	0.286348	-0.847595
360.068	0.621166	-0.771264
360.236	0.929218	-0.640934
360.404	1.20009	-0.461956
360.571	1.42321	-0.241449
360.739	1.58929	0.0117742
360.906	1.69244	0.287603
361.074	1.73186	0.575346
361.241	1.71247	0.864663
361.409	1.64376	1.14644
361.576	1.53751	1.4134
361.744	1.4053	1.66022
361.911	1.25667	1.88341
362.079	1.09822	2.08079
362.247	0.933685	2.25109
362.414	0.764346	2.39341
362.582	0.589766	2.50693
362.749	0.408398	2.59066
362.917	0.218095	2.64329
363.084	0.0164577	2.66311
363.252	-0.19892	2.64804
363.419	-0.430264	2.59556
363.587	-0.679375	2.50286
363.755	-0.947196	2.36685
363.922	-1.23303	2.18444
364.09	-1.53325	1.95285
364.257	-1.83954	1.67029
364.425	-2.13716	1.33688
364.592	-2.40448	0.955805
364.76	-2.61563	0.534276
364.927	-2.74724	0.0837639
365.095	-2.78751	-0.381198
365.263	-2.74216	-0.845526
365.43	-2.63307	-1.29653
365.598	-2.49025	-1.726
365.765	-2.34241	-2.13075
365.933	-2.2109	-2.51188
366.1	-2.10785	-2.87324
366.268	-2.03715	3.06314
366.435	-1.99613	2.72562
366.603	-1.97717	2.39299
366.77	-1.96882	2.06247
366.938	-1.95688	1.73343
367.106	-1.92591	1.40778
367.273	-1.86137	1.08994
367.441	-1.75213	0.786533
367.608	-1.59265	0.505611
367.776	-1.38397	0.25559
367.943	-1.133	0.0442072
368.111	-0.85068	-0.122328
368.278	-0.54981	-0.239822
368.446	-0.243341	-0.30626
368.614	0.0565356	-0.321737
368.781	0.338659	-0.288308
368.949	0.592881	-0.209811
369.116	0.81012	-0.0916996
369.284	0.982711	0.059165
369.451	1.10503	0.234797
369.619	1.17415	0.426486
369.786	1.19026	0.625291
369.954	1.15649	0.822555
370.122	1.07814	1.01034
370.289	0.96158	1.18171
370.457	0.813128	1.33079
370.624	0.638228	1.45272
370.792	0.441064	1.54342
370.959	0.224586	1.59944
371.127	-0.0091451	1.61772
371.294	-0.258396	1.59551
371.462	-0.52104	1.53038
371.629	-0.793714	1.42034
371.797	-1.07092	1.26414
371.965	-1.34421	1.06169
372.132	-1.60189	0.814562
372.3	-1.82969	0.526557
372.467	-2.013	0.203918
372.635	-2.14043	-0.144872
372.802	-2.20761	-0.509964
372.97	-2.21933	-0.881535
373.137	-2.18872	-1.25129
373.305	-2.13384	-1.61363
373.473	-2.07346	-1.96605
373.64	-2.02361	-2.30904
373.808	-1.9959	-2.64541
373.975	-1.99696	-2.97949
374.143	-2.02851	2.96687
374.31	-2.08736	2.6224
374.478	-2.16507	2.26633
374.645	-2.24762	1.8966
374.813	-2.31567	1.51395
374.98	-2.34664	1.12268
375.148	-2.31886	0.730874
375.316	-2.21708	0.349776
375.483	-2.03666	-0.00766198
375.651	-1.78433	-0.328684
375.818	-1.47489	-0.602402
375.986	-1.12621	-0.820735
376.153	-0.755028	-0.978549
376.321	-0.374858	-1.07325
376.488	0.00395069	-1.10424
376.656	0.373041	-1.07247
376.824	0.724454	-0.980223
376.991	1.04927	-0.831187
377.159	1.33692	-0.630683
377.326	1.57569	-0.385911
377.494	1.75443	-0.106023
377.661	1.86534	0.198203
377.829	1.90661	0.515155
377.996	1.88346	0.833505
378.164	1.80704	1.14333
378.332	1.69154	1.43687
378.499	1.55098	1.70877
378.667	1.3968	1.95585
378.834	1.23684	2.17653
379.002	1.07543	2.37025
379.169	0.914051	2.53691
379.337	0.752229	2.67652
379.504	0.588321	2.78887
379.672	0.420109	2.87343
379.839	0.245201	2.92928
380.007	0.0612447	2.95509
380.175	-0.133978	2.94917
380.342	-0.342537	2.90945
380.51	-0.566338	2.83354
380.677	-0.807011	2.71873
380.845	-1.06556	2.5621
381.012	-1.34158	2.36067
381.18	-1.63196	2.11172
381.347	-1.92887	1.81342
381.515	-2.21779	1.46579
381.683	-2.47658	1.07191
381.85	-2.67787	0.639091
382.018	-2.79599	0.179211
382.185	-2.81665	-0.292376
382.353	-2.74381	-0.759401
382.52	-2.59869	-1.20778
382.688	-2.41132	-1.62787
382.855	-2.2106	-2.01509
383.023	-2.01786	-2.36911
383.191	-1.84533	-2.69243
383.358	-1.69752	-2.98888
383.526	-1.57365	3.02057
383.693	-1.46983	2.76585
383.861	-1.38066	2.52721
384.028	-1.30022	2.30269
384.196	-1.2228	2.09133
384.363	-1.14334	1.89305
384.531	-1.05782	1.70854
384.698	-0.963548	1.53906
384.866	-0.859367	1.3862
385.034	-0.745724	1.25161
385.201	-0.62459	1.13673
385.369	-0.499236	1.04255
385.536	-0.373887	0.969436
385.704	-0.253333	0.916992
385.871	-0.142514	0.883999
386.039	-0.046163	0.868426
386.206	0.031501	0.867485
386.374	0.0869902	0.877742
386.542	0.117685	0.895249
386.709	0.121894	0.915698
386.877	0.0988477	0.934572
387.044	0.0486545	0.947304
387.212	-0.0277536	0.949411
387.379	-0.128657	0.936634
387.547	-0.251543	0.905068
387.714	-0.39304	0.8513
387.882	-0.548825	0.772559
388.05	-0.713524	0.666887
388.217	-0.880708	0.533314
388.385	-1.04308	0.372027
388.552	-1.19295	0.184474
388.72	-1.32305	-0.0266281
388.887	-1.42761	-0.257454
389.055	-1.50335	-0.503409
389.222	-1.55026	-0.759616
389.39	-1.57159	-1.02147
389.557	-1.57329	-1.28516
389.725	-1.56291	-1.54801
389.893	-1.54844	-1.80867
390.06	-1.53732	-2.06709
390.228	-1.53581	-2.32437
390.395	-1.5487	-2.58255
390.563	-1.57918	-2.84433
390.73	-1.62878	-3.11281
390.898	-1.69708	2.89199
391.065	-1.78121	2.60079
391.233	-1.87523	2.29455
391.401	-1.96937	1.97238
391.568	-2.04983	1.63536
391.736	-2.09966	1.28718
391.903	-2.10118	0.934462
392.071	-2.03981	0.586594
392.238	-1.90785	0.254875
392.406	-1.70649	-0.0488417
392.573	-1.44495	-0.313605
392.741	-1.13742	-0.530477
392.909	-0.799486	-0.693062
393.076	-0.445579	-0.7975
393.244	-0.0880255	-0.842177
393.411	0.262633	-0.827384
393.579	0.596688	-0.755094
393.746	0.904324	-0.628906
393.914	1.17518	-0.454106
394.081	1.39877	-0.237742
394.249	1.56592	0.011468
394.416	1.67069	0.283509
394.584	1.71216	0.567776
394.752	1.69496	0.853974
394.919	1.62824	1.13299
395.087	1.52352	1.39748
395.254	1.39218	1.64205
395.422	1.24364	1.86305
395.589	1.08453	2.05821
395.757	0.918589	2.2261
395.924	0.747173	2.36573
396.092	0.569894	2.47616
396.26	0.385247	2.55629
396.427	0.191107	2.60472
396.595	-0.0149033	2.61967
396.762	-0.235165	2.59893
396.93	-0.471835	2.53995
397.097	-0.726547	2.43981
397.265	-0.999894	2.29543
397.432	-1.29053	2.10377
397.6	-1.59375	1.86226
397.768	-1.89974	1.56953
397.935	-2.19204	1.22641
398.103	-2.44776	0.837012
398.27	-2.64126	0.409636
398.438	-2.75172	-0.0434195
398.605	-2.77171	-0.507385
398.773	-2.71157	-0.967725
398.94	-2.59597	-1.41293
399.108	-2.45514	-1.83624
399.275	-2.3162	-2.23578
399.443	-2.19815	-2.61359
399.611	-2.11091	-2.97412
399.778	-2.05649	2.96038
399.946	-2.03064	2.61832
400.113	-2.02418	2.27881
400.281	-2.02402	1.93965
400.448	-2.01439	1.60109
400.616	-1.97869	1.26609
400.783	-1.9021	0.940314
400.951	-1.77446	0.631551
401.119	-1.59235	0.348742
401.286	-1.35945	0.100797
401.454	-1.08516	-0.104497
401.621	-0.782168	-0.261239
401.789	-0.464115	-0.365764
401.956	-0.144117	-0.416659
402.124	0.165822	-0.414622
402.291	0.45477	-0.362266
402.459	0.712686	-0.263962
402.627	0.930464	-0.125687
402.794	1.1004	0.0451638
402.962	1.217	0.240077
403.129	1.27783	0.449864
403.297	1.2839	0.665217
403.464	1.23941	0.877274
403.632	1.15076	1.07808
403.799	1.02523	1.26084
403.967	0.869684	1.41996
404.134	0.689761	1.55091
404.302	0.489504	1.64997
404.47	0.271467	1.71396
404.637	0.0371246	1.74003
404.805	-0.212543	1.72554
404.972	-0.476323	1.66802
405.14	-0.75193	1.56526
405.307	-1.03505	1.41562
405.475	-1.31838	1.21839
405.642	-1.59094	0.974417
405.81	-1.83832	0.686664
405.978	-2.04437	0.360702
406.145	-2.1948	0.0047081
406.313	-2.28166	-0.371214
406.48	-2.30665	-0.756408
406.648	-2.28149	-1.14137
406.815	-2.22473	-1.51917
406.983	-2.15698	-1.88627
407.15	-2.09664	-2.24241
407.318	-2.05741	-2.59005
407.486	-2.04746	-2.9335
407.653	-2.06946	3.00523
407.821	-2.12068	2.65456
407.988	-2.19287	2.2934
408.156	-2.27187	1.91933
408.323	-2.3381	1.5328
408.491	-2.3685	1.13783
408.658	-2.34081	0.742359
408.826	-2.23916	0.357569
408.993	-2.05849	-0.00355463
409.161	-1.80534	-0.328173
409.329	-1.49458	-0.605306
409.496	-1.14429	-0.826807
409.664	-0.771373	-0.987505
409.831	-0.389466	-1.0848
409.999	-0.00892416	-1.1181
410.166	0.361965	-1.08833
410.334	0.715364	-0.997776
410.501	1.04248	-0.850076
410.669	1.33282	-0.650489
410.837	1.57464	-0.406153
411.004	1.75662	-0.126169
411.172	1.87064	0.178689
411.339	1.91452	0.496756
411.507	1.89319	0.816596
411.674	1.81769	1.12814
411.842	1.70228	1.42348
412.009	1.56114	1.69715
412.177	1.40596	1.94585
412.345	1.2448	2.16796
412.512	1.08212	2.3629
412.68	0.919526	2.53059
412.847	0.756582	2.67102
413.015	0.591666	2.78402
413.182	0.422559	2.86906
413.35	0.246854	2.92525
413.517	0.0621833	2.95128
413.685	-0.133691	2.94546
413.852	-0.342856	2.90574
414.02	-0.567231	2.82972
414.188	-0.80845	2.71471
414.355	-1.06751	2.5578
414.523	-1.344	2.35601
414.69	-1.63473	2.10662
414.858	-1.93182	1.80784
415.025	-2.22064	1.45971
415.193	-2.47897	1.06539
415.36	-2.67942	0.632236
415.528	-2.79642	0.172188
415.696	-2.81592	-0.299373
415.863	-2.74216	-0.766194
416.031	-2.59654	-1.21425
416.198	-2.40914	-1.63397
416.366	-2.20878	-2.02085
416.533	-2.01668	-2.37462
416.701	-1.84494	-2.6978
416.868	-1.69798	-2.99426
417.036	-1.57497	3.01505
417.204	-1.47197	2.76003
417.371	-1.38353	2.52097
417.539	-1.30372	2.29592
417.706	-1.22678	2.08393
417.874	-1.14761	1.88495
418.041	-1.06217	1.69971
418.209	-0.967726	1.52952
418.376	-0.863132	1.376
418.544	-0.748844	1.24083
418.711	-0.626866	1.12549
418.879	-0.500515	1.03101
419.047	-0.374071	0.95777
419.214	-0.25238	0.90539
419.382	-0.140439	0.872652
419.549	-0.0430289	0.857516
419.717	0.0355916	0.857182
419.884	0.0919063	0.868195
420.052	0.123279	0.886585
420.219	0.128011	0.908016
420.387	0.105336	0.927949
420.555	0.0553751	0.941789
420.722	-0.0209274	0.945033
420.89	-0.121838	0.933401
421.057	-0.244832	0.90297
421.225	-0.386535	0.85031
421.392	-0.542624	0.772635
421.56	-0.707732	0.667969
421.727	-0.875441	0.535324
421.895	-1.03846	0.374867
422.063	-1.18908	0.188027
422.23	-1.32002	-0.0224955
422.398	-1.42544	-0.252886
422.565	-1.50202	-0.498548
422.733	-1.54965	-0.754594
422.9	-1.57153	-1.0164
423.068	-1.57357	-1.28011
423.235	-1.5633	-1.54302
423.403	-1.54873	-1.80374
423.57	-1.5373	-2.06218
423.738	-1.53532	-2.31942
423.906	-1.54761	-2.57747
424.073	-1.57739	-2.83901
424.241	-1.6262	-3.10712
424.408	-1.69368	2.89818
424.576	-1.77702	2.60761
424.743	-1.87037	2.30213
424.911	-1.96408	1.98082
425.078	-2.0445	1.6447
425.246	-2.09478	1.29738
425.414	-2.09733	0.945402
425.581	-2.03748	0.598057
425.749	-1.90737	0.266576
425.916	-1.70792	-0.0372204
426.084	-1.44813	-0.302373
426.251	-1.14205	-0.519905
426.419	-0.805219	-0.683363
426.586	-0.452101	-0.788831
426.754	-0.0950927	-0.83465
426.921	0.255194	-0.821074
427.089	0.589006	-0.750053
427.257	0.896511	-0.625165
427.424	1.16736	-0.451676
427.592	1.39111	-0.236611
427.759	1.5586	0.0113408
427.927	1.66388	0.282196
428.094	1.706	0.565374
428.262	1.68948	0.850597
428.429	1.6234	1.12875
428.597	1.51917	1.39247
428.765	1.3881	1.63634
428.932	1.23961	1.85666
429.1	1.0803	2.05113
429.267	0.913929	2.21828
429.435	0.741878	2.35708
429.602	0.563771	2.46655
429.77	0.378117	2.54558
429.937	0.182802	2.59272
430.105	-0.0245464	2.60617
430.273	-0.246296	2.58369
430.44	-0.484576	2.52271
430.608	-0.740961	2.4203
430.775	-1.01592	2.27337
430.943	-1.3079	2.0789
431.11	-1.61185	1.83441
431.278	-1.91748	1.53866
431.445	-2.20783	1.1927
431.613	-2.4597	0.800953
431.78	-2.64764	0.372024
431.948	-2.75169	-0.0815674
432.116	-2.76582	-0.54502
432.283	-2.70166	-1.004
432.451	-2.58457	-1.44739
432.618	-2.44476	-1.86884
432.786	-2.30878	-2.26687
432.953	-2.19492	-2.64377
433.121	-2.11246	-3.00416
433.288	-2.06287	2.92967
433.456	-2.04142	2.58617
433.624	-2.03844	2.24455
433.791	-2.04035	1.9028
433.959	-2.03092	1.56145
434.126	-1.99325	1.22382
434.294	-1.91254	0.895921
434.461	-1.77903	0.585881
434.629	-1.59	0.302877
434.796	-1.34999	0.0559248
434.964	-1.06908	-0.147218
435.132	-0.760395	-0.300774
435.299	-0.43775	-0.401251
435.467	-0.114234	-0.447419
435.634	0.198244	-0.440149
435.802	0.488836	-0.382211
435.969	0.747529	-0.278122
436.137	0.9652	-0.134006
436.304	1.13413	0.042593
436.472	1.24886	0.243012
436.639	1.30711	0.45793
436.807	1.31016	0.67794
436.975	1.26253	0.894134
437.142	1.17097	1.09856
437.31	1.04298	1.2845
437.477	0.88561	1.44643
437.645	0.704518	1.57994
437.812	0.503698	1.68142
437.98	0.285587	1.74777
438.147	0.0514834	1.77623
438.315	-0.197848	1.76417
438.483	-0.461461	1.70913
438.65	-0.737394	1.60884
438.818	-1.02171	1.46155
438.985	-1.30749	1.26638
439.153	-1.58408	1.02391
439.32	-1.83713	0.736858
439.488	-2.05018	0.410522
439.655	-2.20808	0.052928
439.823	-2.30172	-0.325805
439.991	-2.33167	-0.714808
440.158	-2.30897	-1.1042
440.326	-2.25217	-1.48664
440.493	-2.18236	-1.85819
440.661	-2.11871	-2.21831
440.828	-2.07561	-2.56933
440.996	-2.06177	-2.9155
441.163	-2.08025	3.02113
441.331	-2.12856	2.66891
441.498	-2.19855	2.30662
441.666	-2.27618	1.93173
441.834	-2.34186	1.54453
442.001	-2.37248	1.14892
442.169	-2.34559	0.752725
442.336	-2.24504	0.367044
442.504	-2.06548	0.00483956
442.671	-1.81319	-0.321027
442.839	-1.50295	-0.599525
443.006	-1.15283	-0.822446
443.174	-0.779812	-0.984569
443.342	-0.397631	-1.08326
443.509	-0.0167095	-1.11789
443.677	0.354635	-1.08939
443.844	0.708569	-1.00002
444.012	1.03633	-0.853409
444.179	1.32746	-0.654789
444.347	1.57024	-0.411273
444.514	1.7533	-0.131938
444.682	1.86848	0.172462
444.85	1.91346	0.490262
445.017	1.89303	0.810003
445.185	1.81814	1.12157
445.352	1.70301	1.41702
445.52	1.56185	1.69081
445.687	1.40638	1.93961
445.855	1.24472	2.16175
446.022	1.0814	2.35663
446.19	0.918045	2.52413
446.357	0.75426	2.66425
446.525	0.588427	2.77678
446.693	0.418328	2.86119
446.86	0.241548	2.91659
447.028	0.0557069	2.94163
447.195	-0.141451	2.93462
447.363	-0.352029	2.89348
447.53	-0.577953	2.8158
447.698	-0.820844	2.69886
447.865	-1.08164	2.53973
448.033	-1.35977	2.33542
448.201	-1.65181	2.08328
448.368	-1.94944	1.78157
448.536	-2.23752	1.43053
448.703	-2.49336	1.03356
448.871	-2.68944	0.598342
449.038	-2.80072	0.137084
449.206	-2.8143	-0.334693
449.373	-2.73581	-0.800822
449.541	-2.58761	-1.24756
449.709	-2.40003	-1.66574
449.876	-2.20153	-2.05123
450.044	-2.01273	-2.40404
450.211	-1.84515	-2.7269
450.379	-1.70275	-3.02377
450.546	-1.58436	2.98434
450.714	-1.4858	2.72738
450.881	-1.4014	2.48565
451.049	-1.32499	2.25732
451.216	-1.25058	2.04154
451.384	-1.17286	1.83843
451.552	-1.08756	1.64893
451.719	-0.991864	1.47457
451.887	-0.884578	1.31721
452.054	-0.766257	1.17876
452.222	-0.639106	1.06093
452.389	-0.506724	0.964892
452.557	-0.373725	0.891159
452.724	-0.2453	0.839401
452.892	-0.126771	0.808405
453.06	-0.0232026	0.796083
453.227	0.0609197	0.799542
453.395	0.121918	0.815204
453.562	0.157064	0.838951
453.73	0.16463	0.866294
453.897	0.143879	0.892536
454.065	0.0949978	0.912935
454.232	0.019021	0.922855
454.4	-0.0822309	0.917896
454.568	-0.206166	0.894031
454.735	-0.349377	0.847731
454.903	-0.507545	0.776116
455.07	-0.675341	0.677111
455.238	-0.846389	0.549624
455.405	-1.01341	0.393708
455.573	-1.16864	0.210686
455.74	-1.30462	0.00317025
455.908	-1.4152	-0.225073
456.075	-1.49667	-0.469436
456.243	-1.54851	-0.724951
456.411	-1.57355	-0.986845
456.578	-1.57749	-1.25107
456.746	-1.56781	-1.51471
456.913	-1.55259	-1.77614
457.081	-1.53943	-2.0351
457.248	-1.53484	-2.29249
457.416	-1.5438	-2.55019
457.583	-1.56972	-2.81077
457.751	-1.61432	-3.07726
457.919	-1.67743	2.93041
458.086	-1.75656	2.64292
458.254	-1.8463	2.34118
458.421	-1.93761	2.02412
458.589	-2.01755	1.69251
458.756	-2.06993	1.34957
458.924	-2.07746	1.00138
459.091	-2.02521	0.65676
459.259	-1.90441	0.326571
459.427	-1.71476	0.0224472
459.594	-1.46405	-0.244629
459.762	-1.16557	-0.46549
459.929	-0.834572	-0.633401
460.097	-0.485673	-0.744161
460.264	-0.131602	-0.795866
460.432	0.216685	-0.788586
460.599	0.549196	-0.724135
460.767	0.856018	-0.605983
460.934	1.12687	-0.43929
461.102	1.35145	-0.230952
461.27	1.52071	0.0104894
461.437	1.62869	0.275211
461.605	1.67417	0.552768
461.772	1.66126	0.832961
461.94	1.5985	1.10667
462.107	1.49683	1.36645
462.275	1.36727	1.60671
462.442	1.21907	1.82359
462.61	1.05882	2.01456
462.778	0.890356	2.17795
462.945	0.715137	2.31254
463.113	0.53289	2.4172
463.28	0.342198	2.49065
463.448	0.141007	2.53129
463.615	-0.0729984	2.53718
463.783	-0.302099	2.50598
463.95	-0.548247	2.43499
464.118	-0.81265	2.32124
464.286	-1.09509	2.16166
464.453	-1.39279	1.95342
464.621	-1.69892	1.69445
464.788	-2.00083	1.38432
464.956	-2.27931	1.02526
465.123	-2.51014	0.623183
465.291	-2.66958	0.188113
465.458	-2.74266	-0.266548
465.626	-2.73011	-0.726145
465.793	-2.64929	-1.17758
465.961	-2.52807	-1.61167
466.129	-2.39567	-2.02413
466.296	-2.27568	-2.41518
466.464	-2.18299	-2.78826
466.631	-2.12383	3.13459
466.799	-2.09713	2.7814
466.966	-2.09582	2.43041
467.134	-2.10784	2.07833
467.301	-2.11719	1.72421
467.469	-2.10553	1.37003
467.637	-2.05496	1.02082
467.804	-1.9514	0.684375
467.972	-1.78776	0.370272
468.139	-1.56526	0.088591
468.307	-1.2924	-0.151432
468.474	-0.98224	-0.342411
468.642	-0.649409	-0.479318
468.809	-0.307967	-0.559552
468.977	0.0294644	-0.582746
469.145	0.351602	-0.550534
469.312	0.648016	-0.46636
469.48	0.908773	-0.335374
469.647	1.12459	-0.16434
469.815	1.28762	0.0385265
469.982	1.39263	0.263898
470.15	1.43814	0.501871
470.317	1.42676	0.742638
470.485	1.36466	0.977144
470.652	1.26012	1.19757
470.82	1.12184	1.39753
470.988	0.95745	1.57205
471.155	0.772721	1.71725
471.323	0.571339	1.83006
471.49	0.355155	1.90788
471.658	0.124688	1.94828
471.825	-0.120264	1.94885
471.993	-0.379947	1.90715
472.16	-0.653895	1.82073
472.328	-0.940028	1.68735
472.496	-1.23358	1.5053
472.663	-1.52597	1.27403
472.831	-1.80413	0.994735
472.998	-2.05098	0.671203
473.166	-2.24806	0.310232
473.333	-2.38036	-0.0784942
473.501	-2.4417	-0.483447
473.668	-2.438	-0.893062
473.836	-2.38607	-1.29772
474.003	-2.30866	-1.69122
474.171	-2.22856	-2.07122
474.339	-2.16417	-2.43891
474.506	-2.12761	-2.79801
474.674	-2.12439	3.12944
474.841	-2.15377	2.77145
475.009	-2.20893	2.40625
475.176	-2.27697	2.0305
475.344	-2.33918	1.64355
475.511	-2.37275	1.24823
475.679	-2.35454	0.851332
475.847	-2.26648	0.463141
476.014	-2.10056	0.0961994
476.182	-1.86055	-0.236607
476.349	-1.5596	-0.523864
476.517	-1.21534	-0.756814
476.684	-0.845197	-0.929688
476.852	-0.463716	-1.03942
477.019	-0.082111	-1.08508
477.187	0.29075	-1.06742
477.355	0.646795	-0.988585
477.522	0.977308	-0.852101
477.69	1.27209	-0.663079
477.857	1.51968	-0.428455
478.025	1.70882	-0.157099
478.192	1.83108	0.14043
478.36	1.88347	0.452586
478.527	1.86991	0.767892
478.695	1.80043	1.07607
478.862	1.68866	1.36886
479.03	1.54857	1.64036
479.198	1.39197	1.88687
479.365	1.22721	2.10637
479.533	1.05913	2.29794
479.7	0.889605	2.46121
479.868	0.718419	2.59595
480.035	0.544056	2.70178
480.203	0.364317	2.77797
480.37	0.176737	2.82342
480.538	-0.0211685	2.83662
480.706	-0.231776	2.81562
480.873	-0.457279	2.75812
481.041	-0.699552	2.66145
481.208	-0.95984	2.52269
481.376	-1.23809	2.33879
481.543	-1.53173	2.10693
481.711	-1.83392	1.82502
481.878	-2.13152	1.49262
482.046	-2.40397	1.11213
482.214	-2.6249	0.68992
482.381	-2.7682	0.236872
482.549	-2.81735	-0.23242
482.716	-2.77315	-0.701981
482.884	-2.65433	-1.15752
483.051	-2.49028	-1.58893
483.219	-2.31096	-1.99118
483.386	-2.13966	-2.36381
483.554	-1.99045	-2.70944
483.721	-1.86906	-3.03238
483.889	-1.77502	2.94588
484.057	-1.70374	2.65472
484.224	-1.64808	2.37408
484.392	-1.59946	2.10205
484.559	-1.54866	1.83821
484.727	-1.48673	1.58371
484.894	-1.40591	1.34107
485.062	-1.30059	1.11396
485.229	-1.16812	0.906758
485.397	-1.00914	0.724006
485.565	-0.827454	0.569866
485.732	-0.629412	0.44764
485.9	-0.423031	0.359415
486.067	-0.217108	0.305855
486.235	-0.0204525	0.286143
486.402	0.158698	0.298022
486.57	0.313104	0.337938
486.737	0.436842	0.401229
486.905	0.525537	0.482365
487.073	0.576503	0.575227
487.24	0.588741	0.673387
487.408	0.562792	0.770381
487.575	0.500449	0.859946
487.743	0.404406	0.9362
487.91	0.277918	0.993763
488.078	0.124573	1.02783
488.245	-0.0517769	1.03422
488.413	-0.246911	1.00943
488.58	-0.455981	0.950701
488.748	-0.673176	0.856173
488.916	-0.891426	0.725056
489.083	-1.10233	0.557861
489.251	-1.29647	0.356599
489.418	-1.46439	0.124877
489.586	-1.59802	-0.132202
489.753	-1.69243	-0.408426
489.921	-1.74711	-0.697113
490.088	-1.76638	-0.991904
490.256	-1.75849	-1.28751
490.424	-1.73404	-1.58025
490.591	-1.704	-1.86828
490.759	-1.67822	-2.15151
490.926	-1.66456	-2.43134
491.094	-1.66852	-2.7103
491.261	-1.69315	-2.99163
491.429	-1.73908	3.00431
491.596	-1.8042	2.70771
491.764	-1.88326	2.39893
491.932	-1.96724	2.07634
492.099	-2.04306	1.74015
492.267	-2.09425	1.39308
492.434	-2.1029	1.04074
492.602	-2.05325	0.691658
492.769	-1.93553	0.356513
492.937	-1.74852	0.0469429
493.104	-1.49947	-0.225946
493.272	-1.20146	-0.452797
493.439	-0.869866	-0.626686
493.607	-0.519528	-0.743249
493.775	-0.1634	-0.800461
493.942	0.187433	-0.798303
494.11	0.522956	-0.738507
494.277	0.833301	-0.624464
494.445	1.10823	-0.461243
494.612	1.3374	-0.25565
494.78	1.51158	-0.0161529
494.947	1.62445	0.247452
495.115	1.67435	0.524678
495.283	1.66496	0.805211
495.45	1.60455	1.07976
495.618	1.50401	1.34066
495.785	1.37445	1.58214
495.953	1.22533	1.80015
496.12	1.0635	1.99204
496.288	0.892997	2.15606
496.455	0.715447	2.2909
496.623	0.530683	2.3954
496.791	0.337351	2.46826
496.958	0.133431	2.50786
497.126	-0.0833732	2.51225
497.293	-0.315319	2.47908
497.461	-0.564302	2.40563
497.628	-0.83141	2.28896
497.796	-1.11619	2.12603
497.963	-1.41551	1.9141
498.131	-1.72196	1.65128
498.298	-2.02223	1.3374
498.466	-2.29654	0.975066
498.634	-2.52062	0.57063
498.801	-2.67151	0.134504
498.969	-2.73585	-0.319736
499.136	-2.71634	-0.777573
499.304	-2.63175	-1.22634
499.471	-2.51033	-1.65742
499.639	-2.38081	-2.06712
499.806	-2.26585	-2.45607
499.974	-2.17935	-2.82802
