#t	omega	theta
0	0.75	0
0.167552	0.844754	0.134005
0.335103	0.909305	0.28139
0.502655	0.94205	0.436936
0.670206	0.943064	0.595299
0.837758	0.91394	0.751275
1.00531	0.857409	0.900031
1.17286	0.776821	1.03725
1.34041	0.675628	1.1592
1.50796	0.556971	1.26268
1.67552	0.423442	1.34501
1.84307	0.277021	1.40386
2.01062	0.119179	1.4372
2.17817	-0.0489093	1.44322
2.34572	-0.226052	1.42031
2.51327	-0.410675	1.36705
2.68083	-0.60041	1.2824
2.84838	-0.791696	1.16577
3.01593	-0.979451	1.01729
3.18348	-1.15697	0.838118
3.35103	-1.31622	0.630609
3.51858	-1.44861	0.39855
3.68614	-1.54637	0.147114
3.85369	-1.60411	-0.117401
4.02124	-1.62017	-0.388093
4.18879	-1.59706	-0.65813
4.35634	-1.54097	-0.921427
4.52389	-1.46029	-1.17314
4.69145	-1.36399	-1.4099
4.859	-1.26008	-1.62979
5.02655	-1.15486	-1.83209
5.1941	-1.05255	-2.01696
5.36165	-0.955473	-2.1851
5.5292	-0.864429	-2.33748
5.69675	-0.779085	-2.47509
5.86431	-0.698381	-2.59881
6.03186	-0.620835	-2.7093
6.19941	-0.544773	-2.80694
6.36696	-0.46849	-2.89184
6.53451	-0.390347	-2.96383
6.70206	-0.30883	-3.02246
6.86962	-0.222582	-3.06705
7.03717	-0.130397	-3.09671
7.20472	-0.0312053	-3.11036
7.37227	0.0759609	-3.10673
7.53982	0.192013	-3.08441
7.70737	0.317852	-3.04183
7.87493	0.454392	-2.9773
8.04248	0.602557	-2.88892
8.21003	0.763187	-2.77468
8.37758	0.936814	-2.63244
8.54513	1.12324	-2.46003
8.71268	1.32085	-2.25541
8.88024	1.52562	-2.01701
9.04779	1.73002	-1.74418
9.21534	1.92209	-1.43795
9.38289	2.08557	-1.10168
9.55044	2.20174	-0.741714
9.71799	2.25348	-0.367478
9.88554	2.23023	0.00922682
10.0531	2.13158	0.375648
10.2206	1.96727	0.719845
10.3882	1.75366	1.03213
10.5558	1.50861	1.30575
10.7233	1.24741	1.53678
10.8909	0.980829	1.72347
11.0584	0.715001	1.86551
11.226	0.452417	1.96326
11.3935	0.193146	2.0173
11.5611	-0.064012	2.0281
11.7286	-0.320571	1.99588
11.8962	-0.577549	1.92065
12.0637	-0.834683	1.80233
12.2313	-1.0896	1.64106
12.3988	-1.337	1.43762
12.5664	-1.56804	1.19394
12.7339	-1.77048	0.913753
12.9015	-1.93001	0.603042
13.069	-2.03315	0.27016
13.2366	-2.071	-0.0746108
13.4041	-2.04225	-0.420102
13.5717	-1.95393	-0.755635
13.7392	-1.81929	-1.07228
13.9068	-1.65405	-1.36358
14.0743	-1.47276	-1.62567
14.2419	-1.28659	-1.85684
14.4094	-1.10267	-2.05694
14.577	-0.924505	-2.22668
14.7445	-0.752872	-2.36711
14.9121	-0.586765	-2.47928
15.0796	-0.424151	-2.56394
15.2472	-0.262505	-2.62147
15.4147	-0.0991578	-2.65181
15.5823	0.0685052	-2.65445
15.7499	0.242924	-2.62847
15.9174	0.426259	-2.57255
16.085	0.620244	-2.48504
16.2525	0.825913	-2.36405
16.4201	1.04312	-2.20762
16.5876	1.26979	-2.01396
16.7552	1.50096	-1.78185
16.9227	1.72769	-1.51122
17.0903	1.93651	-1.20389
17.2578	2.11017	-0.864254
17.4254	2.23033	-0.499759
17.5929	2.28224	-0.120691
17.7605	2.25953	0.260838
17.928	2.16671	0.632552
18.0956	2.01755	0.983754
18.2631	1.83053	1.30653
18.4307	1.62376	1.59607
18.5982	1.41149	1.85035
18.7658	1.20296	2.06929
18.9333	1.00282	2.25394
19.1009	0.81226	2.40587
19.2684	0.630279	2.52662
19.436	0.454644	2.61744
19.6035	0.28258	2.67917
19.7711	0.111182	2.71217
19.9386	-0.0623626	2.71631
20.1062	-0.240657	2.691
20.2737	-0.426015	2.63527
20.4413	-0.620332	2.54774
20.6088	-0.824852	2.42682
20.7764	-1.03972	2.27075
20.944	-1.26328	2.07791
21.1115	-1.4911	1.84718
21.2791	-1.71487	1.57846
21.4466	-1.92178	1.27345
21.6142	-2.09499	0.936343
21.7817	-2.21606	0.574331
21.9493	-2.26946	0.197529
22.1168	-2.24746	-0.18194
22.2844	-2.15298	-0.551535
22.4519	-1.99859	-0.900054
22.6195	-1.80214	-1.21892
22.787	-1.58173	-1.50263
22.9546	-1.35193	-1.74845
23.1221	-1.12242	-1.95569
23.2897	-0.898227	-2.12487
23.4572	-0.680827	-2.25707
23.6248	-0.469367	-2.35336
23.7923	-0.261679	-2.41457
23.9599	-0.0550099	-2.4411
24.1274	0.1535	-2.4329
24.295	0.36647	-2.38941
24.4625	0.585964	-2.30973
24.6301	0.813084	-2.19263
24.7976	1.0474	-2.03685
24.9652	1.28612	-1.84139
25.1327	1.52318	-1.60595
25.3003	1.74836	-1.33162
25.4678	1.94731	-1.02153
25.6354	2.103	-0.68149
25.8029	2.19917	-0.320146
25.9705	2.22495	0.0515094
26.1381	2.17871	0.421401
26.3056	2.0688	0.778032
26.4732	1.91076	1.11197
26.6407	1.72263	1.41666
26.8083	1.52059	1.68846
26.9758	1.31656	1.92611
27.1434	1.11773	2.12994
27.3109	0.927276	2.30114
27.4785	0.745521	2.44116
27.646	0.571006	2.55137
27.8136	0.401339	2.63278
27.9811	0.233749	2.68598
28.1487	0.0654101	2.71107
28.3162	-0.106377	2.7077
28.4838	-0.284092	2.67509
28.6513	-0.46991	2.61205
28.8189	-0.665557	2.51707
28.9864	-0.872025	2.38841
29.154	-1.08908	2.22426
29.3215	-1.31446	2.02299
29.4891	-1.5429	1.7836
29.6566	-1.76504	1.5063
29.8242	-1.96696	1.19325
29.9917	-2.13109	0.849272
30.1593	-2.23916	0.482252
30.3268	-2.277	0.102862
30.4944	-2.23924	-0.276534
30.6619	-2.13136	-0.643581
30.8295	-1.9677	-0.987637
30.997	-1.76675	-1.30088
31.1646	-1.54611	-1.57859
31.3322	-1.31936	-1.81866
31.4997	-1.09506	-2.02086
31.6673	-0.87731	-2.18599
31.8348	-0.666938	-2.31526
32.0024	-0.462694	-2.40983
32.1699	-0.262202	-2.47052
32.3375	-0.0626102	-2.49774
32.505	0.138989	-2.49139
32.6726	0.345268	-2.45091
32.8401	0.558406	-2.37531
33.0077	0.779743	-2.26332
33.1752	1.00927	-2.11355
33.3428	1.24489	-1.92476
33.5103	1.48142	-1.69633
33.6779	1.7097	-1.42879
33.8454	1.91624	-1.12461
34.013	2.08419	-0.788804
34.1805	2.19632	-0.429313
34.3481	2.23959	-0.0566716
34.5156	2.2095	0.317064
34.6832	2.11191	0.679954
34.8507	1.96104	1.02179
35.0183	1.77493	1.33514
35.1858	1.57073	1.61557
35.3534	1.36172	1.86123
35.5209	1.1563	2.07209
35.6885	0.958576	2.24915
35.856	0.769461	2.3938
36.0236	0.587813	2.50742
36.1911	0.411368	2.59107
36.3587	0.237365	2.6454
36.5263	0.0629282	2.67059
36.6938	-0.114718	2.66631
36.8614	-0.298121	2.63182
37.0289	-0.489491	2.56597
37.1965	-0.690515	2.46725
37.364	-0.902037	2.33398
37.5316	-1.1235	2.16442
37.6991	-1.35212	1.95709
37.8667	-1.58181	1.71125
38.0342	-1.80228	1.42753
38.2018	-1.99874	1.10864
38.3693	-2.15324	0.760086
38.5369	-2.24814	0.390417
38.7044	-2.27102	0.0107673
38.872	-2.21895	-0.366401
39.0395	-2.09973	-0.729044
39.2071	-1.92905	-1.06715
39.3746	-1.72554	-1.37364
39.5422	-1.50608	-1.6445
39.7097	-1.28314	-1.87815
39.8773	-1.06421	-2.07471
40.0448	-0.852588	-2.23518
40.2124	-0.648554	-2.36084
40.3799	-0.450558	-2.45286
40.5475	-0.256079	-2.51202
40.715	-0.062221	-2.5387
40.8826	0.133923	-2.53275
41.0501	0.335026	-2.49355
41.2177	0.543301	-2.42008
41.3852	0.760204	-2.311
41.5528	0.985964	-2.16483
41.7204	1.21887	-1.9802
41.8879	1.45431	-1.75624
42.0555	1.68384	-1.49317
42.223	1.89456	-1.19302
42.3906	2.06991	-0.860273
42.5581	2.1922	-0.502355
42.7257	2.24707	-0.129441
42.8932	2.22815	0.246504
43.0608	2.1395	0.613308
43.2283	1.99422	0.960284
43.3959	1.81018	1.27941
43.5634	1.6051	1.56571
43.731	1.39311	1.81691
43.8985	1.18348	2.03269
44.0661	0.981002	2.21391
44.2336	0.787009	2.36191
44.4012	0.600615	2.47806
44.5687	0.419667	2.56348
44.7363	0.241426	2.61884
44.9038	0.0629913	2.64437
45.0714	-0.118455	2.63978
45.2389	-0.305501	2.60436
45.4065	-0.500373	2.53697
45.574	-0.704732	2.43615
45.7416	-0.91932	2.30024
45.9091	-1.14337	2.12755
46.0767	-1.37376	1.91673
46.2442	-1.60393	1.66721
46.4118	-1.82301	1.37986
46.5793	-2.01577	1.05777
46.7469	-2.16414	0.706852
46.9145	-2.25099	0.336012
47.082	-2.26503	-0.0433754
47.2496	-2.20482	-0.418838
47.4171	-2.07942	-0.778563
47.5847	-1.90518	-1.11293
47.7522	-1.70069	-1.41531
47.9198	-1.48232	-1.68207
48.0873	-1.26188	-1.91193
48.2549	-1.04626	-2.10521
48.4224	-0.838289	-2.26297
48.59	-0.637972	-2.38655
48.7575	-0.443603	-2.47709
48.9251	-0.252595	-2.53539
49.0926	-0.0620377	-2.56176
49.2602	0.130967	-2.55604
49.4277	0.329084	-2.51759
49.5953	0.534537	-2.44535
49.7628	0.748839	-2.33797
49.9304	0.97234	-2.1939
50.0979	1.20354	-2.0117
50.2655	1.43817	-1.79039
50.433	1.66816	-1.53001
50.6006	1.88102	-1.23233
50.7681	2.06038	-0.901546
50.9357	2.18838	-0.544767
51.1032	2.24996	-0.171938
51.2708	2.2377	0.205057
51.4383	2.15453	0.573943
51.6059	2.01286	0.92377
51.7734	1.83036	1.24618
51.941	1.62501	1.53586
52.1086	1.41144	1.79027
52.2761	1.19944	2.00893
52.4437	0.994204	2.1926
52.6112	0.797344	2.34257
52.7788	0.608136	2.46022
52.9463	0.424499	2.54667
53.1139	0.243715	2.60263
53.2814	0.0628747	2.62833
53.449	-0.120863	2.62354
53.6165	-0.310106	2.58753
53.7841	-0.507088	2.51919
53.9516	-0.713447	2.41707
54.1192	-0.929858	2.27954
54.2867	-1.15542	2.10496
54.4543	-1.38679	1.89203
54.6218	-1.61712	1.64029
54.7894	-1.83521	1.3508
54.9569	-2.02555	1.02685
55.1245	-2.17007	0.674592
55.292	-2.25196	0.303162
55.4596	-2.26068	-0.0759425
55.6271	-2.19568	-0.450263
55.7947	-2.06674	-0.808138
55.9622	-1.89055	-1.14019
56.1298	-1.68564	-1.44007
56.2973	-1.46805	-1.70435
56.4649	-1.2492	-1.93196
56.6324	-1.03561	-2.12327
56.8	-0.829857	-2.27943
56.9675	-0.631781	-2.40179
57.1351	-0.439589	-2.49148
57.3027	-0.250662	-2.54928
57.4702	-0.0620846	-2.57549
57.6378	0.129035	-2.56994
57.8053	0.325352	-2.53196
57.9729	0.529098	-2.4605
58.1404	0.741813	-2.35416
58.308	0.963921	-2.21139
58.4755	1.19405	-2.03069
58.6431	1.42811	-1.81103
58.8106	1.6583	-1.55233
58.9782	1.87236	-1.25622
59.1457	2.05407	-0.926703
59.3133	2.18549	-0.570707
59.4808	2.25117	-0.198024
59.6484	2.24303	0.179524
59.8159	2.16334	0.549607
59.9835	2.024	0.901123
60.151	1.84257	1.2255
60.3186	1.63715	1.51724
60.4861	1.42268	1.77362
60.6537	1.20926	1.99405
60.8212	1.00234	2.17922
60.9888	0.803711	2.33041
61.1563	0.612758	2.44898
61.3239	0.427447	2.53606
61.4914	0.245075	2.59238
61.659	0.0627292	2.61819
61.8265	-0.122444	2.61324
61.9941	-0.313066	2.57685
62.1616	-0.511369	2.5079
62.3292	-0.718978	2.40497
62.4967	-0.936521	2.26641
62.6643	-1.16301	2.09063
62.8319	-1.39497	1.87637
62.9994	-1.62535	1.62325
63.167	-1.84275	1.33243
63.3345	-2.0315	1.00734
63.5021	-2.17354	0.654279
63.6696	-2.25229	0.282525
63.8372	-2.25768	-0.0963544
64.0047	-2.18971	-0.469914
64.1723	-2.05861	-0.826595
64.3398	-1.88127	-1.15718
64.5074	-1.67616	-1.45547
64.6749	-1.45912	-1.71821
64.8425	-1.24129	-1.94439
65.01	-1.02899	-2.13448
65.1776	-0.824636	-2.28966
65.3451	-0.627965	-2.41125
65.5127	-0.437137	-2.50042
65.6802	-0.249511	-2.55792
65.8478	-0.0621711	-2.58405
66.0153	0.127768	-2.57861
66.1829	0.322957	-2.54094
66.3504	0.525628	-2.46996
66.518	0.737341	-2.36429
66.6855	0.958561	-2.22234
66.8531	1.188	-2.04261
67.0206	1.42168	-1.824
67.1882	1.65196	-1.56638
67.3557	1.86674	-1.27128
67.5233	2.0499	-0.942592
67.6908	2.18345	-0.587125
67.8584	2.25172	-0.21457
68.026	2.24621	0.163292
68.1935	2.16875	0.534104
68.3611	2.03096	0.886667
68.5286	1.85025	1.21229
68.6962	1.64483	1.50532
68.8637	1.42981	1.76295
69.0313	1.2155	1.9845
69.1988	1.00751	2.17062
69.3664	0.807765	2.32258
69.5339	0.615699	2.44174
69.7015	0.429318	2.52923
69.869	0.24593	2.58577
70.0366	0.0626182	2.61164
70.2041	-0.123477	2.6066
70.3717	-0.314982	2.56996
70.5392	-0.514132	2.50062
70.7068	-0.72254	2.39715
70.8743	-0.940805	2.25794
71.0419	-1.16788	2.08139
71.2094	-1.4002	1.86628
71.377	-1.63059	1.61228
71.5445	-1.84752	1.32061
71.7121	-2.03523	0.994796
71.8796	-2.17565	0.64124
72.0472	-2.25238	0.269297
72.2147	-2.25564	-0.109418
72.3823	-2.18579	-0.482473
72.5498	-2.05334	-0.838375
72.7174	-1.87529	-1.168
72.8849	-1.67008	-1.46528
73.0525	-1.4534	-1.72702
73.2201	-1.23624	-1.9523
73.3876	-1.02478	-2.14162
73.5552	-0.821317	-2.29616
73.7227	-0.625546	-2.41727
73.8903	-0.435588	-2.50611
74.0578	-0.248794	-2.56342
74.2254	-0.0622444	-2.58949
74.3929	0.126941	-2.58413
74.5605	0.321407	-2.54666
74.728	0.52339	-2.476
74.8956	0.734459	-2.37076
75.0631	0.955108	-2.22935
75.2307	1.18409	-2.05023
75.3982	1.41753	-1.8323
75.5658	1.64784	-1.57538
75.7333	1.86307	-1.28093
75.9009	2.04715	-0.952791
76.0684	2.18206	-0.597676
76.236	2.25198	-0.225218
76.4035	2.24817	0.152832
76.5711	2.17217	0.5241
76.7386	2.03538	0.877328
76.9062	1.85516	1.20374
77.0737	1.64975	1.4976
77.2413	1.43439	1.75603
77.4088	1.21952	1.9783
77.5764	1.01085	2.16505
77.7439	0.810383	2.31751
77.9115	0.617598	2.43704
78.079	0.430526	2.52479
78.2466	0.24648	2.58148
78.4142	0.062543	2.60739
78.5817	-0.124148	2.60228
78.7493	-0.316226	2.56548
78.9168	-0.515924	2.49589
79.0844	-0.724848	2.39208
79.2519	-0.943578	2.25244
79.4195	-1.17103	2.07539
79.587	-1.40357	1.85973
79.7546	-1.63396	1.60516
79.9221	-1.85058	1.31295
80.0897	-2.03761	0.986673
80.2572	-2.17698	0.632802
80.4248	-2.25239	0.260745
80.5923	-2.25427	-0.117855
80.7599	-2.18322	-0.490575
80.9274	-2.0499	-0.845968
81.095	-1.87141	-1.17498
81.2625	-1.66614	-1.47159
81.4301	-1.44971	-1.73269
81.5976	-1.23299	-1.95739
81.7652	-1.02206	-2.1462
81.9327	-0.819181	-2.30034
82.1003	-0.623991	-2.42115
82.2678	-0.434595	-2.50977
82.4354	-0.248337	-2.56696
82.6029	-0.0622974	-2.593
82.7705	0.126401	-2.58768
82.938	0.320402	-2.55034
83.1056	0.52194	-2.47989
83.2731	0.732593	-2.37493
83.4407	0.952871	-2.23386
83.6083	1.18156	-2.05514
83.7758	1.41483	-1.83765
83.9434	1.64517	-1.58118
84.1109	1.86068	-1.28717
84.2785	2.04534	-0.959383
84.446	2.18113	-0.604501
84.6136	2.25212	-0.232112
84.7811	2.24941	0.146055
84.9487	2.17436	0.517613
85.1162	2.03823	0.871267
85.2838	1.85833	1.19818
85.4513	1.65294	1.49258
85.6189	1.43736	1.75153
85.7864	1.22213	1.97427
85.954	1.01302	2.16142
86.1215	0.812082	2.3142
86.2891	0.618832	2.43398
86.4566	0.43131	2.5219
86.6242	0.246837	2.57869
86.7917	0.0624938	2.60462
86.9593	-0.124585	2.59947
87.1268	-0.317034	2.56257
87.2944	-0.517088	2.49281
87.4619	-0.726347	2.38878
87.6295	-0.945378	2.24886
87.797	-1.17307	2.07149
87.9646	-1.40576	1.85547
88.1321	-1.63615	1.60053
88.2997	-1.85256	1.30797
88.4672	-2.03913	0.981396
88.6348	-2.17781	0.627325
88.8024	-2.25238	0.255198
88.9699	-2.25337	-0.123324
89.1375	-2.18153	-0.495825
89.305	-2.04766	-0.850885
89.4726	-1.86889	-1.17949
89.6401	-1.66359	-1.47568
89.8077	-1.44732	-1.73636
89.9752	-1.23088	-1.96068
90.1428	-1.0203	-2.14917
90.3103	-0.8178	-2.30304
90.4779	-0.622986	-2.42365
90.6454	-0.433955	-2.51213
90.813	-0.248043	-2.56924
90.9805	-0.0623335	-2.59526
91.1481	0.12605	-2.58998
91.3156	0.31975	-2.55273
91.4832	0.520999	-2.48241
91.6507	0.731382	-2.37762
91.8183	0.951418	-2.23678
91.9858	1.17992	-2.05832
92.1534	1.41308	-1.84112
92.3209	1.64343	-1.58495
92.4885	1.85912	-1.29121
92.656	2.04416	-0.963656
92.8236	2.18051	-0.608929
92.9911	2.25219	-0.236586
93.1587	2.2502	0.141653
93.3262	2.17577	0.513398
93.4938	2.04007	0.867327
93.6613	1.86038	1.19457
93.8289	1.65501	1.48932
93.9965	1.43929	1.7486
94.164	1.22382	1.97165
94.3316	1.01443	2.15906
94.4991	0.813186	2.31205
94.6667	0.619634	2.43199
94.8342	0.43182	2.52001
95.0018	0.247069	2.57687
95.1693	0.062462	2.60281
95.3369	-0.124869	2.59764
95.5044	-0.31756	2.56067
95.672	-0.517845	2.4908
95.8395	-0.727321	2.38662
96.0071	-0.946547	2.24653
96.1746	-1.1744	2.06895
96.3422	-1.40718	1.8527
96.5097	-1.63756	1.59752
96.6773	-1.85384	1.30473
96.8448	-2.04012	0.977966
97.0124	-2.17835	0.623765
97.1799	-2.25236	0.251594
97.3475	-2.25277	-0.126876
97.515	-2.18043	-0.499233
97.6826	-2.0462	-0.854075
97.8501	-1.86724	-1.18242
98.0177	-1.66193	-1.47833
98.1852	-1.44576	-1.73874
98.3528	-1.22951	-1.96281
98.5203	-1.01916	-2.15109
98.6879	-0.816904	-2.30479
98.8554	-0.622335	-2.42527
99.023	-0.433539	-2.51366
99.1906	-0.247853	-2.57073
99.3581	-0.0623577	-2.59673
99.5257	0.125822	-2.59147
99.6932	0.319325	-2.55427
99.8608	0.520388	-2.48404
100.028	0.730595	-2.37937
100.196	0.950475	-2.23867
100.363	1.17885	-2.06039
100.531	1.41193	-1.84337
100.699	1.6423	-1.58739
100.866	1.8581	-1.29383
101.034	2.04338	-0.966431
101.201	2.1801	-0.611804
101.369	2.25223	-0.239493
101.536	2.25071	0.138793
101.704	2.17668	0.510657
101.871	2.04126	0.864764
102.039	1.86172	1.19222
102.206	1.65635	1.48719
102.374	1.44055	1.7467
102.542	1.22492	1.96995
102.709	1.01534	2.15752
102.877	0.813905	2.31065
103.044	0.620155	2.43069
103.212	0.432152	2.51879
103.379	0.24722	2.57568
103.547	0.0624415	2.60164
103.714	-0.125054	2.59645
103.882	-0.317901	2.55943
104.05	-0.518337	2.4895
104.217	-0.727955	2.38522
104.385	-0.947307	2.24501
104.552	-1.17526	2.06729
104.72	-1.4081	1.8509
104.887	-1.63848	1.59556
105.055	-1.85467	1.30262
105.222	-2.04076	0.975735
105.39	-2.17869	0.62145
105.558	-2.25234	0.249251
105.725	-2.25237	-0.129185
105.893	-2.1797	-0.501447
106.06	-2.04525	-0.856148
106.228	-1.86618	-1.18432
106.395	-1.66085	-1.48005
106.563	-1.44475	-1.74029
106.73	-1.22862	-1.9642
106.898	-1.01842	-2.15234
107.065	-0.816322	-2.30593
107.233	-0.621912	-2.42632
107.401	-0.43327	-2.51466
107.568	-0.24773	-2.57169
107.736	-0.0623736	-2.59768
107.903	0.125673	-2.59244
108.071	0.31905	-2.55527
108.238	0.519991	-2.4851
108.406	0.730084	-2.38051
108.573	0.949861	-2.2399
108.741	1.17816	-2.06173
108.909	1.41119	-1.84483
109.076	1.64156	-1.58897
109.244	1.85744	-1.29554
109.411	2.04288	-0.968234
109.579	2.17983	-0.613673
109.746	2.25226	-0.241383
109.914	2.25103	0.136933
110.081	2.17727	0.508875
110.249	2.04204	0.863097
110.417	1.86258	1.1907
110.584	1.65722	1.48581
110.752	1.44136	1.74546
110.919	1.22564	1.96883
111.087	1.01594	2.15652
111.254	0.814372	2.30974
111.422	0.620495	2.42985
111.589	0.432368	2.51799
111.757	0.247319	2.57491
111.924	0.0624282	2.60088
112.092	-0.125174	2.59568
112.26	-0.318124	2.55863
112.427	-0.518657	2.48865
112.595	-0.728367	2.38431
112.762	-0.947802	2.24402
112.93	-1.17582	2.06622
113.097	-1.4087	1.84972
113.265	-1.63908	1.59429
113.432	-1.8552	1.30125
113.6	-2.04117	0.974283
113.768	-2.17892	0.619945
113.935	-2.25233	0.247728
114.103	-2.25212	-0.130685
114.27	-2.17924	-0.502886
114.438	-2.04463	-0.857494
114.605	-1.86548	-1.18556
114.773	-1.66015	-1.48117
114.94	-1.4441	-1.74129
115.108	-1.22804	-1.9651
115.276	-1.01794	-2.15315
115.443	-0.815944	-2.30667
115.611	-0.621637	-2.42701
115.778	-0.433095	-2.5153
115.946	-0.24765	-2.57231
116.113	-0.0623841	-2.5983
116.281	0.125576	-2.59307
116.448	0.31887	-2.55592
116.616	0.519732	-2.48579
116.783	0.729751	-2.38125
116.951	0.949463	-2.2407
117.119	1.1777	-2.0626
117.286	1.41071	-1.84578
117.454	1.64108	-1.59
117.621	1.85701	-1.29664
117.789	2.04255	-0.969406
117.956	2.17966	-0.614888
118.124	2.25227	-0.242611
118.291	2.25124	0.135723
118.459	2.17765	0.507716
118.627	2.04254	0.862013
118.794	1.86314	1.1897
118.962	1.65779	1.48491
119.129	1.44189	1.74465
119.297	1.2261	1.96811
119.464	1.01633	2.15587
119.632	0.814676	2.30914
119.799	0.620716	2.4293
119.967	0.432509	2.51747
120.135	0.247383	2.57441
120.302	0.0624196	2.60038
120.47	-0.125252	2.59517
120.637	-0.318268	2.55811
120.805	-0.518865	2.48809
120.972	-0.728635	2.38372
121.14	-0.948123	2.24338
121.307	-1.17619	2.06552
121.475	-1.40909	1.84896
121.642	-1.63946	1.59346
121.81	-1.85555	1.30036
121.978	-2.04144	0.973339
122.145	-2.17906	0.618966
122.313	-2.25232	0.246737
122.48	-2.25195	-0.131661
122.648	-2.17893	-0.503821
122.815	-2.04422	-0.85837
122.983	-1.86503	-1.18636
123.15	-1.65969	-1.48189
123.318	-1.44367	-1.74194
123.486	-1.22767	-1.96568
123.653	-1.01763	-2.15368
123.821	-0.815699	-2.30715
123.988	-0.621459	-2.42745
124.156	-0.432982	-2.51572
124.323	-0.247598	-2.57272
124.491	-0.0623909	-2.59871
124.658	0.125514	-2.59347
124.826	0.318754	-2.55635
124.993	0.519565	-2.48623
125.161	0.729535	-2.38173
125.329	0.949203	-2.24122
125.496	1.17741	-2.06316
125.664	1.4104	-1.84639
125.831	1.64077	-1.59067
125.999	1.85673	-1.29736
126.166	2.04233	-0.970168
126.334	2.17954	-0.615678
126.501	2.25228	-0.24341
126.669	2.25138	0.134937
126.837	2.1779	0.506962
127.004	2.04287	0.861308
127.172	1.86351	1.18906
127.339	1.65816	1.48433
127.507	1.44223	1.74413
127.674	1.22641	1.96764
127.842	1.01658	2.15544
128.009	0.814874	2.30876
128.177	0.62086	2.42894
128.345	0.4326	2.51713
128.512	0.247424	2.57408
128.68	0.062414	2.60005
128.847	-0.125302	2.59484
129.015	-0.318362	2.55777
129.182	-0.519001	2.48773
129.35	-0.728809	2.38333
129.517	-0.948332	2.24296
129.685	-1.17642	2.06506
129.852	-1.40934	1.84846
130.02	-1.63972	1.59292
130.188	-1.85578	1.29978
130.355	-2.04161	0.972726
130.523	-2.17915	0.61833
130.69	-2.25231	0.246093
130.858	-2.25184	-0.132295
131.025	-2.17873	-0.504429
131.193	-2.04396	-0.858939
131.36	-1.86473	-1.18688
131.528	-1.65939	-1.48236
131.696	-1.44339	-1.74236
131.863	-1.22742	-1.96606
132.031	-1.01743	-2.15402
132.198	-0.815539	-2.30746
132.366	-0.621343	-2.42774
132.533	-0.432908	-2.516
132.701	-0.247565	-2.57298
132.868	-0.0623953	-2.59897
133.036	0.125473	-2.59374
133.204	0.318678	-2.55662
133.371	0.519455	-2.48653
133.539	0.729395	-2.38204
133.706	0.949035	-2.24156
133.874	1.17722	-2.06353
134.041	1.41019	-1.84679
134.209	1.64056	-1.59111
134.376	1.85654	-1.29783
134.544	2.04219	-0.970663
134.711	2.17947	-0.616191
134.879	2.25229	-0.24393
135.047	2.25147	0.134425
135.214	2.17806	0.506471
135.382	2.04308	0.860849
135.549	1.86375	1.18863
135.717	1.6584	1.48395
135.884	1.44246	1.74379
136.052	1.2266	1.96734
136.219	1.01674	2.15517
136.387	0.815003	2.30851
136.555	0.620953	2.42871
136.722	0.43266	2.51691
136.89	0.247452	2.57387
137.057	0.0624104	2.59984
137.225	-0.125335	2.59463
137.392	-0.318423	2.55754
137.56	-0.519089	2.4875
137.727	-0.728922	2.38308
137.895	-0.948468	2.24269
138.063	-1.17658	2.06476
138.23	-1.40951	1.84814
138.398	-1.63988	1.59257
138.565	-1.85593	1.2994
138.733	-2.04172	0.972326
138.9	-2.17922	0.617916
139.068	-2.25231	0.245674
139.235	-2.25177	-0.132707
139.403	-2.1786	-0.504825
139.57	-2.04379	-0.859309
139.738	-1.86454	-1.18722
139.906	-1.6592	-1.48267
140.073	-1.44321	-1.74264
140.241	-1.22726	-1.96631
140.408	-1.01729	-2.15424
140.576	-0.815435	-2.30766
140.743	-0.621267	-2.42793
140.911	-0.43286	-2.51617
141.078	-0.247543	-2.57315
141.246	-0.0623982	-2.59914
141.414	0.125446	-2.59391
141.581	0.318629	-2.5568
141.749	0.519384	-2.48671
141.916	0.729303	-2.38224
142.084	0.948925	-2.24178
142.251	1.1771	-2.06377
142.419	1.41006	-1.84705
142.586	1.64043	-1.59139
142.754	1.85642	-1.29814
142.922	2.0421	-0.970985
143.089	2.17942	-0.616525
143.257	2.25229	-0.244267
143.424	2.25153	0.134093
143.592	2.17816	0.506153
143.759	2.04322	0.860551
143.927	1.8639	1.18836
144.094	1.65855	1.4837
144.262	1.4426	1.74356
144.429	1.22673	1.96714
144.597	1.01685	2.15499
144.765	0.815087	2.30834
144.932	0.621014	2.42856
145.1	0.432698	2.51677
145.267	0.247469	2.57373
145.435	0.062408	2.59971
145.602	-0.125357	2.59449
145.77	-0.318463	2.5574
145.937	-0.519146	2.48735
146.105	-0.728996	2.38292
146.273	-0.948557	2.24251
146.44	-1.17668	2.06457
146.608	-1.40961	1.84793
146.775	-1.63999	1.59234
146.943	-1.85602	1.29916
147.11	-2.0418	0.972067
147.278	-2.17925	0.617646
147.445	-2.2523	0.245402
147.613	-2.25172	-0.132976
147.781	-2.17852	-0.505082
147.948	-2.04368	-0.859549
148.116	-1.86442	-1.18744
148.283	-1.65907	-1.48287
148.451	-1.44309	-1.74282
148.618	-1.22716	-1.96647
148.786	-1.01721	-2.15439
148.953	-0.815368	-2.3078
149.121	-0.621218	-2.42805
149.288	-0.432828	-2.51629
149.456	-0.247528	-2.57326
149.624	-0.0624001	-2.59925
149.791	0.125429	-2.59402
149.959	0.318597	-2.55692
150.126	0.519338	-2.48684
150.294	0.729244	-2.38237
150.461	0.948854	-2.24192
150.629	1.17701	-2.06392
150.796	1.40997	-1.84722
150.964	1.64034	-1.59157
151.132	1.85635	-1.29833
151.299	2.04204	-0.971195
151.467	2.17939	-0.616742
151.634	2.25229	-0.244487
151.802	2.25157	0.133876
151.969	2.17823	0.505945
152.137	2.0433	0.860357
152.304	1.864	1.18818
152.472	1.65865	1.48354
152.64	1.4427	1.74342
152.807	1.22681	1.96701
152.975	1.01692	2.15487
153.142	0.815141	2.30824
153.31	0.621053	2.42846
153.477	0.432724	2.51668
153.645	0.247481	2.57364
153.812	0.0624065	2.59962
153.98	-0.125371	2.5944
154.147	-0.318489	2.55731
154.315	-0.519183	2.48725
154.483	-0.729044	2.38281
154.65	-0.948614	2.2424
154.818	-1.17674	2.06445
154.985	-1.40968	1.84779
155.153	-1.64006	1.59219
155.32	-1.85609	1.299
155.488	-2.04184	0.971898
155.655	-2.17928	0.617471
155.823	-2.2523	0.245225
155.991	-2.25169	-0.13315
156.158	-2.17846	-0.505249
156.326	-2.04361	-0.859706
156.493	-1.86434	-1.18759
156.661	-1.65899	-1.483
156.828	-1.44302	-1.74293
156.996	-1.22709	-1.96657
157.163	-1.01715	-2.15448
157.331	-0.815324	-2.30788
157.499	-0.621186	-2.42813
157.666	-0.432808	-2.51637
157.834	-0.247519	-2.57334
158.001	-0.0624013	-2.59932
158.169	0.125418	-2.5941
158.336	0.318576	-2.55699
158.504	0.519308	-2.48692
158.671	0.729205	-2.38246
158.839	0.948807	-2.24201
159.006	1.17696	-2.06403
159.174	1.40992	-1.84733
159.342	1.64029	-1.59169
159.509	1.8563	-1.29846
159.677	2.042	-0.971331
159.844	2.17937	-0.616883
160.012	2.2523	-0.24463
160.179	2.25159	0.133736
160.347	2.17828	0.505811
160.514	2.04336	0.860231
160.682	1.86407	1.18807
160.85	1.65872	1.48344
161.017	1.44276	1.74333
161.185	1.22687	1.96692
161.352	1.01696	2.15479
161.52	0.815176	2.30817
161.687	0.621079	2.4284
161.855	0.43274	2.51662
162.022	0.247488	2.57358
162.19	0.0624055	2.59956
162.358	-0.12538	2.59434
162.525	-0.318506	2.55725
162.693	-0.519207	2.48718
162.86	-0.729075	2.38274
163.028	-0.948652	2.24232
163.195	-1.17679	2.06437
163.363	-1.40973	1.8477
163.53	-1.6401	1.5921
163.698	-1.85613	1.29889
163.865	-2.04188	0.971788
164.033	-2.1793	0.617358
164.201	-2.2523	0.24511
164.368	-2.25167	-0.133263
164.536	-2.17843	-0.505358
164.703	-2.04356	-0.859807
164.871	-1.86428	-1.18768
165.038	-1.65894	-1.48309
165.206	-1.44297	-1.74301
165.373	-1.22705	-1.96664
165.541	-1.01711	-2.15454
165.709	-0.815295	-2.30794
165.876	-0.621165	-2.42818
166.044	-0.432795	-2.51641
166.211	-0.247513	-2.57338
166.379	-0.0624021	-2.59937
166.546	0.12541	-2.59414
166.714	0.318562	-2.55704
166.881	0.519289	-2.48697
167.049	0.72918	-2.38251
167.217	0.948777	-2.24207
167.384	1.17693	-2.06409
167.552	1.40988	-1.84741
167.719	1.64025	-1.59177
167.887	1.85626	-1.29855
168.054	2.04198	-0.971419
168.222	2.17935	-0.616975
168.389	2.2523	-0.244723
168.557	2.25161	0.133644
168.724	2.17831	0.505723
168.892	2.0434	0.860149
169.06	1.86411	1.18799
169.227	1.65876	1.48337
169.395	1.4428	1.74326
169.562	1.2269	1.96687
169.73	1.01699	2.15475
169.897	0.815199	2.30812
170.065	0.621096	2.42835
170.232	0.432751	2.51658
170.4	0.247493	2.57354
170.568	0.0624048	2.59952
170.735	-0.125386	2.5943
170.903	-0.318517	2.55721
171.07	-0.519223	2.48714
171.238	-0.729096	2.3827
171.405	-0.948676	2.24228
171.573	-1.17681	2.06431
171.74	-1.40976	1.84765
171.908	-1.64013	1.59203
172.076	-1.85615	1.29883
172.243	-2.0419	0.971717
172.411	-2.17931	0.617284
172.578	-2.2523	0.245035
172.746	-2.25166	-0.133337
172.913	-2.1784	-0.505428
173.081	-2.04353	-0.859874
173.248	-1.86425	-1.18774
173.416	-1.65891	-1.48314
173.583	-1.44293	-1.74306
173.751	-1.22702	-1.96668
173.919	-1.01709	-2.15458
174.086	-0.815277	-2.30797
174.254	-0.621152	-2.42821
174.421	-0.432786	-2.51645
174.589	-0.247509	-2.57341
174.756	-0.0624027	-2.5994
174.924	0.125405	-2.59417
175.091	0.318553	-2.55707
175.259	0.519276	-2.487
175.427	0.729164	-2.38255
175.594	0.948758	-2.24211
175.762	1.17691	-2.06413
175.929	1.40986	-1.84745
176.097	1.64023	-1.59182
176.264	1.85624	-1.2986
176.432	2.04196	-0.971477
176.599	2.17934	-0.617035
176.767	2.2523	-0.244783
176.934	2.25162	0.133585
177.102	2.17832	0.505666
177.27	2.04343	0.860096
177.437	1.86414	1.18794
177.605	1.65879	1.48332
177.772	1.44283	1.74323
177.94	1.22693	1.96683
178.107	1.01701	2.15471
178.275	0.815214	2.30809
178.442	0.621107	2.42833
178.61	0.432757	2.51655
178.778	0.247496	2.57352
178.945	0.0624044	2.5995
179.113	-0.125389	2.59428
179.28	-0.318524	2.55718
179.448	-0.519233	2.48712
179.615	-0.729109	2.38267
179.783	-0.948692	2.24224
179.95	-1.17683	2.06428
180.118	-1.40978	1.84761
180.286	-1.64015	1.59199
180.453	-1.85617	1.29878
180.621	-2.04191	0.97167
180.788	-2.17931	0.617235
180.956	-2.2523	0.244986
181.123	-2.25165	-0.133385
181.291	-2.17839	-0.505474
181.458	-2.04351	-0.859917
181.626	-1.86423	-1.18778
181.793	-1.65888	-1.48318
181.961	-1.44291	-1.74309
182.129	-1.227	-1.96671
182.296	-1.01708	-2.15461
182.464	-0.815265	-2.308
182.631	-0.621143	-2.42824
182.799	-0.432781	-2.51647
182.966	-0.247507	-2.57343
183.134	-0.062403	-2.59942
183.301	0.125402	-2.59419
183.469	0.318548	-2.55709
183.637	0.519268	-2.48702
183.804	0.729153	-2.38257
183.972	0.948745	-2.24214
184.139	1.17689	-2.06416
184.307	1.40984	-1.84748
184.474	1.64021	-1.59186
184.642	1.85623	-1.29864
184.809	2.04195	-0.971514
184.977	2.17934	-0.617074
185.145	2.2523	-0.244822
185.312	2.25162	0.133546
185.48	2.17834	0.505629
185.647	2.04344	0.860061
185.815	1.86415	1.18791
185.982	1.65881	1.4833
186.15	1.44284	1.7432
186.317	1.22694	1.96681
186.485	1.01702	2.15469
186.652	0.815224	2.30808
186.82	0.621114	2.42831
186.988	0.432762	2.51654
187.155	0.247498	2.5735
187.323	0.0624041	2.59948
187.49	-0.125392	2.59426
187.658	-0.318528	2.55716
187.825	-0.51924	2.4871
187.993	-0.729117	2.38265
188.16	-0.948702	2.24222
188.328	-1.17684	2.06426
188.496	-1.40979	1.84758
188.663	-1.64016	1.59197
188.831	-1.85618	1.29875
188.998	-2.04192	0.97164
189.166	-2.17932	0.617204
189.333	-2.2523	0.244954
189.501	-2.25165	-0.133416
189.668	-2.17838	-0.505504
189.836	-2.0435	-0.859945
190.004	-1.86421	-1.1878
190.171	-1.65887	-1.4832
190.339	-1.4429	-1.74311
190.506	-1.22699	-1.96673
190.674	-1.01707	-2.15462
190.841	-0.815257	-2.30801
191.009	-0.621137	-2.42825
191.176	-0.432777	-2.51648
191.344	-0.247505	-2.57345
191.511	-0.0624032	-2.59943
191.679	0.1254	-2.59421
191.847	0.318544	-2.55711
192.014	0.519262	-2.48704
192.182	0.729146	-2.38259
192.349	0.948737	-2.24215
192.517	1.17688	-2.06418
192.684	1.40983	-1.8475
192.852	1.6402	-1.59188
193.019	1.85622	-1.29866
193.187	2.04195	-0.971539
193.355	2.17933	-0.617099
193.522	2.2523	-0.244848
193.69	2.25163	0.133521
193.857	2.17834	0.505605
194.025	2.04345	0.860038
194.192	1.86417	1.18789
194.36	1.65882	1.48328
194.527	1.44285	1.74318
194.695	1.22695	1.96679
194.863	1.01703	2.15468
195.03	0.81523	2.30806
195.198	0.621118	2.4283
195.365	0.432765	2.51652
195.533	0.2475	2.57349
195.7	0.062404	2.59947
195.868	-0.125394	2.59425
196.035	-0.318531	2.55715
196.203	-0.519244	2.48709
196.37	-0.729123	2.38264
196.538	-0.948709	2.24221
196.706	-1.17685	2.06424
196.873	-1.4098	1.84757
197.041	-1.64017	1.59195
197.208	-1.85619	1.29874
197.376	-2.04192	0.97162
197.543	-2.17932	0.617184
197.711	-2.2523	0.244934
197.878	-2.25164	-0.133437
198.046	-2.17837	-0.505524
198.214	-2.04349	-0.859963
198.381	-1.8642	-1.18782
198.549	-1.65886	-1.48321
198.716	-1.44289	-1.74313
198.884	-1.22698	-1.96674
199.051	-1.01706	-2.15463
199.219	-0.815252	-2.30802
199.386	-0.621134	-2.42826
199.554	-0.432775	-2.51649
199.722	-0.247504	-2.57346
199.889	-0.0624034	-2.59944
200.057	0.125399	-2.59422
200.224	0.318541	-2.55712
200.392	0.519259	-2.48705
200.559	0.729142	-2.3826
200.727	0.948731	-2.24217
200.894	1.17688	-2.06419
201.062	1.40983	-1.84752
201.229	1.6402	-1.59189
201.397	1.85621	-1.29867
201.565	2.04194	-0.971555
201.732	2.17933	-0.617115
201.9	2.2523	-0.244865
202.067	2.25163	0.133505
202.235	2.17835	0.505589
202.402	2.04346	0.860024
202.57	1.86417	1.18788
202.737	1.65883	1.48326
202.905	1.44286	1.74317
203.073	1.22696	1.96678
203.24	1.01704	2.15467
203.408	0.815234	2.30805
203.575	0.621121	2.42829
203.743	0.432767	2.51652
203.91	0.2475	2.57348
204.078	0.0624038	2.59947
204.245	-0.125395	2.59424
204.413	-0.318533	2.55715
204.581	-0.519247	2.48708
204.748	-0.729126	2.38263
204.916	-0.948713	2.2422
205.083	-1.17686	2.06423
205.251	-1.4098	1.84756
205.418	-1.64018	1.59194
205.586	-1.85619	1.29872
205.753	-2.04193	0.971608
205.921	-2.17932	0.61717
206.088	-2.2523	0.24492
206.256	-2.25164	-0.13345
206.424	-2.17837	-0.505536
206.591	-2.04348	-0.859975
206.759	-1.8642	-1.18783
206.926	-1.65885	-1.48322
207.094	-1.44288	-1.74313
207.261	-1.22698	-1.96675
207.429	-1.01706	-2.15464
207.596	-0.815248	-2.30803
207.764	-0.621131	-2.42827
207.932	-0.432773	-2.51649
208.099	-0.247503	-2.57346
208.267	-0.0624035	-2.59944
208.434	0.125398	-2.59422
208.602	0.31854	-2.55712
208.769	0.519257	-2.48705
208.937	0.729139	-2.3826
209.104	0.948728	-2.24217
209.272	1.17687	-2.0642
209.44	1.40982	-1.84752
209.607	1.64019	-1.5919
209.775	1.85621	-1.29868
209.942	2.04194	-0.971565
210.11	2.17933	-0.617126
210.277	2.2523	-0.244875
210.445	2.25163	0.133494
210.612	2.17835	0.505579
210.78	2.04346	0.860014
210.947	1.86418	1.18787
211.115	1.65883	1.48326
211.283	1.44287	1.74316
211.45	1.22696	1.96678
211.618	1.01704	2.15466
211.785	0.815237	2.30805
211.953	0.621123	2.42829
212.12	0.432768	2.51651
212.288	0.247501	2.57348
212.455	0.0624038	2.59946
212.623	-0.125395	2.59424
212.791	-0.318535	2.55714
212.958	-0.519249	2.48707
213.126	-0.729129	2.38263
213.293	-0.948716	2.2422
213.461	-1.17686	2.06423
213.628	-1.40981	1.84755
213.796	-1.64018	1.59193
213.963	-1.8562	1.29872
214.131	-2.04193	0.971599
214.299	-2.17933	0.617162
214.466	-2.2523	0.244912
214.634	-2.25164	-0.133458
214.801	-2.17836	-0.505545
214.969	-2.04348	-0.859982
215.136	-1.86419	-1.18784
215.304	-1.65885	-1.48323
215.471	-1.44288	-1.74314
215.639	-1.22698	-1.96676
215.806	-1.01705	-2.15465
215.974	-0.815246	-2.30803
216.142	-0.62113	-2.42827
216.309	-0.432772	-2.5165
216.477	-0.247503	-2.57347
216.644	-0.0624035	-2.59945
216.812	0.125398	-2.59423
216.979	0.318539	-2.55713
217.147	0.519255	-2.48706
217.314	0.729137	-2.38261
217.482	0.948725	-2.24218
217.65	1.17687	-2.0642
217.817	1.40982	-1.84753
217.985	1.64019	-1.59191
218.152	1.85621	-1.29869
218.32	2.04194	-0.971572
218.487	2.17933	-0.617133
218.655	2.2523	-0.244882
218.822	2.25163	0.133487
218.99	2.17836	0.505572
219.158	2.04347	0.860008
219.325	1.86418	1.18786
219.493	1.65884	1.48325
219.66	1.44287	1.74316
219.828	1.22696	1.96677
219.995	1.01704	2.15466
220.163	0.815239	2.30805
220.33	0.621125	2.42828
220.498	0.432769	2.51651
220.665	0.247501	2.57348
220.833	0.0624037	2.59946
221.001	-0.125396	2.59424
221.168	-0.318535	2.55714
221.336	-0.51925	2.48707
221.503	-0.72913	2.38262
221.671	-0.948718	2.24219
221.838	-1.17686	2.06422
222.006	-1.40981	1.84755
222.173	-1.64018	1.59193
222.341	-1.8562	1.29871
222.509	-2.04193	0.971594
222.676	-2.17933	0.617156
222.844	-2.2523	0.244906
223.011	-2.25164	-0.133464
223.179	-2.17836	-0.50555
223.346	-2.04348	-0.859987
223.514	-1.86419	-1.18784
223.681	-1.65885	-1.48323
223.849	-1.44288	-1.74314
224.017	-1.22697	-1.96676
224.184	-1.01705	-2.15465
224.352	-0.815245	-2.30803
224.519	-0.621129	-2.42827
224.687	-0.432772	-2.5165
224.854	-0.247503	-2.57347
225.022	-0.0624036	-2.59945
225.189	0.125397	-2.59423
225.357	0.318538	-2.55713
225.524	0.519254	-2.48706
225.692	0.729135	-2.38261
225.86	0.948724	-2.24218
226.027	1.17687	-2.06421
226.195	1.40982	-1.84753
226.362	1.64019	-1.59191
226.53	1.85621	-1.29869
226.697	2.04194	-0.971576
226.865	2.17933	-0.617137
227.032	2.2523	-0.244887
227.2	2.25163	0.133483
227.368	2.17836	0.505568
227.535	2.04347	0.860004
227.703	1.86418	1.18786
227.87	1.65884	1.48325
228.038	1.44287	1.74316
228.205	1.22697	1.96677
228.373	1.01704	2.15466
228.54	0.81524	2.30804
228.708	0.621125	2.42828
228.875	0.432769	2.51651
229.043	0.247502	2.57348
229.211	0.0624037	2.59946
229.378	-0.125396	2.59424
229.546	-0.318536	2.55714
229.713	-0.519251	2.48707
229.881	-0.729131	2.38262
230.048	-0.948719	2.24219
230.216	-1.17686	2.06422
230.383	-1.40981	1.84754
230.551	-1.64018	1.59192
230.719	-1.8562	1.29871
230.886	-2.04193	0.97159
231.054	-2.17933	0.617153
231.221	-2.2523	0.244902
231.389	-2.25164	-0.133468
231.556	-2.17836	-0.505553
231.724	-2.04347	-0.85999
231.891	-1.86419	-1.18785
232.059	-1.65884	-1.48324
232.227	-1.44288	-1.74315
232.394	-1.22697	-1.96676
232.562	-1.01705	-2.15465
232.729	-0.815244	-2.30804
232.897	-0.621128	-2.42827
233.064	-0.432771	-2.5165
233.232	-0.247502	-2.57347
233.399	-0.0624036	-2.59945
233.567	0.125397	-2.59423
233.734	0.318538	-2.55713
233.902	0.519253	-2.48706
234.07	0.729135	-2.38261
234.237	0.948723	-2.24218
234.405	1.17687	-2.06421
234.572	1.40982	-1.84753
234.74	1.64019	-1.59191
234.907	1.85621	-1.2987
235.075	2.04193	-0.971579
235.242	2.17933	-0.61714
235.41	2.2523	-0.24489
235.578	2.25163	0.13348
235.745	2.17836	0.505565
235.913	2.04347	0.860001
236.08	1.86418	1.18786
236.248	1.65884	1.48325
236.415	1.44287	1.74315
236.583	1.22697	1.96677
236.75	1.01705	2.15466
236.918	0.815241	2.30804
237.086	0.621126	2.42828
237.253	0.43277	2.51651
237.421	0.247502	2.57347
237.588	0.0624037	2.59945
237.756	-0.125396	2.59423
237.923	-0.318536	2.55714
238.091	-0.519251	2.48707
238.258	-0.729132	2.38262
238.426	-0.94872	2.24219
238.593	-1.17686	2.06422
238.761	-1.40981	1.84754
238.929	-1.64018	1.59192
239.096	-1.8562	1.29871
239.264	-2.04193	0.971588
239.431	-2.17933	0.61715
239.599	-2.2523	0.2449
239.766	-2.25164	-0.13347
239.934	-2.17836	-0.505556
240.101	-2.04347	-0.859993
240.269	-1.86419	-1.18785
240.437	-1.65884	-1.48324
240.604	-1.44288	-1.74315
240.772	-1.22697	-1.96676
240.939	-1.01705	-2.15465
241.107	-0.815243	-2.30804
241.274	-0.621128	-2.42827
241.442	-0.432771	-2.5165
241.609	-0.247502	-2.57347
241.777	-0.0624036	-2.59945
241.945	0.125397	-2.59423
242.112	0.318537	-2.55713
242.28	0.519253	-2.48706
242.447	0.729134	-2.38261
242.615	0.948722	-2.24218
242.782	1.17687	-2.06421
242.95	1.40981	-1.84754
243.117	1.64019	-1.59191
243.285	1.8562	-1.2987
243.452	2.04193	-0.971581
243.62	2.17933	-0.617142
243.788	2.2523	-0.244892
243.955	2.25163	0.133478
244.123	2.17836	0.505563
244.29	2.04347	0.86
244.458	1.86419	1.18786
244.625	1.65884	1.48324
244.793	1.44287	1.74315
244.96	1.22697	1.96677
245.128	1.01705	2.15466
245.296	0.815241	2.30804
245.463	0.621126	2.42828
245.631	0.43277	2.51651
245.798	0.247502	2.57347
245.966	0.0624037	2.59945
246.133	-0.125396	2.59423
246.301	-0.318536	2.55713
246.468	-0.519252	2.48707
246.636	-0.729132	2.38262
246.804	-0.94872	2.24219
246.971	-1.17686	2.06422
247.139	-1.40981	1.84754
247.306	-1.64018	1.59192
247.474	-1.8562	1.2987
247.641	-2.04193	0.971587
247.809	-2.17933	0.617149
247.976	-2.2523	0.244898
248.144	-2.25164	-0.133471
248.311	-2.17836	-0.505557
248.479	-2.04347	-0.859994
248.647	-1.86419	-1.18785
248.814	-1.65884	-1.48324
248.982	-1.44288	-1.74315
249.149	-1.22697	-1.96676
249.317	-1.01705	-2.15465
249.484	-0.815243	-2.30804
249.652	-0.621127	-2.42828
249.819	-0.432771	-2.5165
249.987	-0.247502	-2.57347
250.155	-0.0624036	-2.59945
250.322	0.125397	-2.59423
250.49	0.318537	-2.55713
250.657	0.519253	-2.48706
250.825	0.729134	-2.38261
250.992	0.948722	-2.24218
251.16	1.17687	-2.06421
251.327	1.40981	-1.84754
251.495	1.64019	-1.59191
251.663	1.8562	-1.2987
251.83	2.04193	-0.971582
251.998	2.17933	-0.617144
252.165	2.2523	-0.244893
252.333	2.25164	0.133477
252.5	2.17836	0.505562
252.668	2.04347	0.859999
252.835	1.86419	1.18785
253.003	1.65884	1.48324
253.17	1.44287	1.74315
253.338	1.22697	1.96677
253.506	1.01705	2.15466
253.673	0.815242	2.30804
253.841	0.621126	2.42828
254.008	0.43277	2.51651
254.176	0.247502	2.57347
254.343	0.0624036	2.59945
254.511	-0.125396	2.59423
254.678	-0.318537	2.55713
254.846	-0.519252	2.48707
255.014	-0.729133	2.38262
255.181	-0.948721	2.24219
255.349	-1.17686	2.06422
255.516	-1.40981	1.84754
255.684	-1.64018	1.59192
255.851	-1.8562	1.2987
256.019	-2.04193	0.971586
256.186	-2.17933	0.617148
256.354	-2.2523	0.244897
256.522	-2.25164	-0.133472
256.689	-2.17836	-0.505558
256.857	-2.04347	-0.859995
257.024	-1.86419	-1.18785
257.192	-1.65884	-1.48324
257.359	-1.44287	-1.74315
257.527	-1.22697	-1.96677
257.694	-1.01705	-2.15465
257.862	-0.815243	-2.30804
258.029	-0.621127	-2.42828
258.197	-0.432771	-2.5165
258.365	-0.247502	-2.57347
258.532	-0.0624036	-2.59945
258.7	0.125397	-2.59423
258.867	0.318537	-2.55713
259.035	0.519253	-2.48706
259.202	0.729134	-2.38261
259.37	0.948722	-2.24218
259.537	1.17686	-2.06421
259.705	1.40981	-1.84754
259.873	1.64019	-1.59192
260.04	1.8562	-1.2987
260.208	2.04193	-0.971583
260.375	2.17933	-0.617144
260.543	2.2523	-0.244894
260.71	2.25164	0.133476
260.878	2.17836	0.505561
261.045	2.04347	0.859998
261.213	1.86419	1.18785
261.381	1.65884	1.48324
261.548	1.44287	1.74315
261.716	1.22697	1.96677
261.883	1.01705	2.15465
262.051	0.815242	2.30804
262.218	0.621127	2.42828
262.386	0.43277	2.51651
262.553	0.247502	2.57347
262.721	0.0624036	2.59945
262.888	-0.125397	2.59423
263.056	-0.318537	2.55713
263.224	-0.519252	2.48707
263.391	-0.729133	2.38262
263.559	-0.948721	2.24219
263.726	-1.17686	2.06421
263.894	-1.40981	1.84754
264.061	-1.64018	1.59192
264.229	-1.8562	1.2987
264.396	-2.04193	0.971585
264.564	-2.17933	0.617147
264.732	-2.2523	0.244897
264.899	-2.25164	-0.133473
265.067	-2.17836	-0.505559
265.234	-2.04347	-0.859995
265.402	-1.86419	-1.18785
265.569	-1.65884	-1.48324
265.737	-1.44287	-1.74315
265.904	-1.22697	-1.96677
266.072	-1.01705	-2.15465
266.24	-0.815242	-2.30804
266.407	-0.621127	-2.42828
266.575	-0.43277	-2.5165
266.742	-0.247502	-2.57347
266.91	-0.0624036	-2.59945
267.077	0.125397	-2.59423
267.245	0.318537	-2.55713
267.412	0.519253	-2.48706
267.58	0.729133	-2.38262
267.747	0.948721	-2.24218
267.915	1.17686	-2.06421
268.083	1.40981	-1.84754
268.25	1.64019	-1.59192
268.418	1.8562	-1.2987
268.585	2.04193	-0.971583
268.753	2.17933	-0.617145
268.92	2.2523	-0.244894
269.088	2.25164	0.133475
269.255	2.17836	0.505561
269.423	2.04347	0.859997
269.591	1.86419	1.18785
269.758	1.65884	1.48324
269.926	1.44287	1.74315
270.093	1.22697	1.96677
270.261	1.01705	2.15465
270.428	0.815242	2.30804
270.596	0.621127	2.42828
270.763	0.43277	2.5165
270.931	0.247502	2.57347
271.099	0.0624036	2.59945
271.266	-0.125397	2.59423
271.434	-0.318537	2.55713
271.601	-0.519252	2.48707
271.769	-0.729133	2.38262
271.936	-0.948721	2.24219
272.104	-1.17686	2.06421
272.271	-1.40981	1.84754
272.439	-1.64018	1.59192
272.606	-1.8562	1.2987
272.774	-2.04193	0.971585
272.942	-2.17933	0.617147
273.109	-2.2523	0.244896
273.277	-2.25164	-0.133474
273.444	-2.17836	-0.505559
273.612	-2.04347	-0.859996
273.779	-1.86419	-1.18785
273.947	-1.65884	-1.48324
274.114	-1.44287	-1.74315
274.282	-1.22697	-1.96677
274.45	-1.01705	-2.15465
274.617	-0.815242	-2.30804
274.785	-0.621127	-2.42828
274.952	-0.43277	-2.5165
275.12	-0.247502	-2.57347
275.287	-0.0624036	-2.59945
275.455	0.125397	-2.59423
275.622	0.318537	-2.55713
275.79	0.519252	-2.48706
275.957	0.729133	-2.38262
276.125	0.948721	-2.24218
276.293	1.17686	-2.06421
276.46	1.40981	-1.84754
276.628	1.64019	-1.59192
276.795	1.8562	-1.2987
276.963	2.04193	-0.971583
277.13	2.17933	-0.617145
277.298	2.2523	-0.244895
277.465	2.25164	0.133475
277.633	2.17836	0.50556
277.801	2.04347	0.859997
277.968	1.86419	1.18785
278.136	1.65884	1.48324
278.303	1.44287	1.74315
278.471	1.22697	1.96677
278.638	1.01705	2.15465
278.806	0.815242	2.30804
278.973	0.621127	2.42828
279.141	0.43277	2.5165
279.309	0.247502	2.57347
279.476	0.0624036	2.59945
279.644	-0.125397	2.59423
279.811	-0.318537	2.55713
279.979	-0.519252	2.48707
280.146	-0.729133	2.38262
280.314	-0.948721	2.24219
280.481	-1.17686	2.06421
280.649	-1.40981	1.84754
280.816	-1.64018	1.59192
280.984	-1.8562	1.2987
281.152	-2.04193	0.971584
281.319	-2.17933	0.617146
281.487	-2.2523	0.244896
281.654	-2.25164	-0.133474
281.822	-2.17836	-0.505559
281.989	-2.04347	-0.859996
282.157	-1.86419	-1.18785
282.324	-1.65884	-1.48324
282.492	-1.44287	-1.74315
282.66	-1.22697	-1.96677
282.827	-1.01705	-2.15465
282.995	-0.815242	-2.30804
283.162	-0.621127	-2.42828
283.33	-0.43277	-2.5165
283.497	-0.247502	-2.57347
283.665	-0.0624036	-2.59945
283.832	0.125397	-2.59423
284	0.318537	-2.55713
284.168	0.519252	-2.48706
284.335	0.729133	-2.38262
284.503	0.948721	-2.24218
284.67	1.17686	-2.06421
284.838	1.40981	-1.84754
285.005	1.64018	-1.59192
285.173	1.8562	-1.2987
285.34	2.04193	-0.971584
285.508	2.17933	-0.617145
285.675	2.2523	-0.244895
285.843	2.25164	0.133475
286.011	2.17836	0.50556
286.178	2.04347	0.859997
286.346	1.86419	1.18785
286.513	1.65884	1.48324
286.681	1.44287	1.74315
286.848	1.22697	1.96677
287.016	1.01705	2.15465
287.183	0.815242	2.30804
287.351	0.621127	2.42828
287.519	0.43277	2.5165
287.686	0.247502	2.57347
287.854	0.0624036	2.59945
288.021	-0.125397	2.59423
288.189	-0.318537	2.55713
288.356	-0.519252	2.48707
288.524	-0.729133	2.38262
288.691	-0.948721	2.24219
288.859	-1.17686	2.06421
289.027	-1.40981	1.84754
289.194	-1.64018	1.59192
289.362	-1.8562	1.2987
289.529	-2.04193	0.971584
289.697	-2.17933	0.617146
289.864	-2.2523	0.244896
290.032	-2.25164	-0.133474
290.199	-2.17836	-0.50556
290.367	-2.04347	-0.859996
290.534	-1.86419	-1.18785
290.702	-1.65884	-1.48324
290.87	-1.44287	-1.74315
291.037	-1.22697	-1.96677
291.205	-1.01705	-2.15465
291.372	-0.815242	-2.30804
291.54	-0.621127	-2.42828
291.707	-0.43277	-2.5165
291.875	-0.247502	-2.57347
292.042	-0.0624036	-2.59945
292.21	0.125397	-2.59423
292.378	0.318537	-2.55713
292.545	0.519252	-2.48707
292.713	0.729133	-2.38262
292.88	0.948721	-2.24218
293.048	1.17686	-2.06421
293.215	1.40981	-1.84754
293.383	1.64018	-1.59192
293.55	1.8562	-1.2987
293.718	2.04193	-0.971584
293.886	2.17933	-0.617146
294.053	2.2523	-0.244895
294.221	2.25164	0.133475
294.388	2.17836	0.50556
294.556	2.04347	0.859997
294.723	1.86419	1.18785
294.891	1.65884	1.48324
295.058	1.44287	1.74315
295.226	1.22697	1.96677
295.393	1.01705	2.15465
295.561	0.815242	2.30804
295.729	0.621127	2.42828
295.896	0.43277	2.5165
296.064	0.247502	2.57347
296.231	0.0624036	2.59945
296.399	-0.125397	2.59423
296.566	-0.318537	2.55713
296.734	-0.519252	2.48707
296.901	-0.729133	2.38262
297.069	-0.948721	2.24219
297.237	-1.17686	2.06421
297.404	-1.40981	1.84754
297.572	-1.64018	1.59192
297.739	-1.8562	1.2987
297.907	-2.04193	0.971584
298.074	-2.17933	0.617146
298.242	-2.2523	0.244896
298.409	-2.25164	-0.133474
298.577	-2.17836	-0.50556
298.745	-2.04347	-0.859996
298.912	-1.86419	-1.18785
299.08	-1.65884	-1.48324
299.247	-1.44287	-1.74315
299.415	-1.22697	-1.96677
299.582	-1.01705	-2.15465
299.75	-0.815242	-2.30804
299.917	-0.621127	-2.42828
300.085	-0.43277	-2.5165
300.252	-0.247502	-2.57347
300.42	-0.0624036	-2.59945
300.588	0.125397	-2.59423
300.755	0.318537	-2.55713
300.923	0.519252	-2.48707
301.09	0.729133	-2.38262
301.258	0.948721	-2.24218
301.425	1.17686	-2.06421
301.593	1.40981	-1.84754
301.76	1.64018	-1.59192
301.928	1.8562	-1.2987
302.096	2.04193	-0.971584
302.263	2.17933	-0.617146
302.431	2.2523	-0.244895
302.598	2.25164	0.133474
302.766	2.17836	0.50556
302.933	2.04347	0.859997
303.101	1.86419	1.18785
303.268	1.65884	1.48324
303.436	1.44287	1.74315
303.604	1.22697	1.96677
303.771	1.01705	2.15465
303.939	0.815242	2.30804
304.106	0.621127	2.42828
304.274	0.43277	2.5165
304.441	0.247502	2.57347
304.609	0.0624036	2.59945
304.776	-0.125397	2.59423
304.944	-0.318537	2.55713
305.111	-0.519252	2.48707
305.279	-0.729133	2.38262
305.447	-0.948721	2.24219
305.614	-1.17686	2.06421
305.782	-1.40981	1.84754
305.949	-1.64018	1.59192
306.117	-1.8562	1.2987
306.284	-2.04193	0.971584
306.452	-2.17933	0.617146
306.619	-2.2523	0.244896
306.787	-2.25164	-0.133474
306.955	-2.17836	-0.50556
307.122	-2.04347	-0.859996
307.29	-1.86419	-1.18785
307.457	-1.65884	-1.48324
307.625	-1.44287	-1.74315
307.792	-1.22697	-1.96677
307.96	-1.01705	-2.15465
308.127	-0.815242	-2.30804
308.295	-0.621127	-2.42828
308.463	-0.43277	-2.5165
308.63	-0.247502	-2.57347
308.798	-0.0624036	-2.59945
308.965	0.125397	-2.59423
309.133	0.318537	-2.55713
309.3	0.519252	-2.48707
309.468	0.729133	-2.38262
309.635	0.948721	-2.24219
309.803	1.17686	-2.06421
309.97	1.40981	-1.84754
310.138	1.64018	-1.59192
310.306	1.8562	-1.2987
310.473	2.04193	-0.971584
310.641	2.17933	-0.617146
310.808	2.2523	-0.244895
310.976	2.25164	0.133474
311.143	2.17836	0.50556
311.311	2.04347	0.859997
311.478	1.86419	1.18785
311.646	1.65884	1.48324
311.814	1.44287	1.74315
311.981	1.22697	1.96677
312.149	1.01705	2.15465
312.316	0.815242	2.30804
312.484	0.621127	2.42828
312.651	0.43277	2.5165
312.819	0.247502	2.57347
312.986	0.0624036	2.59945
313.154	-0.125397	2.59423
313.322	-0.318537	2.55713
313.489	-0.519252	2.48707
313.657	-0.729133	2.38262
313.824	-0.948721	2.24219
313.992	-1.17686	2.06421
314.159	-1.40981	1.84754
314.327	-1.64018	1.59192
314.494	-1.8562	1.2987
314.662	-2.04193	0.971584
314.829	-2.17933	0.617146
314.997	-2.2523	0.244896
315.165	-2.25164	-0.133474
315.332	-2.17836	-0.50556
315.5	-2.04347	-0.859996
315.667	-1.86419	-1.18785
315.835	-1.65884	-1.48324
316.002	-1.44287	-1.74315
316.17	-1.22697	-1.96677
316.337	-1.01705	-2.15465
316.505	-0.815242	-2.30804
316.673	-0.621127	-2.42828
316.84	-0.43277	-2.5165
317.008	-0.247502	-2.57347
317.175	-0.0624036	-2.59945
317.343	0.125397	-2.59423
317.51	0.318537	-2.55713
317.678	0.519252	-2.48707
317.845	0.729133	-2.38262
318.013	0.948721	-2.24219
318.181	1.17686	-2.06421
318.348	1.40981	-1.84754
318.516	1.64018	-1.59192
318.683	1.8562	-1.2987
318.851	2.04193	-0.971584
319.018	2.17933	-0.617146
319.186	2.2523	-0.244895
319.353	2.25164	0.133474
319.521	2.17836	0.50556
319.688	2.04347	0.859997
319.856	1.86419	1.18785
320.024	1.65884	1.48324
320.191	1.44287	1.74315
320.359	1.22697	1.96677
320.526	1.01705	2.15465
320.694	0.815242	2.30804
320.861	0.621127	2.42828
321.029	0.43277	2.5165
321.196	0.247502	2.57347
321.364	0.0624036	2.59945
321.532	-0.125397	2.59423
321.699	-0.318537	2.55713
321.867	-0.519252	2.48707
322.034	-0.729133	2.38262
322.202	-0.948721	2.24219
322.369	-1.17686	2.06421
322.537	-1.40981	1.84754
322.704	-1.64018	1.59192
322.872	-1.8562	1.2987
323.04	-2.04193	0.971584
323.207	-2.17933	0.617146
323.375	-2.2523	0.244896
323.542	-2.25164	-0.133474
323.71	-2.17836	-0.50556
323.877	-2.04347	-0.859996
324.045	-1.86419	-1.18785
324.212	-1.65884	-1.48324
324.38	-1.44287	-1.74315
324.547	-1.22697	-1.96677
324.715	-1.01705	-2.15465
324.883	-0.815242	-2.30804
325.05	-0.621127	-2.42828
325.218	-0.43277	-2.5165
325.385	-0.247502	-2.57347
325.553	-0.0624036	-2.59945
325.72	0.125397	-2.59423
325.888	0.318537	-2.55713
326.055	0.519252	-2.48707
326.223	0.729133	-2.38262
326.391	0.948721	-2.24219
326.558	1.17686	-2.06421
326.726	1.40981	-1.84754
326.893	1.64018	-1.59192
327.061	1.8562	-1.2987
327.228	2.04193	-0.971584
327.396	2.17933	-0.617146
327.563	2.2523	-0.244895
327.731	2.25164	0.133474
327.898	2.17836	0.50556
328.066	2.04347	0.859997
328.234	1.86419	1.18785
328.401	1.65884	1.48324
328.569	1.44287	1.74315
328.736	1.22697	1.96677
328.904	1.01705	2.15465
329.071	0.815242	2.30804
329.239	0.621127	2.42828
329.406	0.43277	2.5165
329.574	0.247502	2.57347
329.742	0.0624036	2.59945
329.909	-0.125397	2.59423
330.077	-0.318537	2.55713
330.244	-0.519252	2.48707
330.412	-0.729133	2.38262
330.579	-0.948721	2.24219
330.747	-1.17686	2.06421
330.914	-1.40981	1.84754
331.082	-1.64018	1.59192
331.25	-1.8562	1.2987
331.417	-2.04193	0.971584
331.585	-2.17933	0.617146
331.752	-2.2523	0.244896
331.92	-2.25164	-0.133474
332.087	-2.17836	-0.50556
332.255	-2.04347	-0.859996
332.422	-1.86419	-1.18785
332.59	-1.65884	-1.48324
332.757	-1.44287	-1.74315
332.925	-1.22697	-1.96677
333.093	-1.01705	-2.15465
333.26	-0.815242	-2.30804
333.428	-0.621127	-2.42828
333.595	-0.43277	-2.5165
333.763	-0.247502	-2.57347
333.93	-0.0624036	-2.59945
334.098	0.125397	-2.59423
334.265	0.318537	-2.55713
334.433	0.519252	-2.48707
334.601	0.729133	-2.38262
334.768	0.948721	-2.24219
334.936	1.17686	-2.06421
335.103	1.40981	-1.84754
335.271	1.64018	-1.59192
335.438	1.8562	-1.2987
335.606	2.04193	-0.971584
335.773	2.17933	-0.617146
335.941	2.2523	-0.244895
336.109	2.25164	0.133474
336.276	2.17836	0.50556
336.444	2.04347	0.859997
336.611	1.86419	1.18785
336.779	1.65884	1.48324
336.946	1.44287	1.74315
337.114	1.22697	1.96677
337.281	1.01705	2.15465
337.449	0.815242	2.30804
337.616	0.621127	2.42828
337.784	0.43277	2.5165
337.952	0.247502	2.57347
338.119	0.0624036	2.59945
338.287	-0.125397	2.59423
338.454	-0.318537	2.55713
338.622	-0.519252	2.48707
338.789	-0.729133	2.38262
338.957	-0.948721	2.24219
339.124	-1.17686	2.06421
339.292	-1.40981	1.84754
339.46	-1.64018	1.59192
339.627	-1.8562	1.2987
339.795	-2.04193	0.971584
339.962	-2.17933	0.617146
340.13	-2.2523	0.244896
340.297	-2.25164	-0.133474
340.465	-2.17836	-0.50556
340.632	-2.04347	-0.859996
340.8	-1.86419	-1.18785
340.968	-1.65884	-1.48324
341.135	-1.44287	-1.74315
341.303	-1.22697	-1.96677
341.47	-1.01705	-2.15465
341.638	-0.815242	-2.30804
341.805	-0.621127	-2.42828
341.973	-0.43277	-2.5165
342.14	-0.247502	-2.57347
342.308	-0.0624036	-2.59945
342.475	0.125397	-2.59423
342.643	0.318537	-2.55713
342.811	0.519252	-2.48707
342.978	0.729133	-2.38262
343.146	0.948721	-2.24219
343.313	1.17686	-2.06421
343.481	1.40981	-1.84754
343.648	1.64018	-1.59192
343.816	1.8562	-1.2987
343.983	2.04193	-0.971584
344.151	2.17933	-0.617146
344.319	2.2523	-0.244895
344.486	2.25164	0.133474
344.654	2.17836	0.50556
344.821	2.04347	0.859997
344.989	1.86419	1.18785
345.156	1.65884	1.48324
345.324	1.44287	1.74315
345.491	1.22697	1.96677
345.659	1.01705	2.15465
345.827	0.815242	2.30804
345.994	0.621127	2.42828
346.162	0.43277	2.5165
346.329	0.247502	2.57347
346.497	0.0624036	2.59945
346.664	-0.125397	2.59423
346.832	-0.318537	2.55713
346.999	-0.519252	2.48707
347.167	-0.729133	2.38262
347.334	-0.948721	2.24219
347.502	-1.17686	2.06421
347.67	-1.40981	1.84754
347.837	-1.64018	1.59192
348.005	-1.8562	1.2987
348.172	-2.04193	0.971584
348.34	-2.17933	0.617146
348.507	-2.2523	0.244896
348.675	-2.25164	-0.133474
348.842	-2.17836	-0.50556
349.01	-2.04347	-0.859997
349.178	-1.86419	-1.18785
349.345	-1.65884	-1.48324
349.513	-1.44287	-1.74315
349.68	-1.22697	-1.96677
349.848	-1.01705	-2.15465
350.015	-0.815242	-2.30804
350.183	-0.621127	-2.42828
350.35	-0.43277	-2.5165
350.518	-0.247502	-2.57347
350.686	-0.0624036	-2.59945
350.853	0.125397	-2.59423
351.021	0.318537	-2.55713
351.188	0.519252	-2.48707
351.356	0.729133	-2.38262
351.523	0.948721	-2.24219
351.691	1.17686	-2.06421
351.858	1.40981	-1.84754
352.026	1.64018	-1.59192
352.193	1.8562	-1.2987
352.361	2.04193	-0.971584
352.529	2.17933	-0.617146
352.696	2.2523	-0.244895
352.864	2.25164	0.133474
353.031	2.17836	0.50556
353.199	2.04347	0.859997
353.366	1.86419	1.18785
353.534	1.65884	1.48324
353.701	1.44287	1.74315
353.869	1.22697	1.96677
354.037	1.01705	2.15465
354.204	0.815242	2.30804
354.372	0.621127	2.42828
354.539	0.43277	2.5165
354.707	0.247502	2.57347
354.874	0.0624036	2.59945
355.042	-0.125397	2.59423
355.209	-0.318537	2.55713
355.377	-0.519252	2.48707
355.545	-0.729133	2.38262
355.712	-0.948721	2.24219
355.88	-1.17686	2.06421
356.047	-1.40981	1.84754
356.215	-1.64018	1.59192
356.382	-1.8562	1.2987
356.55	-2.04193	0.971584
356.717	-2.17933	0.617146
356.885	-2.2523	0.244895
357.052	-2.25164	-0.133474
357.22	-2.17836	-0.50556
357.388	-2.04347	-0.859997
357.555	-1.86419	-1.18785
357.723	-1.65884	-1.48324
357.89	-1.44287	-1.74315
358.058	-1.22697	-1.96677
358.225	-1.01705	-2.15465
358.393	-0.815242	-2.30804
358.56	-0.621127	-2.42828
358.728	-0.43277	-2.5165
358.896	-0.247502	-2.57347
359.063	-0.0624036	-2.59945
359.231	0.125397	-2.59423
359.398	0.318537	-2.55713
359.566	0.519252	-2.48707
359.733	0.729133	-2.38262
359.901	0.948721	-2.24219
360.068	1.17686	-2.06421
360.236	1.40981	-1.84754
360.404	1.64018	-1.59192
360.571	1.8562	-1.2987
360.739	2.04193	-0.971584
360.906	2.17933	-0.617146
361.074	2.2523	-0.244895
361.241	2.25164	0.133474
361.409	2.17836	0.50556
361.576	2.04347	0.859997
361.744	1.86419	1.18785
361.911	1.65884	1.48324
362.079	1.44287	1.74315
362.247	1.22697	1.96677
362.414	1.01705	2.15465
362.582	0.815242	2.30804
362.749	0.621127	2.42828
362.917	0.43277	2.5165
363.084	0.247502	2.57347
363.252	0.0624036	2.59945
363.419	-0.125397	2.59423
363.587	-0.318537	2.55713
363.755	-0.519252	2.48707
363.922	-0.729133	2.38262
364.09	-0.948721	2.24219
364.257	-1.17686	2.06421
364.425	-1.40981	1.84754
364.592	-1.64018	1.59192
364.76	-1.8562	1.2987
364.927	-2.04193	0.971584
365.095	-2.17933	0.617146
365.263	-2.2523	0.244895
365.43	-2.25164	-0.133474
365.598	-2.17836	-0.50556
365.765	-2.04347	-0.859997
365.933	-1.86419	-1.18785
366.1	-1.65884	-1.48324
366.268	-1.44287	-1.74315
366.435	-1.22697	-1.96677
366.603	-1.01705	-2.15465
366.77	-0.815242	-2.30804
366.938	-0.621127	-2.42828
367.106	-0.43277	-2.5165
367.273	-0.247502	-2.57347
367.441	-0.0624036	-2.59945
367.608	0.125397	-2.59423
367.776	0.318537	-2.55713
367.943	0.519252	-2.48707
368.111	0.729133	-2.38262
368.278	0.948721	-2.24219
368.446	1.17686	-2.06421
368.614	1.40981	-1.84754
368.781	1.64018	-1.59192
368.949	1.8562	-1.2987
369.116	2.04193	-0.971584
369.284	2.17933	-0.617146
369.451	2.2523	-0.244895
369.619	2.25164	0.133474
369.786	2.17836	0.50556
369.954	2.04347	0.859997
370.122	1.86419	1.18785
370.289	1.65884	1.48324
370.457	1.44287	1.74315
370.624	1.22697	1.96677
370.792	1.01705	2.15465
370.959	0.815242	2.30804
371.127	0.621127	2.42828
371.294	0.43277	2.5165
371.462	0.247502	2.57347
371.629	0.0624036	2.59945
371.797	-0.125397	2.59423
371.965	-0.318537	2.55713
372.132	-0.519252	2.48707
372.3	-0.729133	2.38262
372.467	-0.948721	2.24219
372.635	-1.17686	2.06421
372.802	-1.40981	1.84754
372.97	-1.64018	1.59192
373.137	-1.8562	1.2987
373.305	-2.04193	0.971584
373.473	-2.17933	0.617146
373.64	-2.2523	0.244895
373.808	-2.25164	-0.133474
373.975	-2.17836	-0.50556
374.143	-2.04347	-0.859997
374.31	-1.86419	-1.18785
374.478	-1.65884	-1.48324
374.645	-1.44287	-1.74315
374.813	-1.22697	-1.96677
374.98	-1.01705	-2.15465
375.148	-0.815242	-2.30804
375.316	-0.621127	-2.42828
375.483	-0.43277	-2.5165
375.651	-0.247502	-2.57347
375.818	-0.0624036	-2.59945
375.986	0.125397	-2.59423
376.153	0.318537	-2.55713
376.321	0.519252	-2.48707
376.488	0.729133	-2.38262
376.656	0.948721	-2.24219
376.824	1.17686	-2.06421
376.991	1.40981	-1.84754
377.159	1.64018	-1.59192
377.326	1.8562	-1.2987
377.494	2.04193	-0.971584
377.661	2.17933	-0.617146
377.829	2.2523	-0.244895
377.996	2.25164	0.133474
378.164	2.17836	0.50556
378.332	2.04347	0.859997
378.499	1.86419	1.18785
378.667	1.65884	1.48324
378.834	1.44287	1.74315
379.002	1.22697	1.96677
379.169	1.01705	2.15465
379.337	0.815242	2.30804
379.504	0.621127	2.42828
379.672	0.43277	2.5165
379.839	0.247502	2.57347
380.007	0.0624036	2.59945
380.175	-0.125397	2.59423
380.342	-0.318537	2.55713
380.51	-0.519252	2.48707
380.677	-0.729133	2.38262
380.845	-0.948721	2.24219
381.012	-1.17686	2.06421
381.18	-1.40981	1.84754
381.347	-1.64018	1.59192
381.515	-1.8562	1.2987
381.683	-2.04193	0.971584
381.85	-2.17933	0.617146
382.018	-2.2523	0.244895
382.185	-2.25164	-0.133474
382.353	-2.17836	-0.50556
382.52	-2.04347	-0.859997
382.688	-1.86419	-1.18785
382.855	-1.65884	-1.48324
383.023	-1.44287	-1.74315
383.191	-1.22697	-1.96677
383.358	-1.01705	-2.15465
383.526	-0.815242	-2.30804
383.693	-0.621127	-2.42828
383.861	-0.43277	-2.5165
384.028	-0.247502	-2.57347
384.196	-0.0624036	-2.59945
384.363	0.125397	-2.59423
384.531	0.318537	-2.55713
384.698	0.519252	-2.48707
384.866	0.729133	-2.38262
385.034	0.948721	-2.24219
385.201	1.17686	-2.06421
385.369	1.40981	-1.84754
385.536	1.64018	-1.59192
385.704	1.8562	-1.2987
385.871	2.04193	-0.971584
386.039	2.17933	-0.617146
386.206	2.2523	-0.244895
386.374	2.25164	0.133474
386.542	2.17836	0.50556
386.709	2.04347	0.859997
386.877	1.86419	1.18785
387.044	1.65884	1.48324
387.212	1.44287	1.74315
387.379	1.22697	1.96677
387.547	1.01705	2.15465
387.714	0.815242	2.30804
387.882	0.621127	2.42828
388.05	0.43277	2.5165
388.217	0.247502	2.57347
388.385	0.0624036	2.59945
388.552	-0.125397	2.59423
388.72	-0.318537	2.55713
388.887	-0.519252	2.48707
389.055	-0.729133	2.38262
389.222	-0.948721	2.24219
389.39	-1.17686	2.06421
389.557	-1.40981	1.84754
389.725	-1.64018	1.59192
389.893	-1.8562	1.2987
390.06	-2.04193	0.971584
390.228	-2.17933	0.617146
390.395	-2.2523	0.244895
390.563	-2.25164	-0.133474
390.73	-2.17836	-0.50556
390.898	-2.04347	-0.859997
391.065	-1.86419	-1.18785
391.233	-1.65884	-1.48324
391.401	-1.44287	-1.74315
391.568	-1.22697	-1.96677
391.736	-1.01705	-2.15465
391.903	-0.815242	-2.30804
392.071	-0.621127	-2.42828
392.238	-0.43277	-2.5165
392.406	-0.247502	-2.57347
392.573	-0.0624036	-2.59945
392.741	0.125397	-2.59423
392.909	0.318537	-2.55713
393.076	0.519252	-2.48707
393.244	0.729133	-2.38262
393.411	0.948721	-2.24219
393.579	1.17686	-2.06421
393.746	1.40981	-1.84754
393.914	1.64018	-1.59192
394.081	1.8562	-1.2987
394.249	2.04193	-0.971584
394.416	2.17933	-0.617146
394.584	2.2523	-0.244895
394.752	2.25164	0.133474
394.919	2.17836	0.50556
395.087	2.04347	0.859997
395.254	1.86419	1.18785
395.422	1.65884	1.48324
395.589	1.44287	1.74315
395.757	1.22697	1.96677
395.924	1.01705	2.15465
396.092	0.815242	2.30804
396.26	0.621127	2.42828
396.427	0.43277	2.5165
396.595	0.247502	2.57347
396.762	0.0624036	2.59945
396.93	-0.125397	2.59423
397.097	-0.318537	2.55713
397.265	-0.519252	2.48707
397.432	-0.729133	2.38262
397.6	-0.948721	2.24219
397.768	-1.17686	2.06421
397.935	-1.40981	1.84754
398.103	-1.64018	1.59192
398.27	-1.8562	1.2987
398.438	-2.04193	0.971584
398.605	-2.17933	0.617146
398.773	-2.2523	0.244895
398.94	-2.25164	-0.133474
399.108	-2.17836	-0.50556
399.275	-2.04347	-0.859997
399.443	-1.86419	-1.18785
399.611	-1.65884	-1.48324
399.778	-1.44287	-1.74315
399.946	-1.22697	-1.96677
400.113	-1.01705	-2.15465
400.281	-0.815242	-2.30804
400.448	-0.621127	-2.42828
400.616	-0.43277	-2.5165
400.783	-0.247502	-2.57347
400.951	-0.0624036	-2.59945
401.119	0.125397	-2.59423
401.286	0.318537	-2.55713
401.454	0.519252	-2.48707
401.621	0.729133	-2.38262
401.789	0.948721	-2.24219
401.956	1.17686	-2.06421
402.124	1.40981	-1.84754
402.291	1.64018	-1.59192
402.459	1.8562	-1.2987
402.627	2.04193	-0.971584
402.794	2.17933	-0.617146
402.962	2.2523	-0.244895
403.129	2.25164	0.133474
403.297	2.17836	0.50556
403.464	2.04347	0.859997
403.632	1.86419	1.18785
403.799	1.65884	1.48324
403.967	1.44287	1.74315
404.134	1.22697	1.96677
404.302	1.01705	2.15465
404.47	0.815242	2.30804
404.637	0.621127	2.42828
404.805	0.43277	2.5165
404.972	0.247502	2.57347
405.14	0.0624036	2.59945
405.307	-0.125397	2.59423
405.475	-0.318537	2.55713
405.642	-0.519252	2.48707
405.81	-0.729133	2.38262
405.978	-0.948721	2.24219
406.145	-1.17686	2.06421
406.313	-1.40981	1.84754
406.48	-1.64018	1.59192
406.648	-1.8562	1.2987
406.815	-2.04193	0.971584
406.983	-2.17933	0.617146
407.15	-2.2523	0.244895
407.318	-2.25164	-0.133474
407.486	-2.17836	-0.50556
407.653	-2.04347	-0.859997
407.821	-1.86419	-1.18785
407.988	-1.65884	-1.48324
408.156	-1.44287	-1.74315
408.323	-1.22697	-1.96677
408.491	-1.01705	-2.15465
408.658	-0.815242	-2.30804
408.826	-0.621127	-2.42828
408.993	-0.43277	-2.5165
409.161	-0.247502	-2.57347
409.329	-0.0624036	-2.59945
409.496	0.125397	-2.59423
409.664	0.318537	-2.55713
409.831	0.519252	-2.48707
409.999	0.729133	-2.38262
410.166	0.948721	-2.24219
410.334	1.17686	-2.06421
410.501	1.40981	-1.84754
410.669	1.64018	-1.59192
410.837	1.8562	-1.2987
411.004	2.04193	-0.971584
411.172	2.17933	-0.617146
411.339	2.2523	-0.244895
411.507	2.25164	0.133474
411.674	2.17836	0.50556
411.842	2.04347	0.859997
412.009	1.86419	1.18785
412.177	1.65884	1.48324
412.345	1.44287	1.74315
412.512	1.22697	1.96677
412.68	1.01705	2.15465
412.847	0.815242	2.30804
413.015	0.621127	2.42828
413.182	0.43277	2.5165
413.35	0.247502	2.57347
413.517	0.0624036	2.59945
413.685	-0.125397	2.59423
413.852	-0.318537	2.55713
414.02	-0.519252	2.48707
414.188	-0.729133	2.38262
414.355	-0.948721	2.24219
414.523	-1.17686	2.06421
414.69	-1.40981	1.84754
414.858	-1.64018	1.59192
415.025	-1.8562	1.2987
415.193	-2.04193	0.971584
415.36	-2.17933	0.617146
415.528	-2.2523	0.244895
415.696	-2.25164	-0.133474
415.863	-2.17836	-0.50556
416.031	-2.04347	-0.859997
416.198	-1.86419	-1.18785
416.366	-1.65884	-1.48324
416.533	-1.44287	-1.74315
416.701	-1.22697	-1.96677
416.868	-1.01705	-2.15465
417.036	-0.815242	-2.30804
417.204	-0.621127	-2.42828
417.371	-0.43277	-2.5165
417.539	-0.247502	-2.57347
417.706	-0.0624036	-2.59945
417.874	0.125397	-2.59423
418.041	0.318537	-2.55713
418.209	0.519252	-2.48707
418.376	0.729133	-2.38262
418.544	0.948721	-2.24219
418.711	1.17686	-2.06421
418.879	1.40981	-1.84754
419.047	1.64018	-1.59192
419.214	1.8562	-1.2987
419.382	2.04193	-0.971584
419.549	2.17933	-0.617146
419.717	2.2523	-0.244895
419.884	2.25164	0.133474
420.052	2.17836	0.50556
420.219	2.04347	0.859997
420.387	1.86419	1.18785
420.555	1.65884	1.48324
420.722	1.44287	1.74315
420.89	1.22697	1.96677
421.057	1.01705	2.15465
421.225	0.815242	2.30804
421.392	0.621127	2.42828
421.56	0.43277	2.5165
421.727	0.247502	2.57347
421.895	0.0624036	2.59945
422.063	-0.125397	2.59423
422.23	-0.318537	2.55713
422.398	-0.519252	2.48707
422.565	-0.729133	2.38262
422.733	-0.948721	2.24219
422.9	-1.17686	2.06421
423.068	-1.40981	1.84754
423.235	-1.64018	1.59192
423.403	-1.8562	1.2987
423.57	-2.04193	0.971584
423.738	-2.17933	0.617146
423.906	-2.2523	0.244895
424.073	-2.25164	-0.133474
424.241	-2.17836	-0.50556
424.408	-2.04347	-0.859997
424.576	-1.86419	-1.18785
424.743	-1.65884	-1.48324
424.911	-1.44287	-1.74315
425.078	-1.22697	-1.96677
425.246	-1.01705	-2.15465
425.414	-0.815242	-2.30804
425.581	-0.621127	-2.42828
425.749	-0.43277	-2.5165
425.916	-0.247502	-2.57347
426.084	-0.0624036	-2.59945
426.251	0.125397	-2.59423
426.419	0.318537	-2.55713
426.586	0.519252	-2.48707
426.754	0.729133	-2.38262
426.921	0.948721	-2.24219
427.089	1.17686	-2.06421
427.257	1.40981	-1.84754
427.424	1.64018	-1.59192
427.592	1.8562	-1.2987
427.759	2.04193	-0.971584
427.927	2.17933	-0.617146
428.094	2.2523	-0.244895
428.262	2.25164	0.133474
428.429	2.17836	0.50556
428.597	2.04347	0.859997
428.765	1.86419	1.18785
428.932	1.65884	1.48324
429.1	1.44287	1.74315
429.267	1.22697	1.96677
429.435	1.01705	2.15465
429.602	0.815242	2.30804
429.77	0.621127	2.42828
429.937	0.43277	2.5165
430.105	0.247502	2.57347
430.273	0.0624036	2.59945
430.44	-0.125397	2.59423
430.608	-0.318537	2.55713
430.775	-0.519252	2.48707
430.943	-0.729133	2.38262
431.11	-0.948721	2.24219
431.278	-1.17686	2.06421
431.445	-1.40981	1.84754
431.613	-1.64018	1.59192
431.78	-1.8562	1.2987
431.948	-2.04193	0.971584
432.116	-2.17933	0.617146
432.283	-2.2523	0.244895
432.451	-2.25164	-0.133474
432.618	-2.17836	-0.50556
432.786	-2.04347	-0.859997
432.953	-1.86419	-1.18785
433.121	-1.65884	-1.48324
433.288	-1.44287	-1.74315
433.456	-1.22697	-1.96677
433.624	-1.01705	-2.15465
433.791	-0.815242	-2.30804
433.959	-0.621127	-2.42828
434.126	-0.43277	-2.5165
434.294	-0.247502	-2.57347
434.461	-0.0624036	-2.59945
434.629	0.125397	-2.59423
434.796	0.318537	-2.55713
434.964	0.519252	-2.48707
435.132	0.729133	-2.38262
435.299	0.948721	-2.24219
435.467	1.17686	-2.06421
435.634	1.40981	-1.84754
435.802	1.64018	-1.59192
435.969	1.8562	-1.2987
436.137	2.04193	-0.971584
436.304	2.17933	-0.617146
436.472	2.2523	-0.244895
436.639	2.25164	0.133474
436.807	2.17836	0.50556
436.975	2.04347	0.859997
437.142	1.86419	1.18785
437.31	1.65884	1.48324
437.477	1.44287	1.74315
437.645	1.22697	1.96677
437.812	1.01705	2.15465
437.98	0.815242	2.30804
438.147	0.621127	2.42828
438.315	0.43277	2.5165
438.483	0.247502	2.57347
438.65	0.0624036	2.59945
438.818	-0.125397	2.59423
438.985	-0.318537	2.55713
439.153	-0.519252	2.48707
439.32	-0.729133	2.38262
439.488	-0.948721	2.24219
439.655	-1.17686	2.06421
439.823	-1.40981	1.84754
439.991	-1.64018	1.59192
440.158	-1.8562	1.2987
440.326	-2.04193	0.971584
440.493	-2.17933	0.617146
440.661	-2.2523	0.244895
440.828	-2.25164	-0.133474
440.996	-2.17836	-0.50556
441.163	-2.04347	-0.859997
441.331	-1.86419	-1.18785
441.498	-1.65884	-1.48324
441.666	-1.44287	-1.74315
441.834	-1.22697	-1.96677
442.001	-1.01705	-2.15465
442.169	-0.815242	-2.30804
442.336	-0.621127	-2.42828
442.504	-0.43277	-2.5165
442.671	-0.247502	-2.57347
442.839	-0.0624036	-2.59945
443.006	0.125397	-2.59423
443.174	0.318537	-2.55713
443.342	0.519252	-2.48707
443.509	0.729133	-2.38262
443.677	0.948721	-2.24219
443.844	1.17686	-2.06421
444.012	1.40981	-1.84754
444.179	1.64018	-1.59192
444.347	1.8562	-1.2987
444.514	2.04193	-0.971584
444.682	2.17933	-0.617146
444.85	2.2523	-0.244895
445.017	2.25164	0.133474
445.185	2.17836	0.50556
445.352	2.04347	0.859997
445.52	1.86419	1.18785
445.687	1.65884	1.48324
445.855	1.44287	1.74315
446.022	1.22697	1.96677
446.19	1.01705	2.15465
446.357	0.815242	2.30804
446.525	0.621127	2.42828
446.693	0.43277	2.5165
446.86	0.247502	2.57347
447.028	0.0624036	2.59945
447.195	-0.125397	2.59423
447.363	-0.318537	2.55713
447.53	-0.519252	2.48707
447.698	-0.729133	2.38262
447.865	-0.948721	2.24219
448.033	-1.17686	2.06421
448.201	-1.40981	1.84754
448.368	-1.64018	1.59192
448.536	-1.8562	1.2987
448.703	-2.04193	0.971584
448.871	-2.17933	0.617146
449.038	-2.2523	0.244895
449.206	-2.25164	-0.133474
449.373	-2.17836	-0.50556
449.541	-2.04347	-0.859997
449.709	-1.86419	-1.18785
449.876	-1.65884	-1.48324
450.044	-1.44287	-1.74315
450.211	-1.22697	-1.96677
450.379	-1.01705	-2.15465
450.546	-0.815242	-2.30804
450.714	-0.621127	-2.42828
450.881	-0.43277	-2.5165
451.049	-0.247502	-2.57347
451.216	-0.0624036	-2.59945
451.384	0.125397	-2.59423
451.552	0.318537	-2.55713
451.719	0.519252	-2.48707
451.887	0.729133	-2.38262
452.054	0.948721	-2.24219
452.222	1.17686	-2.06421
452.389	1.40981	-1.84754
452.557	1.64018	-1.59192
452.724	1.8562	-1.2987
452.892	2.04193	-0.971584
453.06	2.17933	-0.617146
453.227	2.2523	-0.244895
453.395	2.25164	0.133474
453.562	2.17836	0.50556
453.73	2.04347	0.859997
453.897	1.86419	1.18785
454.065	1.65884	1.48324
454.232	1.44287	1.74315
454.4	1.22697	1.96677
454.568	1.01705	2.15465
454.735	0.815242	2.30804
454.903	0.621127	2.42828
455.07	0.43277	2.5165
455.238	0.247502	2.57347
455.405	0.0624036	2.59945
455.573	-0.125397	2.59423
455.74	-0.318537	2.55713
455.908	-0.519252	2.48707
456.075	-0.729133	2.38262
456.243	-0.948721	2.24219
456.411	-1.17686	2.06421
456.578	-1.40981	1.84754
456.746	-1.64018	1.59192
456.913	-1.8562	1.2987
457.081	-2.04193	0.971584
457.248	-2.17933	0.617146
457.416	-2.2523	0.244895
457.583	-2.25164	-0.133474
457.751	-2.17836	-0.50556
457.919	-2.04347	-0.859997
458.086	-1.86419	-1.18785
458.254	-1.65884	-1.48324
458.421	-1.44287	-1.74315
458.589	-1.22697	-1.96677
458.756	-1.01705	-2.15465
458.924	-0.815242	-2.30804
459.091	-0.621127	-2.42828
459.259	-0.43277	-2.5165
459.427	-0.247502	-2.57347
459.594	-0.0624036	-2.59945
459.762	0.125397	-2.59423
459.929	0.318537	-2.55713
460.097	0.519252	-2.48707
460.264	0.729133	-2.38262
460.432	0.948721	-2.24219
460.599	1.17686	-2.06421
460.767	1.40981	-1.84754
460.934	1.64018	-1.59192
461.102	1.8562	-1.2987
461.27	2.04193	-0.971584
461.437	2.17933	-0.617146
461.605	2.2523	-0.244895
461.772	2.25164	0.133474
461.94	2.17836	0.50556
462.107	2.04347	0.859997
462.275	1.86419	1.18785
462.442	1.65884	1.48324
462.61	1.44287	1.74315
462.778	1.22697	1.96677
462.945	1.01705	2.15465
463.113	0.815242	2.30804
463.28	0.621127	2.42828
463.448	0.43277	2.5165
463.615	0.247502	2.57347
463.783	0.0624036	2.59945
463.95	-0.125397	2.59423
464.118	-0.318537	2.55713
464.286	-0.519252	2.48707
464.453	-0.729133	2.38262
464.621	-0.948721	2.24219
464.788	-1.17686	2.06421
464.956	-1.40981	1.84754
465.123	-1.64018	1.59192
465.291	-1.8562	1.2987
465.458	-2.04193	0.971584
465.626	-2.17933	0.617146
465.793	-2.2523	0.244895
465.961	-2.25164	-0.133474
466.129	-2.17836	-0.50556
466.296	-2.04347	-0.859997
466.464	-1.86419	-1.18785
466.631	-1.65884	-1.48324
466.799	-1.44287	-1.74315
466.966	-1.22697	-1.96677
467.134	-1.01705	-2.15465
467.301	-0.815242	-2.30804
467.469	-0.621127	-2.42828
467.637	-0.43277	-2.5165
467.804	-0.247502	-2.57347
467.972	-0.0624036	-2.59945
468.139	0.125397	-2.59423
468.307	0.318537	-2.55713
468.474	0.519252	-2.48707
468.642	0.729133	-2.38262
468.809	0.948721	-2.24219
468.977	1.17686	-2.06421
469.145	1.40981	-1.84754
469.312	1.64018	-1.59192
469.48	1.8562	-1.2987
469.647	2.04193	-0.971584
469.815	2.17933	-0.617146
469.982	2.2523	-0.244895
470.15	2.25164	0.133474
470.317	2.17836	0.50556
470.485	2.04347	0.859997
470.652	1.86419	1.18785
470.82	1.65884	1.48324
470.988	1.44287	1.74315
471.155	1.22697	1.96677
471.323	1.01705	2.15465
471.49	0.815242	2.30804
471.658	0.621127	2.42828
471.825	0.43277	2.5165
471.993	0.247502	2.57347
472.16	0.0624036	2.59945
472.328	-0.125397	2.59423
472.496	-0.318537	2.55713
472.663	-0.519252	2.48707
472.831	-0.729133	2.38262
472.998	-0.948721	2.24219
473.166	-1.17686	2.06421
473.333	-1.40981	1.84754
473.501	-1.64018	1.59192
473.668	-1.8562	1.2987
473.836	-2.04193	0.971584
474.003	-2.17933	0.617146
474.171	-2.2523	0.244895
474.339	-2.25164	-0.133474
474.506	-2.17836	-0.50556
474.674	-2.04347	-0.859997
474.841	-1.86419	-1.18785
475.009	-1.65884	-1.48324
475.176	-1.44287	-1.74315
475.344	-1.22697	-1.96677
475.511	-1.01705	-2.15465
475.679	-0.815242	-2.30804
475.847	-0.621127	-2.42828
476.014	-0.43277	-2.5165
476.182	-0.247502	-2.57347
476.349	-0.0624036	-2.59945
476.517	0.125397	-2.59423
476.684	0.318537	-2.55713
476.852	0.519252	-2.48707
477.019	0.729133	-2.38262
477.187	0.948721	-2.24219
477.355	1.17686	-2.06421
477.522	1.40981	-1.84754
477.69	1.64018	-1.59192
477.857	1.8562	-1.2987
478.025	2.04193	-0.971584
478.192	2.17933	-0.617146
478.36	2.2523	-0.244895
478.527	2.25164	0.133474
478.695	2.17836	0.50556
478.862	2.04347	0.859997
479.03	1.86419	1.18785
479.198	1.65884	1.48324
479.365	1.44287	1.74315
479.533	1.22697	1.96677
479.7	1.01705	2.15465
479.868	0.815242	2.30804
480.035	0.621127	2.42828
480.203	0.43277	2.5165
480.37	0.247502	2.57347
480.538	0.0624036	2.59945
480.706	-0.125397	2.59423
480.873	-0.318537	2.55713
481.041	-0.519252	2.48707
481.208	-0.729133	2.38262
481.376	-0.948721	2.24219
481.543	-1.17686	2.06421
481.711	-1.40981	1.84754
481.878	-1.64018	1.59192
482.046	-1.8562	1.2987
482.214	-2.04193	0.971584
482.381	-2.17933	0.617146
482.549	-2.2523	0.244895
482.716	-2.25164	-0.133474
482.884	-2.17836	-0.50556
483.051	-2.04347	-0.859997
483.219	-1.86419	-1.18785
483.386	-1.65884	-1.48324
483.554	-1.44287	-1.74315
483.721	-1.22697	-1.96677
483.889	-1.01705	-2.15465
484.057	-0.815242	-2.30804
484.224	-0.621127	-2.42828
484.392	-0.43277	-2.5165
484.559	-0.247502	-2.57347
484.727	-0.0624036	-2.59945
484.894	0.125397	-2.59423
485.062	0.318537	-2.55713
485.229	0.519252	-2.48707
485.397	0.729133	-2.38262
485.565	0.948721	-2.24219
485.732	1.17686	-2.06421
485.9	1.40981	-1.84754
486.067	1.64018	-1.59192
486.235	1.8562	-1.2987
486.402	2.04193	-0.971584
486.57	2.17933	-0.617146
486.737	2.2523	-0.244895
486.905	2.25164	0.133474
487.073	2.17836	0.50556
487.24	2.04347	0.859997
487.408	1.86419	1.18785
487.575	1.65884	1.48324
487.743	1.44287	1.74315
487.91	1.22697	1.96677
488.078	1.01705	2.15465
488.245	0.815242	2.30804
488.413	0.621127	2.42828
488.58	0.43277	2.5165
488.748	0.247502	2.57347
488.916	0.0624036	2.59945
489.083	-0.125397	2.59423
489.251	-0.318537	2.55713
489.418	-0.519252	2.48707
489.586	-0.729133	2.38262
489.753	-0.948721	2.24219
489.921	-1.17686	2.06421
490.088	-1.40981	1.84754
490.256	-1.64018	1.59192
490.424	-1.8562	1.2987
490.591	-2.04193	0.971584
490.759	-2.17933	0.617146
490.926	-2.2523	0.244895
491.094	-2.25164	-0.133474
491.261	-2.17836	-0.50556
491.429	-2.04347	-0.859997
491.596	-1.86419	-1.18785
491.764	-1.65884	-1.48324
491.932	-1.44287	-1.74315
492.099	-1.22697	-1.96677
492.267	-1.01705	-2.15465
492.434	-0.815242	-2.30804
492.602	-0.621127	-2.42828
492.769	-0.43277	-2.5165
492.937	-0.247502	-2.57347
493.104	-0.0624036	-2.59945
493.272	0.125397	-2.59423
493.439	0.318537	-2.55713
493.607	0.519252	-2.48707
493.775	0.729133	-2.38262
493.942	0.948721	-2.24219
494.11	1.17686	-2.06421
494.277	1.40981	-1.84754
494.445	1.64018	-1.59192
494.612	1.8562	-1.2987
494.78	2.04193	-0.971584
494.947	2.17933	-0.617146
495.115	2.2523	-0.244895
495.283	2.25164	0.133474
495.45	2.17836	0.50556
495.618	2.04347	0.859997
495.785	1.86419	1.18785
495.953	1.65884	1.48324
496.12	1.44287	1.74315
496.288	1.22697	1.96677
496.455	1.01705	2.15465
496.623	0.815242	2.30804
496.791	0.621127	2.42828
496.958	0.43277	2.5165
497.126	0.247502	2.57347
497.293	0.0624036	2.59945
497.461	-0.125397	2.59423
497.628	-0.318537	2.55713
497.796	-0.519252	2.48707
497.963	-0.729133	2.38262
498.131	-0.948721	2.24219
498.298	-1.17686	2.06421
498.466	-1.40981	1.84754
498.634	-1.64018	1.59192
498.801	-1.8562	1.2987
498.969	-2.04193	0.971584
499.136	-2.17933	0.617146
499.304	-2.2523	0.244895
499.471	-2.25164	-0.133474
499.639	-2.17836	-0.50556
499.806	-2.04347	-0.859997
499.974	-1.86419	-1.18785
