#t	omega	theta
0	0
0.167552	7.12613e-08
0.335103	5.61481e-07
0.502655	1.85262e-06
0.670206	4.27326e-06
0.837758	8.08992e-06
1.00531	1.35022e-05
1.17286	2.06402e-05
1.34041	2.95626e-05
1.50796	4.02542e-05
1.67552	5.26215e-05
1.84307	6.64872e-05
2.01062	8.1585e-05
2.17817	9.75557e-05
2.34572	0.000113948
2.51327	0.000130227
2.68083	0.000145792
2.84838	0.000160005
3.01593	0.000172226
3.18348	0.00018186
3.35103	0.000188397
3.51858	0.000191446
3.68614	0.000190759
3.85369	0.000186234
4.02124	0.000177904
4.18879	0.000165913
4.35634	0.000150486
4.52389	0.000131902
4.69145	0.000110467
4.859	8.65023e-05
5.02655	6.03403e-05
5.1941	3.23269e-05
5.36165	2.83432e-06
5.5292	-2.77248e-05
5.69675	-5.88833e-05
5.86431	-9.01095e-05
6.03186	-0.000120803
6.19941	-0.000150305
6.36696	-0.000177911
6.53451	-0.000202905
6.70206	-0.000224598
6.86962	-0.000242365
7.03717	-0.00025569
7.20472	-0.000264195
7.37227	-0.00026766
7.53982	-0.000266027
7.70737	-0.000259389
7.87493	-0.000247966
8.04248	-0.000232077
8.21003	-0.000212109
8.37758	-0.000188491
8.54513	-0.000161672
8.71268	-0.000132108
8.88024	-0.000100264
9.04779	-6.66072e-05
9.21534	-3.16245e-05
9.38289	4.17503e-06
9.55044	4.02488e-05
9.71799	7.60169e-05
9.88554	0.000110862
10.0531	0.000144138
10.2206	0.000175185
10.3882	0.000203352
10.5558	0.000228023
10.7233	0.000248647
10.8909	0.000264764
11.0584	0.000276029
11.226	0.000282229
11.3935	0.000283283
11.5611	0.000279241
11.7286	0.000270273
11.8962	0.000256649
12.0637	0.000238716
12.2313	0.000216883
12.3988	0.000191595
12.5664	0.000163325
12.7339	0.000132558
12.9015	9.97904e-05
13.069	6.55271e-05
13.2366	3.0282e-05
13.4041	-5.41937e-06
13.5717	-4.10375e-05
13.7392	-7.60193e-05
13.9068	-0.000109801
14.0743	-0.000141815
14.2419	-0.0001715
14.4094	-0.000198316
14.577	-0.00022176
14.7445	-0.000241386
14.9121	-0.00025682
15.0796	-0.000267778
15.2472	-0.000274072
15.4147	-0.000275623
15.5823	-0.000272456
15.7499	-0.000264695
15.9174	-0.000252558
16.085	-0.000236335
16.2525	-0.000216384
16.4201	-0.000193106
16.5876	-0.000166936
16.7552	-0.000138331
16.9227	-0.000107763
17.0903	-7.57085e-05
17.2578	-4.26489e-05
17.4254	-9.06826e-06
17.5929	2.45471e-05
17.7605	5.77085e-05
17.928	8.99261e-05
18.0956	0.000120711
18.2631	0.000149582
18.4307	0.000176069
18.5982	0.000199725
18.7658	0.000220141
18.9333	0.000236952
19.1009	0.000249856
19.2684	0.000258623
19.436	0.000263104
19.6035	0.00026324
19.7711	0.000259059
19.9386	0.000250679
20.1062	0.000238293
20.2737	0.000222171
20.4413	0.000202635
20.6088	0.000180056
20.7764	0.000154835
20.944	0.000127397
21.1115	9.81768e-05
21.2791	6.7617e-05
21.4466	3.61618e-05
21.6142	4.25593e-06
21.7817	-2.76554e-05
21.9493	-5.91266e-05
22.1168	-8.97111e-05
22.2844	-0.000118963
22.4519	-0.000146439
22.6195	-0.000171705
22.787	-0.000194344
22.9546	-0.000213964
23.1221	-0.000230213
23.2897	-0.00024279
23.4572	-0.000251457
23.6248	-0.00025605
23.7923	-0.000256489
23.9599	-0.000252775
24.1274	-0.000244999
24.295	-0.000233326
24.4625	-0.000217997
24.6301	-0.00019931
24.7976	-0.00017761
24.9652	-0.000153278
25.1327	-0.000126718
25.3003	-9.83454e-05
25.4678	-6.8586e-05
25.6354	-3.78669e-05
25.8029	-6.61719e-06
25.9705	2.47326e-05
26.1381	5.57493e-05
26.3056	8.59964e-05
26.4732	0.000115035
26.6407	0.000142424
26.8083	0.000167728
26.9758	0.000190525
27.1434	0.000210411
27.3109	0.000227022
27.4785	0.000240038
27.646	0.000249202
27.8136	0.000254332
27.9811	0.000255327
28.1487	0.000252171
28.3162	0.000244937
28.4838	0.000233779
28.6513	0.000218926
28.8189	0.000200666
28.9864	0.000179341
29.154	0.000155325
29.3215	0.000129018
29.4891	0.000100835
29.6566	7.1198e-05
29.8242	4.05347e-05
29.9917	9.27394e-06
30.1593	-2.21521e-05
30.3268	-5.33074e-05
30.4944	-8.37509e-05
30.6619	-0.000113037
30.8295	-0.000140718
30.997	-0.000166349
31.1646	-0.000189495
31.3322	-0.000209743
31.4997	-0.000226716
31.6673	-0.000240084
31.8348	-0.000249581
32.0024	-0.000255014
32.1699	-0.000256276
32.3375	-0.000253347
32.505	-0.000246297
32.6726	-0.00023528
32.8401	-0.000220523
33.0077	-0.000202317
33.1752	-0.000181005
33.3428	-0.000156964
33.5103	-0.000130597
33.6779	-0.000102321
33.8454	-7.25638e-05
34.013	-4.17543e-05
34.1805	-1.03262e-05
34.3481	2.12842e-05
34.5156	5.26358e-05
34.6832	8.32827e-05
34.8507	0.000112774
35.0183	0.000140655
35.1858	0.000166477
35.3534	0.000189799
35.5209	0.000210205
35.6885	0.000227312
35.856	0.000240788
36.0236	0.000250366
36.1911	0.000255854
36.3587	0.000257144
36.5263	0.000254218
36.6938	0.000247149
36.8614	0.000236091
37.0289	0.000221276
37.1965	0.000202999
37.364	0.000181603
37.5316	0.000157469
37.6991	0.000131003
37.8667	0.000102625
38.0342	7.2763e-05
38.2018	4.18499e-05
38.3693	1.03214e-05
38.5369	-2.13838e-05
38.7044	-5.28226e-05
38.872	-8.35466e-05
39.0395	-0.000113103
39.2071	-0.000141037
39.3746	-0.000166896
39.5422	-0.000190241
39.7097	-0.000210654
39.8773	-0.000227755
40.0448	-0.000241212
40.2124	-0.000250758
40.3799	-0.000256205
40.5475	-0.000257446
40.715	-0.000254466
40.8826	-0.000247339
41.0501	-0.000236222
41.2177	-0.000221348
41.3852	-0.000203013
41.5528	-0.000181562
41.7204	-0.000157378
41.8879	-0.000130865
42.0555	-0.000102446
42.223	-7.25489e-05
42.3906	-4.16077e-05
42.5581	-1.00583e-05
42.7257	2.16602e-05
42.8932	5.31044e-05
43.0608	8.3826e-05
43.2283	0.000113372
43.3959	0.000141289
43.5634	0.000167124
43.731	0.000190439
43.8985	0.000210819
44.0661	0.000227882
44.2336	0.0002413
44.4012	0.000250807
44.5687	0.000256215
44.7363	0.000257419
44.9038	0.000254405
45.0714	0.000247247
45.2389	0.000236103
45.4065	0.000221206
45.574	0.000202853
45.7416	0.000181389
45.9091	0.000157195
46.0767	0.000130679
46.2442	0.000102259
46.4118	7.23666e-05
46.5793	4.14336e-05
46.7469	9.89599e-06
46.9145	-2.18073e-05
47.082	-5.32333e-05
47.2496	-8.39343e-05
47.4171	-0.000113458
47.5847	-0.000141351
47.7522	-0.000167162
47.9198	-0.000190453
48.0873	-0.00021081
48.2549	-0.000227852
48.4224	-0.00024125
48.59	-0.00025074
48.7575	-0.000256134
48.9251	-0.000257327
49.0926	-0.000254305
49.2602	-0.000247142
49.4277	-0.000235996
49.5953	-0.0002211
49.7628	-0.00020275
49.9304	-0.000181291
50.0979	-0.000157105
50.2655	-0.000130597
50.433	-0.000102188
50.6006	-7.23064e-05
50.7681	-4.13854e-05
50.9357	-9.86038e-06
51.1032	2.18301e-05
51.2708	5.32435e-05
51.4383	8.39323e-05
51.6059	0.000113445
51.7734	0.000141327
51.941	0.000167129
52.1086	0.000190413
52.2761	0.000210763
52.4437	0.000227801
52.6112	0.000241197
52.7788	0.000250687
52.9463	0.000256081
53.1139	0.000257277
53.2814	0.000254258
53.449	0.0002471
53.6165	0.000235959
53.7841	0.00022107
53.9516	0.000202726
54.1192	0.000181274
54.2867	0.000157094
54.4543	0.000130592
54.6218	0.00010219
54.7894	7.23141e-05
54.9569	4.13986e-05
55.1245	9.87844e-06
55.292	-2.18079e-05
55.4596	-5.32179e-05
55.6271	-8.39042e-05
55.7947	-0.000113415
55.9622	-0.000141297
56.1298	-0.000167099
56.2973	-0.000190384
56.4649	-0.000210737
56.6324	-0.000227777
56.8	-0.000241177
56.9675	-0.00025067
57.1351	-0.000256069
57.3027	-0.000257268
57.4702	-0.000254254
57.6378	-0.0002471
57.8053	-0.000235963
57.9729	-0.000221077
58.1404	-0.000202736
58.308	-0.000181287
58.4755	-0.000157109
58.6431	-0.00013061
58.8106	-0.000102208
58.9782	-7.23338e-05
59.1457	-4.14187e-05
59.3133	-9.89848e-06
59.4808	2.17884e-05
59.6484	5.31995e-05
59.8159	8.38873e-05
59.9835	0.0001134
60.151	0.000141284
60.3186	0.000167089
60.4861	0.000190377
60.6537	0.000210732
60.8212	0.000227775
60.9888	0.000241177
61.1563	0.000250673
61.3239	0.000256074
61.4914	0.000257276
61.659	0.000254263
61.8265	0.00024711
61.9941	0.000235974
62.1616	0.000221089
62.3292	0.000202749
62.4967	0.000181299
62.6643	0.000157122
62.8319	0.000130622
62.9994	0.00010222
63.167	7.23442e-05
63.3345	4.14279e-05
63.5021	9.90644e-06
63.6696	-2.17819e-05
63.8372	-5.31944e-05
64.0047	-8.38838e-05
64.1723	-0.000113398
64.3398	-0.000141283
64.5074	-0.00016709
64.6749	-0.000190379
64.8425	-0.000210735
65.01	-0.000227779
65.1776	-0.000241182
65.3451	-0.000250679
65.5127	-0.00025608
65.6802	-0.000257282
65.8478	-0.00025427
66.0153	-0.000247116
66.1829	-0.00023598
66.3504	-0.000221095
66.518	-0.000202754
66.6855	-0.000181304
66.8531	-0.000157126
67.0206	-0.000130625
67.1882	-0.000102222
67.3557	-7.23457e-05
67.5233	-4.14287e-05
67.6908	-9.90642e-06
67.8584	2.17826e-05
68.026	5.31958e-05
68.1935	8.38858e-05
68.3611	0.0001134
68.5286	0.000141286
68.6962	0.000167093
68.8637	0.000190382
69.0313	0.000210739
69.1988	0.000227783
69.3664	0.000241186
69.5339	0.000250682
69.7015	0.000256083
69.869	0.000257284
70.0366	0.000254271
70.2041	0.000247118
70.3717	0.000235981
70.5392	0.000221095
70.7068	0.000202754
70.8743	0.000181304
71.0419	0.000157125
71.2094	0.000130624
71.377	0.000102221
71.5445	7.23441e-05
71.7121	4.14269e-05
71.8796	9.90444e-06
72.0472	-2.17847e-05
72.2147	-5.31979e-05
72.3823	-8.38879e-05
72.5498	-0.000113403
72.7174	-0.000141288
72.8849	-0.000167095
73.0525	-0.000190384
73.2201	-0.00021074
73.3876	-0.000227784
73.5552	-0.000241186
73.7227	-0.000250682
73.8903	-0.000256083
74.0578	-0.000257284
74.2254	-0.000254271
74.3929	-0.000247117
74.5605	-0.000235981
74.728	-0.000221094
74.8956	-0.000202753
75.0631	-0.000181302
75.2307	-0.000157124
75.3982	-0.000130622
75.5658	-0.000102219
75.7333	-7.23427e-05
75.9009	-4.14255e-05
76.0684	-9.90321e-06
76.236	2.17858e-05
76.4035	5.31989e-05
76.5711	8.38887e-05
76.7386	0.000113403
76.9062	0.000141289
77.0737	0.000167095
77.2413	0.000190384
77.4088	0.00021074
77.5764	0.000227783
77.7439	0.000241186
77.9115	0.000250682
78.079	0.000256082
78.2466	0.000257284
78.4142	0.00025427
78.5817	0.000247116
78.7493	0.00023598
78.9168	0.000221093
79.0844	0.000202752
79.2519	0.000181302
79.4195	0.000157123
79.587	0.000130622
79.7546	0.000102219
79.9221	7.23422e-05
80.0897	4.14252e-05
80.2572	9.90294e-06
80.4248	-2.1786e-05
80.5923	-5.3199e-05
80.7599	-8.38887e-05
80.9274	-0.000113403
81.095	-0.000141288
81.2625	-0.000167095
81.4301	-0.000190384
81.5976	-0.000210739
81.7652	-0.000227783
81.9327	-0.000241185
82.1003	-0.000250681
82.2678	-0.000256082
82.4354	-0.000257283
82.6029	-0.00025427
82.7705	-0.000247116
82.938	-0.000235979
83.1056	-0.000221093
83.2731	-0.000202752
83.4407	-0.000181301
83.6083	-0.000157123
83.7758	-0.000130622
83.9434	-0.000102219
84.1109	-7.23423e-05
84.2785	-4.14253e-05
84.446	-9.90308e-06
84.6136	2.17858e-05
84.7811	5.31988e-05
84.9487	8.38885e-05
85.1162	0.000113403
85.2838	0.000141288
85.4513	0.000167095
85.6189	0.000190383
85.7864	0.000210739
85.954	0.000227783
86.1215	0.000241185
86.2891	0.000250681
86.4566	0.000256082
86.6242	0.000257283
86.7917	0.00025427
86.9593	0.000247116
87.1268	0.00023598
87.2944	0.000221093
87.4619	0.000202752
87.6295	0.000181302
87.797	0.000157123
87.9646	0.000130622
88.1321	0.000102219
88.2997	7.23424e-05
88.4672	4.14254e-05
88.6348	9.90323e-06
88.8024	-2.17857e-05
88.9699	-5.31987e-05
89.1375	-8.38883e-05
89.305	-0.000113403
89.4726	-0.000141288
89.6401	-0.000167094
89.8077	-0.000190383
89.9752	-0.000210739
90.1428	-0.000227783
90.3103	-0.000241185
90.4779	-0.000250681
90.6454	-0.000256082
90.813	-0.000257283
90.9805	-0.00025427
91.1481	-0.000247116
91.3156	-0.00023598
91.4832	-0.000221093
91.6507	-0.000202752
91.8183	-0.000181302
91.9858	-0.000157123
92.1534	-0.000130622
92.3209	-0.000102219
92.4885	-7.23425e-05
92.656	-4.14255e-05
92.8236	-9.90329e-06
92.9911	2.17856e-05
93.1587	5.31986e-05
93.3262	8.38883e-05
93.4938	0.000113403
93.6613	0.000141288
93.8289	0.000167094
93.9965	0.000190383
94.164	0.000210739
94.3316	0.000227783
94.4991	0.000241185
94.6667	0.000250681
94.8342	0.000256082
95.0018	0.000257283
95.1693	0.00025427
95.3369	0.000247116
95.5044	0.00023598
95.672	0.000221093
95.8395	0.000202752
96.0071	0.000181302
96.1746	0.000157123
96.3422	0.000130622
96.5097	0.000102219
96.6773	7.23425e-05
96.8448	4.14255e-05
97.0124	9.90329e-06
97.1799	-2.17856e-05
97.3475	-5.31986e-05
97.515	-8.38883e-05
97.6826	-0.000113403
97.8501	-0.000141288
98.0177	-0.000167094
98.1852	-0.000190383
98.3528	-0.000210739
98.5203	-0.000227783
98.6879	-0.000241185
98.8554	-0.000250681
99.023	-0.000256082
99.1906	-0.000257283
99.3581	-0.00025427
99.5257	-0.000247116
99.6932	-0.00023598
99.8608	-0.000221093
100.028	-0.000202752
100.196	-0.000181302
100.363	-0.000157123
100.531	-0.000130622
100.699	-0.000102219
100.866	-7.23425e-05
101.034	-4.14255e-05
101.201	-9.90327e-06
101.369	2.17856e-05
101.536	5.31987e-05
101.704	8.38883e-05
101.871	0.000113403
102.039	0.000141288
102.206	0.000167094
102.374	0.000190383
102.542	0.000210739
102.709	0.000227783
102.877	0.000241185
103.044	0.000250681
103.212	0.000256082
103.379	0.000257283
103.547	0.00025427
103.714	0.000247116
103.882	0.00023598
104.05	0.000221093
104.217	0.000202752
104.385	0.000181302
104.552	0.000157123
104.72	0.000130622
104.887	0.000102219
105.055	7.23425e-05
105.222	4.14255e-05
105.39	9.90326e-06
105.558	-2.17856e-05
105.725	-5.31987e-05
105.893	-8.38883e-05
106.06	-0.000113403
106.228	-0.000141288
106.395	-0.000167094
106.563	-0.000190383
106.73	-0.000210739
106.898	-0.000227783
107.065	-0.000241185
107.233	-0.000250681
107.401	-0.000256082
107.568	-0.000257283
107.736	-0.00025427
107.903	-0.000247116
108.071	-0.00023598
108.238	-0.000221093
108.406	-0.000202752
108.573	-0.000181302
108.741	-0.000157123
108.909	-0.000130622
109.076	-0.000102219
109.244	-7.23425e-05
109.411	-4.14255e-05
109.579	-9.90326e-06
109.746	2.17856e-05
109.914	5.31987e-05
110.081	8.38883e-05
110.249	0.000113403
110.417	0.000141288
110.584	0.000167094
110.752	0.000190383
110.919	0.000210739
111.087	0.000227783
111.254	0.000241185
111.422	0.000250681
111.589	0.000256082
111.757	0.000257283
111.924	0.00025427
112.092	0.000247116
112.26	0.00023598
112.427	0.000221093
112.595	0.000202752
112.762	0.000181302
112.93	0.000157123
113.097	0.000130622
113.265	0.000102219
113.432	7.23425e-05
113.6	4.14255e-05
113.768	9.90326e-06
113.935	-2.17856e-05
114.103	-5.31987e-05
114.27	-8.38883e-05
114.438	-0.000113403
114.605	-0.000141288
114.773	-0.000167094
114.94	-0.000190383
115.108	-0.000210739
115.276	-0.000227783
115.443	-0.000241185
115.611	-0.000250681
115.778	-0.000256082
115.946	-0.000257283
116.113	-0.00025427
116.281	-0.000247116
116.448	-0.00023598
116.616	-0.000221093
116.783	-0.000202752
116.951	-0.000181302
117.119	-0.000157123
117.286	-0.000130622
117.454	-0.000102219
117.621	-7.23425e-05
117.789	-4.14255e-05
117.956	-9.90326e-06
118.124	2.17856e-05
118.291	5.31987e-05
118.459	8.38883e-05
118.627	0.000113403
118.794	0.000141288
118.962	0.000167094
119.129	0.000190383
119.297	0.000210739
119.464	0.000227783
119.632	0.000241185
119.799	0.000250681
119.967	0.000256082
120.135	0.000257283
120.302	0.00025427
120.47	0.000247116
120.637	0.00023598
120.805	0.000221093
120.972	0.000202752
121.14	0.000181302
121.307	0.000157123
121.475	0.000130622
121.642	0.000102219
121.81	7.23425e-05
121.978	4.14255e-05
122.145	9.90326e-06
122.313	-2.17856e-05
122.48	-5.31987e-05
122.648	-8.38883e-05
122.815	-0.000113403
122.983	-0.000141288
123.15	-0.000167094
123.318	-0.000190383
123.486	-0.000210739
123.653	-0.000227783
123.821	-0.000241185
123.988	-0.000250681
124.156	-0.000256082
124.323	-0.000257283
124.491	-0.00025427
124.658	-0.000247116
124.826	-0.00023598
124.993	-0.000221093
125.161	-0.000202752
125.329	-0.000181302
125.496	-0.000157123
125.664	-0.000130622
125.831	-0.000102219
125.999	-7.23425e-05
126.166	-4.14255e-05
126.334	-9.90326e-06
126.501	2.17856e-05
126.669	5.31987e-05
126.837	8.38883e-05
127.004	0.000113403
127.172	0.000141288
127.339	0.000167094
127.507	0.000190383
127.674	0.000210739
127.842	0.000227783
128.009	0.000241185
128.177	0.000250681
128.345	0.000256082
128.512	0.000257283
128.68	0.00025427
128.847	0.000247116
129.015	0.00023598
129.182	0.000221093
129.35	0.000202752
129.517	0.000181302
129.685	0.000157123
129.852	0.000130622
130.02	0.000102219
130.188	7.23425e-05
130.355	4.14255e-05
130.523	9.90326e-06
130.69	-2.17856e-05
130.858	-5.31987e-05
131.025	-8.38883e-05
131.193	-0.000113403
131.36	-0.000141288
131.528	-0.000167094
131.696	-0.000190383
131.863	-0.000210739
132.031	-0.000227783
132.198	-0.000241185
132.366	-0.000250681
132.533	-0.000256082
132.701	-0.000257283
132.868	-0.00025427
133.036	-0.000247116
133.204	-0.00023598
133.371	-0.000221093
133.539	-0.000202752
133.706	-0.000181302
133.874	-0.000157123
134.041	-0.000130622
134.209	-0.000102219
134.376	-7.23425e-05
134.544	-4.14255e-05
134.711	-9.90326e-06
134.879	2.17856e-05
135.047	5.31987e-05
135.214	8.38883e-05
135.382	0.000113403
135.549	0.000141288
135.717	0.000167094
135.884	0.000190383
136.052	0.000210739
136.219	0.000227783
136.387	0.000241185
136.555	0.000250681
136.722	0.000256082
136.89	0.000257283
137.057	0.00025427
137.225	0.000247116
137.392	0.00023598
137.56	0.000221093
137.727	0.000202752
137.895	0.000181302
138.063	0.000157123
138.23	0.000130622
138.398	0.000102219
138.565	7.23425e-05
138.733	4.14255e-05
138.9	9.90326e-06
139.068	-2.17856e-05
139.235	-5.31987e-05
139.403	-8.38883e-05
139.57	-0.000113403
139.738	-0.000141288
139.906	-0.000167094
140.073	-0.000190383
140.241	-0.000210739
140.408	-0.000227783
140.576	-0.000241185
140.743	-0.000250681
140.911	-0.000256082
141.078	-0.000257283
141.246	-0.00025427
141.414	-0.000247116
141.581	-0.00023598
141.749	-0.000221093
141.916	-0.000202752
142.084	-0.000181302
142.251	-0.000157123
142.419	-0.000130622
142.586	-0.000102219
142.754	-7.23425e-05
142.922	-4.14255e-05
143.089	-9.90326e-06
143.257	2.17856e-05
143.424	5.31987e-05
143.592	8.38883e-05
143.759	0.000113403
143.927	0.000141288
144.094	0.000167094
144.262	0.000190383
144.429	0.000210739
144.597	0.000227783
144.765	0.000241185
144.932	0.000250681
145.1	0.000256082
145.267	0.000257283
145.435	0.00025427
145.602	0.000247116
145.77	0.00023598
145.937	0.000221093
146.105	0.000202752
146.273	0.000181302
146.44	0.000157123
146.608	0.000130622
146.775	0.000102219
146.943	7.23425e-05
147.11	4.14255e-05
147.278	9.90326e-06
147.445	-2.17856e-05
147.613	-5.31987e-05
147.781	-8.38883e-05
147.948	-0.000113403
148.116	-0.000141288
148.283	-0.000167094
148.451	-0.000190383
148.618	-0.000210739
148.786	-0.000227783
148.953	-0.000241185
149.121	-0.000250681
149.288	-0.000256082
149.456	-0.000257283
149.624	-0.00025427
149.791	-0.000247116
149.959	-0.00023598
150.126	-0.000221093
150.294	-0.000202752
150.461	-0.000181302
150.629	-0.000157123
150.796	-0.000130622
150.964	-0.000102219
151.132	-7.23425e-05
151.299	-4.14255e-05
151.467	-9.90326e-06
151.634	2.17856e-05
151.802	5.31987e-05
151.969	8.38883e-05
152.137	0.000113403
152.304	0.000141288
152.472	0.000167094
152.64	0.000190383
152.807	0.000210739
152.975	0.000227783
153.142	0.000241185
153.31	0.000250681
153.477	0.000256082
153.645	0.000257283
153.812	0.00025427
153.98	0.000247116
154.147	0.00023598
154.315	0.000221093
154.483	0.000202752
154.65	0.000181302
154.818	0.000157123
154.985	0.000130622
155.153	0.000102219
155.32	7.23425e-05
155.488	4.14255e-05
155.655	9.90326e-06
155.823	-2.17856e-05
155.991	-5.31987e-05
156.158	-8.38883e-05
156.326	-0.000113403
156.493	-0.000141288
156.661	-0.000167094
156.828	-0.000190383
156.996	-0.000210739
157.163	-0.000227783
157.331	-0.000241185
157.499	-0.000250681
157.666	-0.000256082
157.834	-0.000257283
158.001	-0.00025427
158.169	-0.000247116
158.336	-0.00023598
158.504	-0.000221093
158.671	-0.000202752
158.839	-0.000181302
159.006	-0.000157123
159.174	-0.000130622
159.342	-0.000102219
159.509	-7.23425e-05
159.677	-4.14255e-05
159.844	-9.90326e-06
160.012	2.17856e-05
160.179	5.31987e-05
160.347	8.38883e-05
160.514	0.000113403
160.682	0.000141288
160.85	0.000167094
161.017	0.000190383
161.185	0.000210739
161.352	0.000227783
161.52	0.000241185
161.687	0.000250681
161.855	0.000256082
162.022	0.000257283
162.19	0.00025427
162.358	0.000247116
162.525	0.00023598
162.693	0.000221093
162.86	0.000202752
163.028	0.000181302
163.195	0.000157123
163.363	0.000130622
163.53	0.000102219
163.698	7.23425e-05
163.865	4.14255e-05
164.033	9.90326e-06
164.201	-2.17856e-05
164.368	-5.31987e-05
164.536	-8.38883e-05
164.703	-0.000113403
164.871	-0.000141288
165.038	-0.000167094
165.206	-0.000190383
165.373	-0.000210739
165.541	-0.000227783
165.709	-0.000241185
165.876	-0.000250681
166.044	-0.000256082
166.211	-0.000257283
166.379	-0.00025427
166.546	-0.000247116
166.714	-0.00023598
166.881	-0.000221093
167.049	-0.000202752
167.217	-0.000181302
167.384	-0.000157123
167.552	-0.000130622
167.719	-0.000102219
167.887	-7.23425e-05
168.054	-4.14255e-05
168.222	-9.90326e-06
168.389	2.17856e-05
168.557	5.31987e-05
168.724	8.38883e-05
168.892	0.000113403
169.06	0.000141288
169.227	0.000167094
169.395	0.000190383
169.562	0.000210739
169.73	0.000227783
169.897	0.000241185
170.065	0.000250681
170.232	0.000256082
170.4	0.000257283
170.568	0.00025427
170.735	0.000247116
170.903	0.00023598
171.07	0.000221093
171.238	0.000202752
171.405	0.000181302
171.573	0.000157123
171.74	0.000130622
171.908	0.000102219
172.076	7.23425e-05
172.243	4.14255e-05
172.411	9.90326e-06
172.578	-2.17856e-05
172.746	-5.31987e-05
172.913	-8.38883e-05
173.081	-0.000113403
173.248	-0.000141288
173.416	-0.000167094
173.583	-0.000190383
173.751	-0.000210739
173.919	-0.000227783
174.086	-0.000241185
174.254	-0.000250681
174.421	-0.000256082
174.589	-0.000257283
174.756	-0.00025427
174.924	-0.000247116
175.091	-0.00023598
175.259	-0.000221093
175.427	-0.000202752
175.594	-0.000181302
175.762	-0.000157123
175.929	-0.000130622
176.097	-0.000102219
176.264	-7.23425e-05
176.432	-4.14255e-05
176.599	-9.90326e-06
176.767	2.17856e-05
176.934	5.31987e-05
177.102	8.38883e-05
177.27	0.000113403
177.437	0.000141288
177.605	0.000167094
177.772	0.000190383
177.94	0.000210739
178.107	0.000227783
178.275	0.000241185
178.442	0.000250681
178.61	0.000256082
178.778	0.000257283
178.945	0.00025427
179.113	0.000247116
179.28	0.00023598
179.448	0.000221093
179.615	0.000202752
179.783	0.000181302
179.95	0.000157123
180.118	0.000130622
180.286	0.000102219
180.453	7.23425e-05
180.621	4.14255e-05
180.788	9.90326e-06
180.956	-2.17856e-05
181.123	-5.31987e-05
181.291	-8.38883e-05
181.458	-0.000113403
181.626	-0.000141288
181.793	-0.000167094
181.961	-0.000190383
182.129	-0.000210739
182.296	-0.000227783
182.464	-0.000241185
182.631	-0.000250681
182.799	-0.000256082
182.966	-0.000257283
183.134	-0.00025427
183.301	-0.000247116
183.469	-0.00023598
183.637	-0.000221093
183.804	-0.000202752
183.972	-0.000181302
184.139	-0.000157123
184.307	-0.000130622
184.474	-0.000102219
184.642	-7.23425e-05
184.809	-4.14255e-05
184.977	-9.90326e-06
185.145	2.17856e-05
185.312	5.31987e-05
185.48	8.38883e-05
185.647	0.000113403
185.815	0.000141288
185.982	0.000167094
186.15	0.000190383
186.317	0.000210739
186.485	0.000227783
186.652	0.000241185
186.82	0.000250681
186.988	0.000256082
187.155	0.000257283
187.323	0.00025427
187.49	0.000247116
187.658	0.00023598
187.825	0.000221093
187.993	0.000202752
188.16	0.000181302
188.328	0.000157123
188.496	0.000130622
188.663	0.000102219
188.831	7.23425e-05
188.998	4.14255e-05
189.166	9.90326e-06
189.333	-2.17856e-05
189.501	-5.31987e-05
189.668	-8.38883e-05
189.836	-0.000113403
190.004	-0.000141288
190.171	-0.000167094
190.339	-0.000190383
190.506	-0.000210739
190.674	-0.000227783
190.841	-0.000241185
191.009	-0.000250681
191.176	-0.000256082
191.344	-0.000257283
191.511	-0.00025427
191.679	-0.000247116
191.847	-0.00023598
192.014	-0.000221093
192.182	-0.000202752
192.349	-0.000181302
192.517	-0.000157123
192.684	-0.000130622
192.852	-0.000102219
193.019	-7.23425e-05
193.187	-4.14255e-05
193.355	-9.90326e-06
193.522	2.17856e-05
193.69	5.31987e-05
193.857	8.38883e-05
194.025	0.000113403
194.192	0.000141288
194.36	0.000167094
194.527	0.000190383
194.695	0.000210739
194.863	0.000227783
195.03	0.000241185
195.198	0.000250681
195.365	0.000256082
195.533	0.000257283
195.7	0.00025427
195.868	0.000247116
196.035	0.00023598
196.203	0.000221093
196.37	0.000202752
196.538	0.000181302
196.706	0.000157123
196.873	0.000130622
197.041	0.000102219
197.208	7.23425e-05
197.376	4.14255e-05
197.543	9.90326e-06
197.711	-2.17856e-05
197.878	-5.31987e-05
198.046	-8.38883e-05
198.214	-0.000113403
198.381	-0.000141288
198.549	-0.000167094
198.716	-0.000190383
198.884	-0.000210739
199.051	-0.000227783
199.219	-0.000241185
199.386	-0.000250681
199.554	-0.000256082
199.722	-0.000257283
199.889	-0.00025427
200.057	-0.000247116
200.224	-0.00023598
200.392	-0.000221093
200.559	-0.000202752
200.727	-0.000181302
200.894	-0.000157123
201.062	-0.000130622
201.229	-0.000102219
201.397	-7.23425e-05
201.565	-4.14255e-05
201.732	-9.90326e-06
201.9	2.17856e-05
202.067	5.31987e-05
202.235	8.38883e-05
202.402	0.000113403
202.57	0.000141288
202.737	0.000167094
202.905	0.000190383
203.073	0.000210739
203.24	0.000227783
203.408	0.000241185
203.575	0.000250681
203.743	0.000256082
203.91	0.000257283
204.078	0.00025427
204.245	0.000247116
204.413	0.00023598
204.581	0.000221093
204.748	0.000202752
204.916	0.000181302
205.083	0.000157123
205.251	0.000130622
205.418	0.000102219
205.586	7.23425e-05
205.753	4.14255e-05
205.921	9.90326e-06
206.088	-2.17856e-05
206.256	-5.31987e-05
206.424	-8.38883e-05
206.591	-0.000113403
206.759	-0.000141288
206.926	-0.000167094
207.094	-0.000190383
207.261	-0.000210739
207.429	-0.000227783
207.596	-0.000241185
207.764	-0.000250681
207.932	-0.000256082
208.099	-0.000257283
208.267	-0.00025427
208.434	-0.000247116
208.602	-0.00023598
208.769	-0.000221093
208.937	-0.000202752
209.104	-0.000181302
209.272	-0.000157123
209.44	-0.000130622
209.607	-0.000102219
209.775	-7.23425e-05
209.942	-4.14255e-05
210.11	-9.90326e-06
210.277	2.17856e-05
210.445	5.31987e-05
210.612	8.38883e-05
210.78	0.000113403
210.947	0.000141288
211.115	0.000167094
211.283	0.000190383
211.45	0.000210739
211.618	0.000227783
211.785	0.000241185
211.953	0.000250681
212.12	0.000256082
212.288	0.000257283
212.455	0.00025427
212.623	0.000247116
212.791	0.00023598
212.958	0.000221093
213.126	0.000202752
213.293	0.000181302
213.461	0.000157123
213.628	0.000130622
213.796	0.000102219
213.963	7.23425e-05
214.131	4.14255e-05
214.299	9.90326e-06
214.466	-2.17856e-05
214.634	-5.31987e-05
214.801	-8.38883e-05
214.969	-0.000113403
215.136	-0.000141288
215.304	-0.000167094
215.471	-0.000190383
215.639	-0.000210739
215.806	-0.000227783
215.974	-0.000241185
216.142	-0.000250681
216.309	-0.000256082
216.477	-0.000257283
216.644	-0.00025427
216.812	-0.000247116
216.979	-0.00023598
217.147	-0.000221093
217.314	-0.000202752
217.482	-0.000181302
217.65	-0.000157123
217.817	-0.000130622
217.985	-0.000102219
218.152	-7.23425e-05
218.32	-4.14255e-05
218.487	-9.90326e-06
218.655	2.17856e-05
218.822	5.31987e-05
218.99	8.38883e-05
219.158	0.000113403
219.325	0.000141288
219.493	0.000167094
219.66	0.000190383
219.828	0.000210739
219.995	0.000227783
220.163	0.000241185
220.33	0.000250681
220.498	0.000256082
220.665	0.000257283
220.833	0.00025427
221.001	0.000247116
221.168	0.00023598
221.336	0.000221093
221.503	0.000202752
221.671	0.000181302
221.838	0.000157123
222.006	0.000130622
222.173	0.000102219
222.341	7.23425e-05
222.509	4.14255e-05
222.676	9.90326e-06
222.844	-2.17856e-05
223.011	-5.31987e-05
223.179	-8.38883e-05
223.346	-0.000113403
223.514	-0.000141288
223.681	-0.000167094
223.849	-0.000190383
224.017	-0.000210739
224.184	-0.000227783
224.352	-0.000241185
224.519	-0.000250681
224.687	-0.000256082
224.854	-0.000257283
225.022	-0.00025427
225.189	-0.000247116
225.357	-0.00023598
225.524	-0.000221093
225.692	-0.000202752
225.86	-0.000181302
226.027	-0.000157123
226.195	-0.000130622
226.362	-0.000102219
226.53	-7.23425e-05
226.697	-4.14255e-05
226.865	-9.90326e-06
227.032	2.17856e-05
227.2	5.31987e-05
227.368	8.38883e-05
227.535	0.000113403
227.703	0.000141288
227.87	0.000167094
228.038	0.000190383
228.205	0.000210739
228.373	0.000227783
228.54	0.000241185
228.708	0.000250681
228.875	0.000256082
229.043	0.000257283
229.211	0.00025427
229.378	0.000247116
229.546	0.00023598
229.713	0.000221093
229.881	0.000202752
230.048	0.000181302
230.216	0.000157123
230.383	0.000130622
230.551	0.000102219
230.719	7.23425e-05
230.886	4.14255e-05
231.054	9.90326e-06
231.221	-2.17856e-05
231.389	-5.31987e-05
231.556	-8.38883e-05
231.724	-0.000113403
231.891	-0.000141288
232.059	-0.000167094
232.227	-0.000190383
232.394	-0.000210739
232.562	-0.000227783
232.729	-0.000241185
232.897	-0.000250681
233.064	-0.000256082
233.232	-0.000257283
233.399	-0.00025427
233.567	-0.000247116
233.734	-0.00023598
233.902	-0.000221093
234.07	-0.000202752
234.237	-0.000181302
234.405	-0.000157123
234.572	-0.000130622
234.74	-0.000102219
234.907	-7.23425e-05
235.075	-4.14255e-05
235.242	-9.90326e-06
235.41	2.17856e-05
235.578	5.31987e-05
235.745	8.38883e-05
235.913	0.000113403
236.08	0.000141288
236.248	0.000167094
236.415	0.000190383
236.583	0.000210739
236.75	0.000227783
236.918	0.000241185
237.086	0.000250681
237.253	0.000256082
237.421	0.000257283
237.588	0.00025427
237.756	0.000247116
237.923	0.00023598
238.091	0.000221093
238.258	0.000202752
238.426	0.000181302
238.593	0.000157123
238.761	0.000130622
238.929	0.000102219
239.096	7.23425e-05
239.264	4.14255e-05
239.431	9.90326e-06
239.599	-2.17856e-05
239.766	-5.31987e-05
239.934	-8.38883e-05
240.101	-0.000113403
240.269	-0.000141288
240.437	-0.000167094
240.604	-0.000190383
240.772	-0.000210739
240.939	-0.000227783
241.107	-0.000241185
241.274	-0.000250681
241.442	-0.000256082
241.609	-0.000257283
241.777	-0.00025427
241.945	-0.000247116
242.112	-0.00023598
242.28	-0.000221093
242.447	-0.000202752
242.615	-0.000181302
242.782	-0.000157123
242.95	-0.000130622
243.117	-0.000102219
243.285	-7.23425e-05
243.452	-4.14255e-05
243.62	-9.90326e-06
243.788	2.17856e-05
243.955	5.31987e-05
244.123	8.38883e-05
244.29	0.000113403
244.458	0.000141288
244.625	0.000167094
244.793	0.000190383
244.96	0.000210739
245.128	0.000227783
245.296	0.000241185
245.463	0.000250681
245.631	0.000256082
245.798	0.000257283
245.966	0.00025427
246.133	0.000247116
246.301	0.00023598
246.468	0.000221093
246.636	0.000202752
246.804	0.000181302
246.971	0.000157123
247.139	0.000130622
247.306	0.000102219
247.474	7.23425e-05
247.641	4.14255e-05
247.809	9.90326e-06
247.976	-2.17856e-05
248.144	-5.31987e-05
248.311	-8.38883e-05
248.479	-0.000113403
248.647	-0.000141288
248.814	-0.000167094
248.982	-0.000190383
249.149	-0.000210739
249.317	-0.000227783
249.484	-0.000241185
249.652	-0.000250681
249.819	-0.000256082
249.987	-0.000257283
250.155	-0.00025427
250.322	-0.000247116
250.49	-0.00023598
250.657	-0.000221093
250.825	-0.000202752
250.992	-0.000181302
251.16	-0.000157123
251.327	-0.000130622
251.495	-0.000102219
251.663	-7.23425e-05
251.83	-4.14255e-05
251.998	-9.90326e-06
252.165	2.17856e-05
252.333	5.31987e-05
252.5	8.38883e-05
252.668	0.000113403
252.835	0.000141288
253.003	0.000167094
253.17	0.000190383
253.338	0.000210739
253.506	0.000227783
253.673	0.000241185
253.841	0.000250681
254.008	0.000256082
254.176	0.000257283
254.343	0.00025427
254.511	0.000247116
254.678	0.00023598
254.846	0.000221093
255.014	0.000202752
255.181	0.000181302
255.349	0.000157123
255.516	0.000130622
255.684	0.000102219
255.851	7.23425e-05
256.019	4.14255e-05
256.186	9.90326e-06
256.354	-2.17856e-05
256.522	-5.31987e-05
256.689	-8.38883e-05
256.857	-0.000113403
257.024	-0.000141288
257.192	-0.000167094
257.359	-0.000190383
257.527	-0.000210739
257.694	-0.000227783
257.862	-0.000241185
258.029	-0.000250681
258.197	-0.000256082
258.365	-0.000257283
258.532	-0.00025427
258.7	-0.000247116
258.867	-0.00023598
259.035	-0.000221093
259.202	-0.000202752
259.37	-0.000181302
259.537	-0.000157123
259.705	-0.000130622
259.873	-0.000102219
260.04	-7.23425e-05
260.208	-4.14255e-05
260.375	-9.90326e-06
260.543	2.17856e-05
260.71	5.31987e-05
260.878	8.38883e-05
261.045	0.000113403
261.213	0.000141288
261.381	0.000167094
261.548	0.000190383
261.716	0.000210739
261.883	0.000227783
262.051	0.000241185
262.218	0.000250681
262.386	0.000256082
262.553	0.000257283
262.721	0.00025427
262.888	0.000247116
263.056	0.00023598
263.224	0.000221093
263.391	0.000202752
263.559	0.000181302
263.726	0.000157123
263.894	0.000130622
264.061	0.000102219
264.229	7.23425e-05
264.396	4.14255e-05
264.564	9.90326e-06
264.732	-2.17856e-05
264.899	-5.31987e-05
265.067	-8.38883e-05
265.234	-0.000113403
265.402	-0.000141288
265.569	-0.000167094
265.737	-0.000190383
265.904	-0.000210739
266.072	-0.000227783
266.24	-0.000241185
266.407	-0.000250681
266.575	-0.000256082
266.742	-0.000257283
266.91	-0.00025427
267.077	-0.000247116
267.245	-0.00023598
267.412	-0.000221093
267.58	-0.000202752
267.747	-0.000181302
267.915	-0.000157123
268.083	-0.000130622
268.25	-0.000102219
268.418	-7.23425e-05
268.585	-4.14255e-05
268.753	-9.90326e-06
268.92	2.17856e-05
269.088	5.31987e-05
269.255	8.38883e-05
269.423	0.000113403
269.591	0.000141288
269.758	0.000167094
269.926	0.000190383
270.093	0.000210739
270.261	0.000227783
270.428	0.000241185
270.596	0.000250681
270.763	0.000256082
270.931	0.000257283
271.099	0.00025427
271.266	0.000247116
271.434	0.00023598
271.601	0.000221093
271.769	0.000202752
271.936	0.000181302
272.104	0.000157123
272.271	0.000130622
272.439	0.000102219
272.606	7.23425e-05
272.774	4.14255e-05
272.942	9.90326e-06
273.109	-2.17856e-05
273.277	-5.31987e-05
273.444	-8.38883e-05
273.612	-0.000113403
273.779	-0.000141288
273.947	-0.000167094
274.114	-0.000190383
274.282	-0.000210739
274.45	-0.000227783
274.617	-0.000241185
274.785	-0.000250681
274.952	-0.000256082
275.12	-0.000257283
275.287	-0.00025427
275.455	-0.000247116
275.622	-0.00023598
275.79	-0.000221093
275.957	-0.000202752
276.125	-0.000181302
276.293	-0.000157123
276.46	-0.000130622
276.628	-0.000102219
276.795	-7.23425e-05
276.963	-4.14255e-05
277.13	-9.90326e-06
277.298	2.17856e-05
277.465	5.31987e-05
277.633	8.38883e-05
277.801	0.000113403
277.968	0.000141288
278.136	0.000167094
278.303	0.000190383
278.471	0.000210739
278.638	0.000227783
278.806	0.000241185
278.973	0.000250681
279.141	0.000256082
279.309	0.000257283
279.476	0.00025427
279.644	0.000247116
279.811	0.00023598
279.979	0.000221093
280.146	0.000202752
280.314	0.000181302
280.481	0.000157123
280.649	0.000130622
280.816	0.000102219
280.984	7.23425e-05
281.152	4.14255e-05
281.319	9.90326e-06
281.487	-2.17856e-05
281.654	-5.31987e-05
281.822	-8.38883e-05
281.989	-0.000113403
282.157	-0.000141288
282.324	-0.000167094
282.492	-0.000190383
282.66	-0.000210739
282.827	-0.000227783
282.995	-0.000241185
283.162	-0.000250681
283.33	-0.000256082
283.497	-0.000257283
283.665	-0.00025427
283.832	-0.000247116
284	-0.00023598
284.168	-0.000221093
284.335	-0.000202752
284.503	-0.000181302
284.67	-0.000157123
284.838	-0.000130622
285.005	-0.000102219
285.173	-7.23425e-05
285.34	-4.14255e-05
285.508	-9.90326e-06
285.675	2.17856e-05
285.843	5.31987e-05
286.011	8.38883e-05
286.178	0.000113403
286.346	0.000141288
286.513	0.000167094
286.681	0.000190383
286.848	0.000210739
287.016	0.000227783
287.183	0.000241185
287.351	0.000250681
287.519	0.000256082
287.686	0.000257283
287.854	0.00025427
288.021	0.000247116
288.189	0.00023598
288.356	0.000221093
288.524	0.000202752
288.691	0.000181302
288.859	0.000157123
289.027	0.000130622
289.194	0.000102219
289.362	7.23425e-05
289.529	4.14255e-05
289.697	9.90326e-06
289.864	-2.17856e-05
290.032	-5.31987e-05
290.199	-8.38883e-05
290.367	-0.000113403
290.534	-0.000141288
290.702	-0.000167094
290.87	-0.000190383
291.037	-0.000210739
291.205	-0.000227783
291.372	-0.000241185
291.54	-0.000250681
291.707	-0.000256082
291.875	-0.000257283
292.042	-0.00025427
292.21	-0.000247116
292.378	-0.00023598
292.545	-0.000221093
292.713	-0.000202752
292.88	-0.000181302
293.048	-0.000157123
293.215	-0.000130622
293.383	-0.000102219
293.55	-7.23425e-05
293.718	-4.14255e-05
293.886	-9.90326e-06
294.053	2.17856e-05
294.221	5.31987e-05
294.388	8.38883e-05
294.556	0.000113403
294.723	0.000141288
294.891	0.000167094
295.058	0.000190383
295.226	0.000210739
295.393	0.000227783
295.561	0.000241185
295.729	0.000250681
295.896	0.000256082
296.064	0.000257283
296.231	0.00025427
296.399	0.000247116
296.566	0.00023598
296.734	0.000221093
296.901	0.000202752
297.069	0.000181302
297.237	0.000157123
297.404	0.000130622
297.572	0.000102219
297.739	7.23425e-05
297.907	4.14255e-05
298.074	9.90326e-06
298.242	-2.17856e-05
298.409	-5.31987e-05
298.577	-8.38883e-05
298.745	-0.000113403
298.912	-0.000141288
299.08	-0.000167094
299.247	-0.000190383
299.415	-0.000210739
299.582	-0.000227783
299.75	-0.000241185
299.917	-0.000250681
300.085	-0.000256082
300.252	-0.000257283
300.42	-0.00025427
300.588	-0.000247116
300.755	-0.00023598
300.923	-0.000221093
301.09	-0.000202752
301.258	-0.000181302
301.425	-0.000157123
301.593	-0.000130622
301.76	-0.000102219
301.928	-7.23425e-05
302.096	-4.14255e-05
302.263	-9.90326e-06
302.431	2.17856e-05
302.598	5.31987e-05
302.766	8.38883e-05
302.933	0.000113403
303.101	0.000141288
303.268	0.000167094
303.436	0.000190383
303.604	0.000210739
303.771	0.000227783
303.939	0.000241185
304.106	0.000250681
304.274	0.000256082
304.441	0.000257283
304.609	0.00025427
304.776	0.000247116
304.944	0.00023598
305.111	0.000221093
305.279	0.000202752
305.447	0.000181302
305.614	0.000157123
305.782	0.000130622
305.949	0.000102219
306.117	7.23425e-05
306.284	4.14255e-05
306.452	9.90326e-06
306.619	-2.17856e-05
306.787	-5.31987e-05
306.955	-8.38883e-05
307.122	-0.000113403
307.29	-0.000141288
307.457	-0.000167094
307.625	-0.000190383
307.792	-0.000210739
307.96	-0.000227783
308.127	-0.000241185
308.295	-0.000250681
308.463	-0.000256082
308.63	-0.000257283
308.798	-0.00025427
308.965	-0.000247116
309.133	-0.00023598
309.3	-0.000221093
309.468	-0.000202752
309.635	-0.000181302
309.803	-0.000157123
309.97	-0.000130622
310.138	-0.000102219
310.306	-7.23425e-05
310.473	-4.14255e-05
310.641	-9.90326e-06
310.808	2.17856e-05
310.976	5.31987e-05
311.143	8.38883e-05
311.311	0.000113403
311.478	0.000141288
311.646	0.000167094
311.814	0.000190383
311.981	0.000210739
312.149	0.000227783
312.316	0.000241185
312.484	0.000250681
312.651	0.000256082
312.819	0.000257283
312.986	0.00025427
313.154	0.000247116
313.322	0.00023598
313.489	0.000221093
313.657	0.000202752
313.824	0.000181302
313.992	0.000157123
314.159	0.000130622
314.327	0.000102219
314.494	7.23425e-05
314.662	4.14255e-05
314.829	9.90326e-06
314.997	-2.17856e-05
315.165	-5.31987e-05
315.332	-8.38883e-05
315.5	-0.000113403
315.667	-0.000141288
315.835	-0.000167094
316.002	-0.000190383
316.17	-0.000210739
316.337	-0.000227783
316.505	-0.000241185
316.673	-0.000250681
316.84	-0.000256082
317.008	-0.000257283
317.175	-0.00025427
317.343	-0.000247116
317.51	-0.00023598
317.678	-0.000221093
317.845	-0.000202752
318.013	-0.000181302
318.181	-0.000157123
318.348	-0.000130622
318.516	-0.000102219
318.683	-7.23425e-05
318.851	-4.14255e-05
319.018	-9.90326e-06
319.186	2.17856e-05
319.353	5.31987e-05
319.521	8.38883e-05
319.688	0.000113403
319.856	0.000141288
320.024	0.000167094
320.191	0.000190383
320.359	0.000210739
320.526	0.000227783
320.694	0.000241185
320.861	0.000250681
321.029	0.000256082
321.196	0.000257283
321.364	0.00025427
321.532	0.000247116
321.699	0.00023598
321.867	0.000221093
322.034	0.000202752
322.202	0.000181302
322.369	0.000157123
322.537	0.000130622
322.704	0.000102219
322.872	7.23425e-05
323.04	4.14255e-05
323.207	9.90326e-06
323.375	-2.17856e-05
323.542	-5.31987e-05
323.71	-8.38883e-05
323.877	-0.000113403
324.045	-0.000141288
324.212	-0.000167094
324.38	-0.000190383
324.547	-0.000210739
324.715	-0.000227783
324.883	-0.000241185
325.05	-0.000250681
325.218	-0.000256082
325.385	-0.000257283
325.553	-0.00025427
325.72	-0.000247116
325.888	-0.00023598
326.055	-0.000221093
326.223	-0.000202752
326.391	-0.000181302
326.558	-0.000157123
326.726	-0.000130622
326.893	-0.000102219
327.061	-7.23425e-05
327.228	-4.14255e-05
327.396	-9.90326e-06
327.563	2.17856e-05
327.731	5.31987e-05
327.898	8.38883e-05
328.066	0.000113403
328.234	0.000141288
328.401	0.000167094
328.569	0.000190383
328.736	0.000210739
328.904	0.000227783
329.071	0.000241185
329.239	0.000250681
329.406	0.000256082
329.574	0.000257283
329.742	0.00025427
329.909	0.000247116
330.077	0.00023598
330.244	0.000221093
330.412	0.000202752
330.579	0.000181302
330.747	0.000157123
330.914	0.000130622
331.082	0.000102219
331.25	7.23425e-05
331.417	4.14255e-05
331.585	9.90326e-06
331.752	-2.17856e-05
331.92	-5.31987e-05
332.087	-8.38883e-05
332.255	-0.000113403
332.422	-0.000141288
332.59	-0.000167094
332.757	-0.000190383
332.925	-0.000210739
333.093	-0.000227783
333.26	-0.000241185
333.428	-0.000250681
333.595	-0.000256082
333.763	-0.000257283
333.93	-0.00025427
334.098	-0.000247116
334.265	-0.00023598
334.433	-0.000221093
334.601	-0.000202752
334.768	-0.000181302
334.936	-0.000157123
335.103	-0.000130622
335.271	-0.000102219
335.438	-7.23425e-05
335.606	-4.14255e-05
335.773	-9.90326e-06
335.941	2.17856e-05
336.109	5.31987e-05
336.276	8.38883e-05
336.444	0.000113403
336.611	0.000141288
336.779	0.000167094
336.946	0.000190383
337.114	0.000210739
337.281	0.000227783
337.449	0.000241185
337.616	0.000250681
337.784	0.000256082
337.952	0.000257283
338.119	0.00025427
338.287	0.000247116
338.454	0.00023598
338.622	0.000221093
338.789	0.000202752
338.957	0.000181302
339.124	0.000157123
339.292	0.000130622
339.46	0.000102219
339.627	7.23425e-05
339.795	4.14255e-05
339.962	9.90326e-06
340.13	-2.17856e-05
340.297	-5.31987e-05
340.465	-8.38883e-05
340.632	-0.000113403
340.8	-0.000141288
340.968	-0.000167094
341.135	-0.000190383
341.303	-0.000210739
341.47	-0.000227783
341.638	-0.000241185
341.805	-0.000250681
341.973	-0.000256082
342.14	-0.000257283
342.308	-0.00025427
342.475	-0.000247116
342.643	-0.00023598
342.811	-0.000221093
342.978	-0.000202752
343.146	-0.000181302
343.313	-0.000157123
343.481	-0.000130622
343.648	-0.000102219
343.816	-7.23425e-05
343.983	-4.14255e-05
344.151	-9.90326e-06
344.319	2.17856e-05
344.486	5.31987e-05
344.654	8.38883e-05
344.821	0.000113403
344.989	0.000141288
345.156	0.000167094
345.324	0.000190383
345.491	0.000210739
345.659	0.000227783
345.827	0.000241185
345.994	0.000250681
346.162	0.000256082
346.329	0.000257283
346.497	0.00025427
346.664	0.000247116
346.832	0.00023598
346.999	0.000221093
347.167	0.000202752
347.334	0.000181302
347.502	0.000157123
347.67	0.000130622
347.837	0.000102219
348.005	7.23425e-05
348.172	4.14255e-05
348.34	9.90326e-06
348.507	-2.17856e-05
348.675	-5.31987e-05
348.842	-8.38883e-05
349.01	-0.000113403
349.178	-0.000141288
349.345	-0.000167094
349.513	-0.000190383
349.68	-0.000210739
349.848	-0.000227783
350.015	-0.000241185
350.183	-0.000250681
350.35	-0.000256082
350.518	-0.000257283
350.686	-0.00025427
350.853	-0.000247116
351.021	-0.00023598
351.188	-0.000221093
351.356	-0.000202752
351.523	-0.000181302
351.691	-0.000157123
351.858	-0.000130622
352.026	-0.000102219
352.193	-7.23425e-05
352.361	-4.14255e-05
352.529	-9.90326e-06
352.696	2.17856e-05
352.864	5.31987e-05
353.031	8.38883e-05
353.199	0.000113403
353.366	0.000141288
353.534	0.000167094
353.701	0.000190383
353.869	0.000210739
354.037	0.000227783
354.204	0.000241185
354.372	0.000250681
354.539	0.000256082
354.707	0.000257283
354.874	0.00025427
355.042	0.000247116
355.209	0.00023598
355.377	0.000221093
355.545	0.000202752
355.712	0.000181302
355.88	0.000157123
356.047	0.000130622
356.215	0.000102219
356.382	7.23425e-05
356.55	4.14255e-05
356.717	9.90326e-06
356.885	-2.17856e-05
357.052	-5.31987e-05
357.22	-8.38883e-05
357.388	-0.000113403
357.555	-0.000141288
357.723	-0.000167094
357.89	-0.000190383
358.058	-0.000210739
358.225	-0.000227783
358.393	-0.000241185
358.56	-0.000250681
358.728	-0.000256082
358.896	-0.000257283
359.063	-0.00025427
359.231	-0.000247116
359.398	-0.00023598
359.566	-0.000221093
359.733	-0.000202752
359.901	-0.000181302
360.068	-0.000157123
360.236	-0.000130622
360.404	-0.000102219
360.571	-7.23425e-05
360.739	-4.14255e-05
360.906	-9.90326e-06
361.074	2.17856e-05
361.241	5.31987e-05
361.409	8.38883e-05
361.576	0.000113403
361.744	0.000141288
361.911	0.000167094
362.079	0.000190383
362.247	0.000210739
362.414	0.000227783
362.582	0.000241185
362.749	0.000250681
362.917	0.000256082
363.084	0.000257283
363.252	0.00025427
363.419	0.000247116
363.587	0.00023598
363.755	0.000221093
363.922	0.000202752
364.09	0.000181302
364.257	0.000157123
364.425	0.000130622
364.592	0.000102219
364.76	7.23425e-05
364.927	4.14255e-05
365.095	9.90326e-06
365.263	-2.17856e-05
365.43	-5.31987e-05
365.598	-8.38883e-05
365.765	-0.000113403
365.933	-0.000141288
366.1	-0.000167094
366.268	-0.000190383
366.435	-0.000210739
366.603	-0.000227783
366.77	-0.000241185
366.938	-0.000250681
367.106	-0.000256082
367.273	-0.000257283
367.441	-0.00025427
367.608	-0.000247116
367.776	-0.00023598
367.943	-0.000221093
368.111	-0.000202752
368.278	-0.000181302
368.446	-0.000157123
368.614	-0.000130622
368.781	-0.000102219
368.949	-7.23425e-05
369.116	-4.14255e-05
369.284	-9.90326e-06
369.451	2.17856e-05
369.619	5.31987e-05
369.786	8.38883e-05
369.954	0.000113403
370.122	0.000141288
370.289	0.000167094
370.457	0.000190383
370.624	0.000210739
370.792	0.000227783
370.959	0.000241185
371.127	0.000250681
371.294	0.000256082
371.462	0.000257283
371.629	0.00025427
371.797	0.000247116
371.965	0.00023598
372.132	0.000221093
372.3	0.000202752
372.467	0.000181302
372.635	0.000157123
372.802	0.000130622
372.97	0.000102219
373.137	7.23425e-05
373.305	4.14255e-05
373.473	9.90326e-06
373.64	-2.17856e-05
373.808	-5.31987e-05
373.975	-8.38883e-05
374.143	-0.000113403
374.31	-0.000141288
374.478	-0.000167094
374.645	-0.000190383
374.813	-0.000210739
374.98	-0.000227783
375.148	-0.000241185
375.316	-0.000250681
375.483	-0.000256082
375.651	-0.000257283
375.818	-0.00025427
375.986	-0.000247116
376.153	-0.00023598
376.321	-0.000221093
376.488	-0.000202752
376.656	-0.000181302
376.824	-0.000157123
376.991	-0.000130622
377.159	-0.000102219
377.326	-7.23425e-05
377.494	-4.14255e-05
377.661	-9.90326e-06
377.829	2.17856e-05
377.996	5.31987e-05
378.164	8.38883e-05
378.332	0.000113403
378.499	0.000141288
378.667	0.000167094
378.834	0.000190383
379.002	0.000210739
379.169	0.000227783
379.337	0.000241185
379.504	0.000250681
379.672	0.000256082
379.839	0.000257283
380.007	0.00025427
380.175	0.000247116
380.342	0.00023598
380.51	0.000221093
380.677	0.000202752
380.845	0.000181302
381.012	0.000157123
381.18	0.000130622
381.347	0.000102219
381.515	7.23425e-05
381.683	4.14255e-05
381.85	9.90326e-06
382.018	-2.17856e-05
382.185	-5.31987e-05
382.353	-8.38883e-05
382.52	-0.000113403
382.688	-0.000141288
382.855	-0.000167094
383.023	-0.000190383
383.191	-0.000210739
383.358	-0.000227783
383.526	-0.000241185
383.693	-0.000250681
383.861	-0.000256082
384.028	-0.000257283
384.196	-0.00025427
384.363	-0.000247116
384.531	-0.00023598
384.698	-0.000221093
384.866	-0.000202752
385.034	-0.000181302
385.201	-0.000157123
385.369	-0.000130622
385.536	-0.000102219
385.704	-7.23425e-05
385.871	-4.14255e-05
386.039	-9.90326e-06
386.206	2.17856e-05
386.374	5.31987e-05
386.542	8.38883e-05
386.709	0.000113403
386.877	0.000141288
387.044	0.000167094
387.212	0.000190383
387.379	0.000210739
387.547	0.000227783
387.714	0.000241185
387.882	0.000250681
388.05	0.000256082
388.217	0.000257283
388.385	0.00025427
388.552	0.000247116
388.72	0.00023598
388.887	0.000221093
389.055	0.000202752
389.222	0.000181302
389.39	0.000157123
389.557	0.000130622
389.725	0.000102219
389.893	7.23425e-05
390.06	4.14255e-05
390.228	9.90326e-06
390.395	-2.17856e-05
390.563	-5.31987e-05
390.73	-8.38883e-05
390.898	-0.000113403
391.065	-0.000141288
391.233	-0.000167094
391.401	-0.000190383
391.568	-0.000210739
391.736	-0.000227783
391.903	-0.000241185
392.071	-0.000250681
392.238	-0.000256082
392.406	-0.000257283
392.573	-0.00025427
392.741	-0.000247116
392.909	-0.00023598
393.076	-0.000221093
393.244	-0.000202752
393.411	-0.000181302
393.579	-0.000157123
393.746	-0.000130622
393.914	-0.000102219
394.081	-7.23425e-05
394.249	-4.14255e-05
394.416	-9.90326e-06
394.584	2.17856e-05
394.752	5.31987e-05
394.919	8.38883e-05
395.087	0.000113403
395.254	0.000141288
395.422	0.000167094
395.589	0.000190383
395.757	0.000210739
395.924	0.000227783
396.092	0.000241185
396.26	0.000250681
396.427	0.000256082
396.595	0.000257283
396.762	0.00025427
396.93	0.000247116
397.097	0.00023598
397.265	0.000221093
397.432	0.000202752
397.6	0.000181302
397.768	0.000157123
397.935	0.000130622
398.103	0.000102219
398.27	7.23425e-05
398.438	4.14255e-05
398.605	9.90326e-06
398.773	-2.17856e-05
398.94	-5.31987e-05
399.108	-8.38883e-05
399.275	-0.000113403
399.443	-0.000141288
399.611	-0.000167094
399.778	-0.000190383
399.946	-0.000210739
400.113	-0.000227783
400.281	-0.000241185
400.448	-0.000250681
400.616	-0.000256082
400.783	-0.000257283
400.951	-0.00025427
401.119	-0.000247116
401.286	-0.00023598
401.454	-0.000221093
401.621	-0.000202752
401.789	-0.000181302
401.956	-0.000157123
402.124	-0.000130622
402.291	-0.000102219
402.459	-7.23425e-05
402.627	-4.14255e-05
402.794	-9.90326e-06
402.962	2.17856e-05
403.129	5.31987e-05
403.297	8.38883e-05
403.464	0.000113403
403.632	0.000141288
403.799	0.000167094
403.967	0.000190383
404.134	0.000210739
404.302	0.000227783
404.47	0.000241185
404.637	0.000250681
404.805	0.000256082
404.972	0.000257283
405.14	0.00025427
405.307	0.000247116
405.475	0.00023598
405.642	0.000221093
405.81	0.000202752
405.978	0.000181302
406.145	0.000157123
406.313	0.000130622
406.48	0.000102219
406.648	7.23425e-05
406.815	4.14255e-05
406.983	9.90326e-06
407.15	-2.17856e-05
407.318	-5.31987e-05
407.486	-8.38883e-05
407.653	-0.000113403
407.821	-0.000141288
407.988	-0.000167094
408.156	-0.000190383
408.323	-0.000210739
408.491	-0.000227783
408.658	-0.000241185
408.826	-0.000250681
408.993	-0.000256082
409.161	-0.000257283
409.329	-0.00025427
409.496	-0.000247116
409.664	-0.00023598
409.831	-0.000221093
409.999	-0.000202752
410.166	-0.000181302
410.334	-0.000157123
410.501	-0.000130622
410.669	-0.000102219
410.837	-7.23425e-05
411.004	-4.14255e-05
411.172	-9.90326e-06
411.339	2.17856e-05
411.507	5.31987e-05
411.674	8.38883e-05
411.842	0.000113403
412.009	0.000141288
412.177	0.000167094
412.345	0.000190383
412.512	0.000210739
412.68	0.000227783
412.847	0.000241185
413.015	0.000250681
413.182	0.000256082
413.35	0.000257283
413.517	0.00025427
413.685	0.000247116
413.852	0.00023598
414.02	0.000221093
414.188	0.000202752
414.355	0.000181302
414.523	0.000157123
414.69	0.000130622
414.858	0.000102219
415.025	7.23425e-05
415.193	4.14255e-05
415.36	9.90326e-06
415.528	-2.17856e-05
415.696	-5.31987e-05
415.863	-8.38883e-05
416.031	-0.000113403
416.198	-0.000141288
416.366	-0.000167094
416.533	-0.000190383
416.701	-0.000210739
416.868	-0.000227783
417.036	-0.000241185
417.204	-0.000250681
417.371	-0.000256082
417.539	-0.000257283
417.706	-0.00025427
417.874	-0.000247116
418.041	-0.00023598
418.209	-0.000221093
418.376	-0.000202752
418.544	-0.000181302
418.711	-0.000157123
418.879	-0.000130622
419.047	-0.000102219
419.214	-7.23425e-05
419.382	-4.14255e-05
419.549	-9.90326e-06
419.717	2.17856e-05
419.884	5.31987e-05
420.052	8.38883e-05
420.219	0.000113403
420.387	0.000141288
420.555	0.000167094
420.722	0.000190383
420.89	0.000210739
421.057	0.000227783
421.225	0.000241185
421.392	0.000250681
421.56	0.000256082
421.727	0.000257283
421.895	0.00025427
422.063	0.000247116
422.23	0.00023598
422.398	0.000221093
422.565	0.000202752
422.733	0.000181302
422.9	0.000157123
423.068	0.000130622
423.235	0.000102219
423.403	7.23425e-05
423.57	4.14255e-05
423.738	9.90326e-06
423.906	-2.17856e-05
424.073	-5.31987e-05
424.241	-8.38883e-05
424.408	-0.000113403
424.576	-0.000141288
424.743	-0.000167094
424.911	-0.000190383
425.078	-0.000210739
425.246	-0.000227783
425.414	-0.000241185
425.581	-0.000250681
425.749	-0.000256082
425.916	-0.000257283
426.084	-0.00025427
426.251	-0.000247116
426.419	-0.00023598
426.586	-0.000221093
426.754	-0.000202752
426.921	-0.000181302
427.089	-0.000157123
427.257	-0.000130622
427.424	-0.000102219
427.592	-7.23425e-05
427.759	-4.14255e-05
427.927	-9.90326e-06
428.094	2.17856e-05
428.262	5.31987e-05
428.429	8.38883e-05
428.597	0.000113403
428.765	0.000141288
428.932	0.000167094
429.1	0.000190383
429.267	0.000210739
429.435	0.000227783
429.602	0.000241185
429.77	0.000250681
429.937	0.000256082
430.105	0.000257283
430.273	0.00025427
430.44	0.000247116
430.608	0.00023598
430.775	0.000221093
430.943	0.000202752
431.11	0.000181302
431.278	0.000157123
431.445	0.000130622
431.613	0.000102219
431.78	7.23425e-05
431.948	4.14255e-05
432.116	9.90326e-06
432.283	-2.17856e-05
432.451	-5.31987e-05
432.618	-8.38883e-05
432.786	-0.000113403
432.953	-0.000141288
433.121	-0.000167094
433.288	-0.000190383
433.456	-0.000210739
433.624	-0.000227783
433.791	-0.000241185
433.959	-0.000250681
434.126	-0.000256082
434.294	-0.000257283
434.461	-0.00025427
434.629	-0.000247116
434.796	-0.00023598
434.964	-0.000221093
435.132	-0.000202752
435.299	-0.000181302
435.467	-0.000157123
435.634	-0.000130622
435.802	-0.000102219
435.969	-7.23425e-05
436.137	-4.14255e-05
436.304	-9.90326e-06
436.472	2.17856e-05
436.639	5.31987e-05
436.807	8.38883e-05
436.975	0.000113403
437.142	0.000141288
437.31	0.000167094
437.477	0.000190383
437.645	0.000210739
437.812	0.000227783
437.98	0.000241185
438.147	0.000250681
438.315	0.000256082
438.483	0.000257283
438.65	0.00025427
438.818	0.000247116
438.985	0.00023598
439.153	0.000221093
439.32	0.000202752
439.488	0.000181302
439.655	0.000157123
439.823	0.000130622
439.991	0.000102219
440.158	7.23425e-05
440.326	4.14255e-05
440.493	9.90326e-06
440.661	-2.17856e-05
440.828	-5.31987e-05
440.996	-8.38883e-05
441.163	-0.000113403
441.331	-0.000141288
441.498	-0.000167094
441.666	-0.000190383
441.834	-0.000210739
442.001	-0.000227783
442.169	-0.000241185
442.336	-0.000250681
442.504	-0.000256082
442.671	-0.000257283
442.839	-0.00025427
443.006	-0.000247116
443.174	-0.00023598
443.342	-0.000221093
443.509	-0.000202752
443.677	-0.000181302
443.844	-0.000157123
444.012	-0.000130622
444.179	-0.000102219
444.347	-7.23425e-05
444.514	-4.14255e-05
444.682	-9.90326e-06
444.85	2.17856e-05
445.017	5.31987e-05
445.185	8.38883e-05
445.352	0.000113403
445.52	0.000141288
445.687	0.000167094
445.855	0.000190383
446.022	0.000210739
446.19	0.000227783
446.357	0.000241185
446.525	0.000250681
446.693	0.000256082
446.86	0.000257283
447.028	0.00025427
447.195	0.000247116
447.363	0.00023598
447.53	0.000221093
447.698	0.000202752
447.865	0.000181302
448.033	0.000157123
448.201	0.000130622
448.368	0.000102219
448.536	7.23425e-05
448.703	4.14255e-05
448.871	9.90326e-06
449.038	-2.17856e-05
449.206	-5.31987e-05
449.373	-8.38883e-05
449.541	-0.000113403
449.709	-0.000141288
449.876	-0.000167094
450.044	-0.000190383
450.211	-0.000210739
450.379	-0.000227783
450.546	-0.000241185
450.714	-0.000250681
450.881	-0.000256082
451.049	-0.000257283
451.216	-0.00025427
451.384	-0.000247116
451.552	-0.00023598
451.719	-0.000221093
451.887	-0.000202752
452.054	-0.000181302
452.222	-0.000157123
452.389	-0.000130622
452.557	-0.000102219
452.724	-7.23425e-05
452.892	-4.14255e-05
453.06	-9.90326e-06
453.227	2.17856e-05
453.395	5.31987e-05
453.562	8.38883e-05
453.73	0.000113403
453.897	0.000141288
454.065	0.000167094
454.232	0.000190383
454.4	0.000210739
454.568	0.000227783
454.735	0.000241185
454.903	0.000250681
455.07	0.000256082
455.238	0.000257283
455.405	0.00025427
455.573	0.000247116
455.74	0.00023598
455.908	0.000221093
456.075	0.000202752
456.243	0.000181302
456.411	0.000157123
456.578	0.000130622
456.746	0.000102219
456.913	7.23425e-05
457.081	4.14255e-05
457.248	9.90326e-06
457.416	-2.17856e-05
457.583	-5.31987e-05
457.751	-8.38883e-05
457.919	-0.000113403
458.086	-0.000141288
458.254	-0.000167094
458.421	-0.000190383
458.589	-0.000210739
458.756	-0.000227783
458.924	-0.000241185
459.091	-0.000250681
459.259	-0.000256082
459.427	-0.000257283
459.594	-0.00025427
459.762	-0.000247116
459.929	-0.00023598
460.097	-0.000221093
460.264	-0.000202752
460.432	-0.000181302
460.599	-0.000157123
460.767	-0.000130622
460.934	-0.000102219
461.102	-7.23425e-05
461.27	-4.14255e-05
461.437	-9.90326e-06
461.605	2.17856e-05
461.772	5.31987e-05
461.94	8.38883e-05
462.107	0.000113403
462.275	0.000141288
462.442	0.000167094
462.61	0.000190383
462.778	0.000210739
462.945	0.000227783
463.113	0.000241185
463.28	0.000250681
463.448	0.000256082
463.615	0.000257283
463.783	0.00025427
463.95	0.000247116
464.118	0.00023598
464.286	0.000221093
464.453	0.000202752
464.621	0.000181302
464.788	0.000157123
464.956	0.000130622
465.123	0.000102219
465.291	7.23425e-05
465.458	4.14255e-05
465.626	9.90326e-06
465.793	-2.17856e-05
465.961	-5.31987e-05
466.129	-8.38883e-05
466.296	-0.000113403
466.464	-0.000141288
466.631	-0.000167094
466.799	-0.000190383
466.966	-0.000210739
467.134	-0.000227783
467.301	-0.000241185
467.469	-0.000250681
467.637	-0.000256082
467.804	-0.000257283
467.972	-0.00025427
468.139	-0.000247116
468.307	-0.00023598
468.474	-0.000221093
468.642	-0.000202752
468.809	-0.000181302
468.977	-0.000157123
469.145	-0.000130622
469.312	-0.000102219
469.48	-7.23425e-05
469.647	-4.14255e-05
469.815	-9.90326e-06
469.982	2.17856e-05
470.15	5.31987e-05
470.317	8.38883e-05
470.485	0.000113403
470.652	0.000141288
470.82	0.000167094
470.988	0.000190383
471.155	0.000210739
471.323	0.000227783
471.49	0.000241185
471.658	0.000250681
471.825	0.000256082
471.993	0.000257283
472.16	0.00025427
472.328	0.000247116
472.496	0.00023598
472.663	0.000221093
472.831	0.000202752
472.998	0.000181302
473.166	0.000157123
473.333	0.000130622
473.501	0.000102219
473.668	7.23425e-05
473.836	4.14255e-05
474.003	9.90326e-06
474.171	-2.17856e-05
474.339	-5.31987e-05
474.506	-8.38883e-05
474.674	-0.000113403
474.841	-0.000141288
475.009	-0.000167094
475.176	-0.000190383
475.344	-0.000210739
475.511	-0.000227783
475.679	-0.000241185
475.847	-0.000250681
476.014	-0.000256082
476.182	-0.000257283
476.349	-0.00025427
476.517	-0.000247116
476.684	-0.00023598
476.852	-0.000221093
477.019	-0.000202752
477.187	-0.000181302
477.355	-0.000157123
477.522	-0.000130622
477.69	-0.000102219
477.857	-7.23425e-05
478.025	-4.14255e-05
478.192	-9.90326e-06
478.36	2.17856e-05
478.527	5.31987e-05
478.695	8.38883e-05
478.862	0.000113403
479.03	0.000141288
479.198	0.000167094
479.365	0.000190383
479.533	0.000210739
479.7	0.000227783
479.868	0.000241185
480.035	0.000250681
480.203	0.000256082
480.37	0.000257283
480.538	0.00025427
480.706	0.000247116
480.873	0.00023598
481.041	0.000221093
481.208	0.000202752
481.376	0.000181302
481.543	0.000157123
481.711	0.000130622
481.878	0.000102219
482.046	7.23425e-05
482.214	4.14255e-05
482.381	9.90326e-06
482.549	-2.17856e-05
482.716	-5.31987e-05
482.884	-8.38883e-05
483.051	-0.000113403
483.219	-0.000141288
483.386	-0.000167094
483.554	-0.000190383
483.721	-0.000210739
483.889	-0.000227783
484.057	-0.000241185
484.224	-0.000250681
484.392	-0.000256082
484.559	-0.000257283
484.727	-0.00025427
484.894	-0.000247116
485.062	-0.00023598
485.229	-0.000221093
485.397	-0.000202752
485.565	-0.000181302
485.732	-0.000157123
485.9	-0.000130622
486.067	-0.000102219
486.235	-7.23425e-05
486.402	-4.14255e-05
486.57	-9.90326e-06
486.737	2.17856e-05
486.905	5.31987e-05
487.073	8.38883e-05
487.24	0.000113403
487.408	0.000141288
487.575	0.000167094
487.743	0.000190383
487.91	0.000210739
488.078	0.000227783
488.245	0.000241185
488.413	0.000250681
488.58	0.000256082
488.748	0.000257283
488.916	0.00025427
489.083	0.000247116
489.251	0.00023598
489.418	0.000221093
489.586	0.000202752
489.753	0.000181302
489.921	0.000157123
490.088	0.000130622
490.256	0.000102219
490.424	7.23425e-05
490.591	4.14255e-05
490.759	9.90326e-06
490.926	-2.17856e-05
491.094	-5.31987e-05
491.261	-8.38883e-05
491.429	-0.000113403
491.596	-0.000141288
491.764	-0.000167094
491.932	-0.000190383
492.099	-0.000210739
492.267	-0.000227783
492.434	-0.000241185
492.602	-0.000250681
492.769	-0.000256082
492.937	-0.000257283
493.104	-0.00025427
493.272	-0.000247116
493.439	-0.00023598
493.607	-0.000221093
493.775	-0.000202752
493.942	-0.000181302
494.11	-0.000157123
494.277	-0.000130622
494.445	-0.000102219
494.612	-7.23425e-05
494.78	-4.14255e-05
494.947	-9.90326e-06
495.115	2.17856e-05
495.283	5.31987e-05
495.45	8.38883e-05
495.618	0.000113403
495.785	0.000141288
495.953	0.000167094
496.12	0.000190383
496.288	0.000210739
496.455	0.000227783
496.623	0.000241185
496.791	0.000250681
496.958	0.000256082
497.126	0.000257283
497.293	0.00025427
497.461	0.000247116
497.628	0.00023598
497.796	0.000221093
497.963	0.000202752
498.131	0.000181302
498.298	0.000157123
498.466	0.000130622
498.634	0.000102219
498.801	7.23425e-05
498.969	4.14255e-05
499.136	9.90326e-06
499.304	-2.17856e-05
499.471	-5.31987e-05
499.639	-8.38883e-05
499.806	-0.000113403
499.974	-0.000141288
