#t	omega	theta
0	0
0.167552	1.42523e-07
0.335103	1.12297e-06
0.502655	3.70539e-06
0.670206	8.54785e-06
0.837758	1.6187e-05
1.00531	2.70321e-05
1.17286	4.13646e-05
1.34041	5.93403e-05
1.50796	8.09876e-05
1.67552	0.000106201
1.84307	0.000134725
2.01062	0.000166136
2.17817	0.000199818
2.34572	0.000234939
2.51327	0.000270444
2.68083	0.000305068
2.84838	0.000337368
3.01593	0.000365813
3.18348	0.000388887
3.35103	0.000405233
3.51858	0.000413787
3.68614	0.000413886
3.85369	0.000405321
4.02124	0.00038832
4.18879	0.000363466
4.35634	0.000331572
4.52389	0.000293547
4.69145	0.000250277
4.859	0.000202547
5.02655	0.000150997
5.1941	9.61286e-05
5.36165	3.834e-05
5.5292	-2.20125e-05
5.69675	-8.45397e-05
5.86431	-0.000148737
6.03186	-0.000213906
6.19941	-0.000279084
6.36696	-0.000343
6.53451	-0.000404072
6.70206	-0.000460446
6.86962	-0.000510109
7.03717	-0.000551051
7.20472	-0.000581478
7.37227	-0.000600019
7.53982	-0.000605905
7.70737	-0.000599049
7.87493	-0.000580027
8.04248	-0.000549958
8.21003	-0.00051031
8.37758	-0.000462692
8.54513	-0.000408663
8.71268	-0.000349594
8.88024	-0.000286597
9.04779	-0.000220507
9.21534	-0.000151922
9.38289	-8.12611e-05
9.55044	-8.86219e-06
9.71799	6.49267e-05
9.88554	0.000139646
10.0531	0.000214633
10.2206	0.000288945
10.3882	0.000361312
10.5558	0.000430131
10.7233	0.000493509
10.8909	0.000549381
11.0584	0.000595677
11.226	0.000630543
11.3935	0.000652557
11.5611	0.000660913
11.7286	0.000655517
11.8962	0.000636971
12.0637	0.000606461
12.2313	0.000565564
12.3988	0.000516032
12.5664	0.000459592
12.7339	0.000397794
12.9015	0.00033192
13.069	0.000262961
13.2366	0.000191638
13.4041	0.000118461
13.5717	4.38131e-05
13.7392	-3.19533e-05
13.9068	-0.000108422
14.0743	-0.000185019
14.2419	-0.000260934
14.4094	-0.000335066
14.577	-0.000406
14.7445	-0.000472035
14.9121	-0.000531261
15.0796	-0.000581704
15.2472	-0.000621503
15.4147	-0.00064912
15.5823	-0.000663525
15.7499	-0.000664321
15.9174	-0.000651785
16.085	-0.000626802
16.2525	-0.000590726
16.4201	-0.000545191
16.5876	-0.000491907
16.7552	-0.000432504
16.9227	-0.000368403
17.0903	-0.000300766
17.2578	-0.000230483
17.4254	-0.000158213
17.5929	-8.44422e-05
17.7605	-9.57195e-06
17.928	6.59963e-05
18.0956	0.00014177
18.2631	0.000217087
18.4307	0.000291048
18.5982	0.000362483
18.7658	0.000429944
18.9333	0.000491753
19.1009	0.000546092
19.2684	0.000591147
19.436	0.000625285
19.6035	0.00064723
19.7711	0.000656219
19.9386	0.000652089
20.1062	0.000635288
20.2737	0.000606795
20.4413	0.000567977
20.6088	0.000520416
20.7764	0.000465734
20.944	0.000405449
21.1115	0.00034088
21.2791	0.000273105
21.4466	0.000202956
21.6142	0.000131064
21.7817	5.79168e-05
21.9493	-1.6062e-05
22.1168	-9.04304e-05
22.2844	-0.000164648
22.4519	-0.000238003
22.6195	-0.000309563
22.787	-0.000378142
22.9546	-0.000442312
23.1221	-0.000500454
23.2897	-0.000550854
23.4572	-0.000591837
23.6248	-0.000621937
23.7923	-0.00064005
23.9599	-0.000645569
24.1274	-0.000638452
24.295	-0.000619218
24.4625	-0.000588862
24.6301	-0.000548725
24.7976	-0.000500329
24.9652	-0.000445218
25.1327	-0.000384833
25.3003	-0.000320426
25.4678	-0.00025302
25.6354	-0.00018342
25.8029	-0.00011224
25.9705	-3.99719e-05
26.1381	3.29456e-05
26.3056	0.000106049
26.4732	0.000178775
26.6407	0.000250395
26.8083	0.000319967
26.9758	0.000386317
27.1434	0.000448049
27.3109	0.000503598
27.4785	0.000551327
27.646	0.000589658
27.8136	0.000617227
27.9811	0.00063303
28.1487	0.000636539
28.3162	0.000627769
28.4838	0.000607261
28.6513	0.000576005
28.8189	0.00053531
28.9864	0.000486651
29.154	0.000431522
29.3215	0.000371314
29.4891	0.000307239
29.6566	0.00024029
29.8242	0.000171253
29.9917	0.000100736
30.1593	2.92318e-05
30.3268	-4.28161e-05
30.4944	-0.000114935
30.6619	-0.000186553
30.8295	-0.000256939
30.997	-0.000325156
31.1646	-0.000390043
31.3322	-0.000450229
31.4997	-0.000504189
31.6673	-0.000550334
31.8348	-0.000587143
32.0024	-0.000613305
32.1699	-0.000627866
32.3375	-0.000630337
32.505	-0.000620754
32.6726	-0.000599661
32.8401	-0.000568036
33.0077	-0.000527166
33.1752	-0.000478495
33.3428	-0.000423487
33.5103	-0.000363505
33.6779	-0.000299737
33.8454	-0.000233162
34.013	-0.000164555
34.1805	-9.45195e-05
34.3481	-2.35472e-05
34.5156	4.79157e-05
34.6832	0.000119395
34.8507	0.000190318
35.0183	0.000259954
35.1858	0.000327373
35.3534	0.000391424
35.5209	0.000450755
35.6885	0.00050386
35.856	0.00054918
36.0236	0.000585217
36.1911	0.00061069
36.3587	0.000624666
36.5263	0.00062667
36.6938	0.000616744
36.8614	0.000595429
37.0289	0.000563695
37.1965	0.000522811
37.364	0.000474208
37.5316	0.00041933
37.6991	0.000359528
37.8667	0.000295978
38.0342	0.000229651
38.2018	0.000161317
38.3693	9.15763e-05
38.5369	2.09203e-05
38.7044	-5.02051e-05
38.872	-0.000121326
39.0395	-0.00019187
39.2071	-0.00026111
39.3746	-0.000328119
39.5422	-0.000391754
39.7097	-0.00045067
39.8773	-0.000503376
40.0448	-0.00054832
40.2124	-0.00058402
40.3799	-0.000609203
40.5475	-0.000622945
40.715	-0.000624776
40.8826	-0.000614737
41.0501	-0.000593365
41.2177	-0.000561624
41.3852	-0.000520776
41.5528	-0.000472242
41.7204	-0.00041746
41.8879	-0.000357773
42.0555	-0.000294352
42.223	-0.000228166
42.3906	-0.00015998
42.5581	-9.03959e-05
42.7257	-1.99028e-05
42.8932	5.10535e-05
43.0608	0.000122
43.2283	0.000192365
43.3959	0.000261423
43.5634	0.000328251
43.731	0.000391708
43.8985	0.000450454
44.0661	0.000503001
44.2336	0.000547803
44.4012	0.000583383
44.5687	0.000608471
44.7363	0.000622143
44.9038	0.00062393
45.0714	0.000613872
45.2389	0.000592505
45.4065	0.000560786
45.574	0.000519975
45.7416	0.00047149
45.9091	0.000416764
46.0767	0.000357139
46.2442	0.000293784
46.4118	0.000227666
46.5793	0.000159551
46.7469	9.00381e-05
46.9145	1.96171e-05
47.082	-5.12668e-05
47.2496	-0.000122141
47.4171	-0.000192435
47.5847	-0.000261424
47.7522	-0.000328186
47.9198	-0.000391582
48.0873	-0.000450274
48.2549	-0.000502774
48.4224	-0.00054754
48.59	-0.000583093
48.7575	-0.000608163
48.9251	-0.000621829
49.0926	-0.00062362
49.2602	-0.000613573
49.4277	-0.000592223
49.5953	-0.000560526
49.7628	-0.000519742
49.9304	-0.000471284
50.0979	-0.000416587
50.2655	-0.00035699
50.433	-0.000293665
50.6006	-0.000227575
50.7681	-0.000159487
50.9357	-9.00014e-05
51.1032	-1.96065e-05
51.2708	5.12527e-05
51.4383	0.000122103
51.6059	0.000192377
51.7734	0.000261348
51.941	0.000328094
52.1086	0.000391478
52.2761	0.000450162
52.4437	0.000502659
52.6112	0.000547425
52.7788	0.000582983
52.9463	0.000608062
53.1139	0.000621739
53.2814	0.000623543
53.449	0.000613511
53.6165	0.000592177
53.7841	0.000560495
53.9516	0.000519725
54.1192	0.00047128
54.2867	0.000416596
54.4543	0.000357011
54.6218	0.000293695
54.7894	0.000227614
54.9569	0.000159535
55.1245	9.00563e-05
55.292	1.96674e-05
55.4596	-5.11869e-05
55.6271	-0.000122034
55.7947	-0.000192306
55.9622	-0.000261277
56.1298	-0.000328025
56.2973	-0.000391413
56.4649	-0.000450103
56.6324	-0.000502609
56.8	-0.000547385
56.9675	-0.000582954
57.1351	-0.000608045
57.3027	-0.000621734
57.4702	-0.00062355
57.6378	-0.000613529
57.8053	-0.000592204
57.9729	-0.000560531
58.1404	-0.000519768
58.308	-0.000471328
58.4755	-0.000416648
58.6431	-0.000357066
58.8106	-0.000293753
58.9782	-0.000227673
59.1457	-0.000159595
59.3133	-9.01158e-05
59.4808	-1.97261e-05
59.6484	5.11299e-05
59.8159	0.00012198
59.9835	0.000192255
60.151	0.00026123
60.3186	0.000327984
60.4861	0.000391379
60.6537	0.000450077
60.8212	0.000502591
60.9888	0.000547376
61.1563	0.000582954
61.3239	0.000608054
61.4914	0.000621752
61.659	0.000623575
61.8265	0.000613561
61.9941	0.000592241
62.1616	0.000560572
62.3292	0.000519811
62.4967	0.000471373
62.6643	0.000416694
62.8319	0.000357112
62.9994	0.000293798
63.167	0.000227718
63.3345	0.000159637
63.5021	9.01569e-05
63.6696	1.97649e-05
63.8372	-5.10938e-05
64.0047	-0.000121947
64.1723	-0.000192226
64.3398	-0.000261205
64.5074	-0.000327964
64.6749	-0.000391365
64.8425	-0.000450068
65.01	-0.000502587
65.1776	-0.000547378
65.3451	-0.000582962
65.5127	-0.000608067
65.6802	-0.00062177
65.8478	-0.000623597
66.0153	-0.000613585
66.1829	-0.000592268
66.3504	-0.0005606
66.518	-0.00051984
66.6855	-0.000471403
66.8531	-0.000416723
67.0206	-0.000357141
67.1882	-0.000293826
67.3557	-0.000227744
67.5233	-0.000159662
67.6908	-9.018e-05
67.8584	-1.97861e-05
68.026	5.10748e-05
68.1935	0.00012193
68.3611	0.000192211
68.5286	0.000261194
68.6962	0.000327956
68.8637	0.000391359
69.0313	0.000450066
69.1988	0.000502588
69.3664	0.000547382
69.5339	0.000582969
69.7015	0.000608077
69.869	0.000621781
70.0366	0.00062361
70.2041	0.0006136
70.3717	0.000592283
70.5392	0.000560616
70.7068	0.000519856
70.8743	0.000471419
71.0419	0.000416738
71.2094	0.000357155
71.377	0.00029384
71.5445	0.000227757
71.7121	0.000159674
71.8796	9.0191e-05
72.0472	1.97959e-05
72.2147	-5.10662e-05
72.3823	-0.000121923
72.5498	-0.000192206
72.7174	-0.00026119
72.8849	-0.000327953
73.0525	-0.000391358
73.2201	-0.000450066
73.3876	-0.00050259
73.5552	-0.000547385
73.7227	-0.000582973
73.8903	-0.000608082
74.0578	-0.000621788
74.2254	-0.000623617
74.3929	-0.000613607
74.5605	-0.000592291
74.728	-0.000560624
74.8956	-0.000519864
75.0631	-0.000471426
75.2307	-0.000416745
75.3982	-0.000357162
75.5658	-0.000293846
75.7333	-0.000227763
75.9009	-0.000159679
76.0684	-9.01954e-05
76.236	-1.97997e-05
76.4035	5.1063e-05
76.5711	0.00012192
76.7386	0.000192204
76.9062	0.000261189
77.0737	0.000327952
77.2413	0.000391358
77.4088	0.000450067
77.5764	0.000502591
77.7439	0.000547387
77.9115	0.000582975
78.079	0.000608085
78.2466	0.000621791
78.4142	0.000623621
78.5817	0.000613611
78.7493	0.000592294
78.9168	0.000560627
79.0844	0.000519867
79.2519	0.000471429
79.4195	0.000416748
79.587	0.000357164
79.7546	0.000293848
79.9221	0.000227765
80.0897	0.000159681
80.2572	9.01968e-05
80.4248	1.98008e-05
80.5923	-5.10622e-05
80.7599	-0.00012192
80.9274	-0.000192204
81.095	-0.000261189
81.2625	-0.000327953
81.4301	-0.000391359
81.5976	-0.000450067
81.7652	-0.000502592
81.9327	-0.000547388
82.1003	-0.000582976
82.2678	-0.000608086
82.4354	-0.000621792
82.6029	-0.000623622
82.7705	-0.000613612
82.938	-0.000592295
83.1056	-0.000560628
83.2731	-0.000519868
83.4407	-0.00047143
83.6083	-0.000416749
83.7758	-0.000357165
83.9434	-0.000293848
84.1109	-0.000227765
84.2785	-0.000159681
84.446	-9.01969e-05
84.6136	-1.98008e-05
84.7811	5.10623e-05
84.9487	0.00012192
85.1162	0.000192204
85.2838	0.000261189
85.4513	0.000327953
85.6189	0.000391359
85.7864	0.000450068
85.954	0.000502593
86.1215	0.000547389
86.2891	0.000582977
86.4566	0.000608086
86.6242	0.000621792
86.7917	0.000623622
86.9593	0.000613612
87.1268	0.000592295
87.2944	0.000560628
87.4619	0.000519868
87.6295	0.00047143
87.797	0.000416749
87.9646	0.000357165
88.1321	0.000293848
88.2997	0.000227765
88.4672	0.000159681
88.6348	9.01967e-05
88.8024	1.98006e-05
88.9699	-5.10625e-05
89.1375	-0.00012192
89.305	-0.000192204
89.4726	-0.000261189
89.6401	-0.000327953
89.8077	-0.000391359
89.9752	-0.000450068
90.1428	-0.000502593
90.3103	-0.000547389
90.4779	-0.000582977
90.6454	-0.000608087
90.813	-0.000621792
90.9805	-0.000623622
91.1481	-0.000613612
91.3156	-0.000592295
91.4832	-0.000560628
91.6507	-0.000519867
91.8183	-0.000471429
91.9858	-0.000416748
92.1534	-0.000357165
92.3209	-0.000293848
92.4885	-0.000227765
92.656	-0.000159681
92.8236	-9.01965e-05
92.9911	-1.98004e-05
93.1587	5.10628e-05
93.3262	0.000121921
93.4938	0.000192204
93.6613	0.000261189
93.8289	0.000327954
93.9965	0.000391359
94.164	0.000450068
94.3316	0.000502593
94.4991	0.000547389
94.6667	0.000582977
94.8342	0.000608086
95.0018	0.000621792
95.1693	0.000623622
95.3369	0.000613612
95.5044	0.000592295
95.672	0.000560628
95.8395	0.000519867
96.0071	0.000471429
96.1746	0.000416748
96.3422	0.000357164
96.5097	0.000293848
96.6773	0.000227764
96.8448	0.000159681
97.0124	9.01963e-05
97.1799	1.98002e-05
97.3475	-5.10629e-05
97.515	-0.000121921
97.6826	-0.000192204
97.8501	-0.000261189
98.0177	-0.000327954
98.1852	-0.000391359
98.3528	-0.000450068
98.5203	-0.000502593
98.6879	-0.000547389
98.8554	-0.000582977
99.023	-0.000608086
99.1906	-0.000621792
99.3581	-0.000623622
99.5257	-0.000613612
99.6932	-0.000592295
99.8608	-0.000560628
100.028	-0.000519867
100.196	-0.000471429
100.363	-0.000416748
100.531	-0.000357164
100.699	-0.000293848
100.866	-0.000227764
101.034	-0.00015968
101.201	-9.01962e-05
101.369	-1.98001e-05
101.536	5.1063e-05
101.704	0.000121921
101.871	0.000192204
102.039	0.000261189
102.206	0.000327954
102.374	0.000391359
102.542	0.000450068
102.709	0.000502593
102.877	0.000547389
103.044	0.000582977
103.212	0.000608086
103.379	0.000621792
103.547	0.000623622
103.714	0.000613612
103.882	0.000592295
104.05	0.000560628
104.217	0.000519867
104.385	0.000471429
104.552	0.000416748
104.72	0.000357164
104.887	0.000293848
105.055	0.000227764
105.222	0.00015968
105.39	9.01962e-05
105.558	1.98001e-05
105.725	-5.1063e-05
105.893	-0.000121921
106.06	-0.000192204
106.228	-0.000261189
106.395	-0.000327954
106.563	-0.000391359
106.73	-0.000450068
106.898	-0.000502593
107.065	-0.000547389
107.233	-0.000582977
107.401	-0.000608086
107.568	-0.000621792
107.736	-0.000623622
107.903	-0.000613612
108.071	-0.000592295
108.238	-0.000560628
108.406	-0.000519867
108.573	-0.000471429
108.741	-0.000416748
108.909	-0.000357164
109.076	-0.000293847
109.244	-0.000227764
109.411	-0.00015968
109.579	-9.01962e-05
109.746	-1.98001e-05
109.914	5.1063e-05
110.081	0.000121921
110.249	0.000192204
110.417	0.000261189
110.584	0.000327954
110.752	0.000391359
110.919	0.000450068
111.087	0.000502593
111.254	0.000547389
111.422	0.000582977
111.589	0.000608086
111.757	0.000621792
111.924	0.000623622
112.092	0.000613612
112.26	0.000592295
112.427	0.000560628
112.595	0.000519867
112.762	0.000471429
112.93	0.000416748
113.097	0.000357164
113.265	0.000293847
113.432	0.000227764
113.6	0.00015968
113.768	9.01961e-05
113.935	1.98001e-05
114.103	-5.1063e-05
114.27	-0.000121921
114.438	-0.000192204
114.605	-0.000261189
114.773	-0.000327954
114.94	-0.000391359
115.108	-0.000450068
115.276	-0.000502593
115.443	-0.000547389
115.611	-0.000582977
115.778	-0.000608086
115.946	-0.000621792
116.113	-0.000623622
116.281	-0.000613612
116.448	-0.000592295
116.616	-0.000560628
116.783	-0.000519867
116.951	-0.000471429
117.119	-0.000416748
117.286	-0.000357164
117.454	-0.000293847
117.621	-0.000227764
117.789	-0.00015968
117.956	-9.01961e-05
118.124	-1.98001e-05
118.291	5.1063e-05
118.459	0.000121921
118.627	0.000192204
118.794	0.000261189
118.962	0.000327954
119.129	0.000391359
119.297	0.000450068
119.464	0.000502593
119.632	0.000547389
119.799	0.000582977
119.967	0.000608086
120.135	0.000621792
120.302	0.000623622
120.47	0.000613612
120.637	0.000592295
120.805	0.000560628
120.972	0.000519867
121.14	0.000471429
121.307	0.000416748
121.475	0.000357164
121.642	0.000293847
121.81	0.000227764
121.978	0.00015968
122.145	9.01961e-05
122.313	1.98001e-05
122.48	-5.1063e-05
122.648	-0.000121921
122.815	-0.000192204
122.983	-0.000261189
123.15	-0.000327954
123.318	-0.000391359
123.486	-0.000450068
123.653	-0.000502593
123.821	-0.000547389
123.988	-0.000582977
124.156	-0.000608086
124.323	-0.000621792
124.491	-0.000623622
124.658	-0.000613612
124.826	-0.000592295
124.993	-0.000560628
125.161	-0.000519867
125.329	-0.000471429
125.496	-0.000416748
125.664	-0.000357164
125.831	-0.000293847
125.999	-0.000227764
126.166	-0.00015968
126.334	-9.01961e-05
126.501	-1.98001e-05
126.669	5.1063e-05
126.837	0.000121921
127.004	0.000192204
127.172	0.000261189
127.339	0.000327954
127.507	0.000391359
127.674	0.000450068
127.842	0.000502593
128.009	0.000547389
128.177	0.000582977
128.345	0.000608086
128.512	0.000621792
128.68	0.000623622
128.847	0.000613612
129.015	0.000592295
129.182	0.000560628
129.35	0.000519867
129.517	0.000471429
129.685	0.000416748
129.852	0.000357164
130.02	0.000293847
130.188	0.000227764
130.355	0.00015968
130.523	9.01961e-05
130.69	1.98001e-05
130.858	-5.1063e-05
131.025	-0.000121921
131.193	-0.000192204
131.36	-0.000261189
131.528	-0.000327954
131.696	-0.000391359
131.863	-0.000450068
132.031	-0.000502593
132.198	-0.000547389
132.366	-0.000582977
132.533	-0.000608086
132.701	-0.000621792
132.868	-0.000623622
133.036	-0.000613612
133.204	-0.000592295
133.371	-0.000560628
133.539	-0.000519867
133.706	-0.000471429
133.874	-0.000416748
134.041	-0.000357164
134.209	-0.000293847
134.376	-0.000227764
134.544	-0.00015968
134.711	-9.01961e-05
134.879	-1.98001e-05
135.047	5.1063e-05
135.214	0.000121921
135.382	0.000192204
135.549	0.000261189
135.717	0.000327954
135.884	0.000391359
136.052	0.000450068
136.219	0.000502593
136.387	0.000547389
136.555	0.000582977
136.722	0.000608086
136.89	0.000621792
137.057	0.000623622
137.225	0.000613612
137.392	0.000592295
137.56	0.000560628
137.727	0.000519867
137.895	0.000471429
138.063	0.000416748
138.23	0.000357164
138.398	0.000293847
138.565	0.000227764
138.733	0.00015968
138.9	9.01961e-05
139.068	1.98001e-05
139.235	-5.1063e-05
139.403	-0.000121921
139.57	-0.000192204
139.738	-0.000261189
139.906	-0.000327954
140.073	-0.000391359
140.241	-0.000450068
140.408	-0.000502593
140.576	-0.000547389
140.743	-0.000582977
140.911	-0.000608086
141.078	-0.000621792
141.246	-0.000623622
141.414	-0.000613612
141.581	-0.000592295
141.749	-0.000560628
141.916	-0.000519867
142.084	-0.000471429
142.251	-0.000416748
142.419	-0.000357164
142.586	-0.000293847
142.754	-0.000227764
142.922	-0.00015968
143.089	-9.01961e-05
143.257	-1.98001e-05
143.424	5.1063e-05
143.592	0.000121921
143.759	0.000192204
143.927	0.000261189
144.094	0.000327954
144.262	0.000391359
144.429	0.000450068
144.597	0.000502593
144.765	0.000547389
144.932	0.000582977
145.1	0.000608086
145.267	0.000621792
145.435	0.000623622
145.602	0.000613612
145.77	0.000592295
145.937	0.000560628
146.105	0.000519867
146.273	0.000471429
146.44	0.000416748
146.608	0.000357164
146.775	0.000293847
146.943	0.000227764
147.11	0.00015968
147.278	9.01961e-05
147.445	1.98001e-05
147.613	-5.1063e-05
147.781	-0.000121921
147.948	-0.000192204
148.116	-0.000261189
148.283	-0.000327954
148.451	-0.000391359
148.618	-0.000450068
148.786	-0.000502593
148.953	-0.000547389
149.121	-0.000582977
149.288	-0.000608086
149.456	-0.000621792
149.624	-0.000623622
149.791	-0.000613612
149.959	-0.000592295
150.126	-0.000560628
150.294	-0.000519867
150.461	-0.000471429
150.629	-0.000416748
150.796	-0.000357164
150.964	-0.000293847
151.132	-0.000227764
151.299	-0.00015968
151.467	-9.01961e-05
151.634	-1.98001e-05
151.802	5.1063e-05
151.969	0.000121921
152.137	0.000192204
152.304	0.000261189
152.472	0.000327954
152.64	0.000391359
152.807	0.000450068
152.975	0.000502593
153.142	0.000547389
153.31	0.000582977
153.477	0.000608086
153.645	0.000621792
153.812	0.000623622
153.98	0.000613612
154.147	0.000592295
154.315	0.000560628
154.483	0.000519867
154.65	0.000471429
154.818	0.000416748
154.985	0.000357164
155.153	0.000293847
155.32	0.000227764
155.488	0.00015968
155.655	9.01961e-05
155.823	1.98001e-05
155.991	-5.1063e-05
156.158	-0.000121921
156.326	-0.000192204
156.493	-0.000261189
156.661	-0.000327954
156.828	-0.000391359
156.996	-0.000450068
157.163	-0.000502593
157.331	-0.000547389
157.499	-0.000582977
157.666	-0.000608086
157.834	-0.000621792
158.001	-0.000623622
158.169	-0.000613612
158.336	-0.000592295
158.504	-0.000560628
158.671	-0.000519867
158.839	-0.000471429
159.006	-0.000416748
159.174	-0.000357164
159.342	-0.000293847
159.509	-0.000227764
159.677	-0.00015968
159.844	-9.01961e-05
160.012	-1.98001e-05
160.179	5.1063e-05
160.347	0.000121921
160.514	0.000192204
160.682	0.000261189
160.85	0.000327954
161.017	0.000391359
161.185	0.000450068
161.352	0.000502593
161.52	0.000547389
161.687	0.000582977
161.855	0.000608086
162.022	0.000621792
162.19	0.000623622
162.358	0.000613612
162.525	0.000592295
162.693	0.000560628
162.86	0.000519867
163.028	0.000471429
163.195	0.000416748
163.363	0.000357164
163.53	0.000293847
163.698	0.000227764
163.865	0.00015968
164.033	9.01961e-05
164.201	1.98001e-05
164.368	-5.1063e-05
164.536	-0.000121921
164.703	-0.000192204
164.871	-0.000261189
165.038	-0.000327954
165.206	-0.000391359
165.373	-0.000450068
165.541	-0.000502593
165.709	-0.000547389
165.876	-0.000582977
166.044	-0.000608086
166.211	-0.000621792
166.379	-0.000623622
166.546	-0.000613612
166.714	-0.000592295
166.881	-0.000560628
167.049	-0.000519867
167.217	-0.000471429
167.384	-0.000416748
167.552	-0.000357164
167.719	-0.000293847
167.887	-0.000227764
168.054	-0.00015968
168.222	-9.01961e-05
168.389	-1.98001e-05
168.557	5.1063e-05
168.724	0.000121921
168.892	0.000192204
169.06	0.000261189
169.227	0.000327954
169.395	0.000391359
169.562	0.000450068
169.73	0.000502593
169.897	0.000547389
170.065	0.000582977
170.232	0.000608086
170.4	0.000621792
170.568	0.000623622
170.735	0.000613612
170.903	0.000592295
171.07	0.000560628
171.238	0.000519867
171.405	0.000471429
171.573	0.000416748
171.74	0.000357164
171.908	0.000293847
172.076	0.000227764
172.243	0.00015968
172.411	9.01961e-05
172.578	1.98001e-05
172.746	-5.1063e-05
172.913	-0.000121921
173.081	-0.000192204
173.248	-0.000261189
173.416	-0.000327954
173.583	-0.000391359
173.751	-0.000450068
173.919	-0.000502593
174.086	-0.000547389
174.254	-0.000582977
174.421	-0.000608086
174.589	-0.000621792
174.756	-0.000623622
174.924	-0.000613612
175.091	-0.000592295
175.259	-0.000560628
175.427	-0.000519867
175.594	-0.000471429
175.762	-0.000416748
175.929	-0.000357164
176.097	-0.000293847
176.264	-0.000227764
176.432	-0.00015968
176.599	-9.01961e-05
176.767	-1.98001e-05
176.934	5.1063e-05
177.102	0.000121921
177.27	0.000192204
177.437	0.000261189
177.605	0.000327954
177.772	0.000391359
177.94	0.000450068
178.107	0.000502593
178.275	0.000547389
178.442	0.000582977
178.61	0.000608086
178.778	0.000621792
178.945	0.000623622
179.113	0.000613612
179.28	0.000592295
179.448	0.000560628
179.615	0.000519867
179.783	0.000471429
179.95	0.000416748
180.118	0.000357164
180.286	0.000293847
180.453	0.000227764
180.621	0.00015968
180.788	9.01961e-05
180.956	1.98001e-05
181.123	-5.1063e-05
181.291	-0.000121921
181.458	-0.000192204
181.626	-0.000261189
181.793	-0.000327954
181.961	-0.000391359
182.129	-0.000450068
182.296	-0.000502593
182.464	-0.000547389
182.631	-0.000582977
182.799	-0.000608086
182.966	-0.000621792
183.134	-0.000623622
183.301	-0.000613612
183.469	-0.000592295
183.637	-0.000560628
183.804	-0.000519867
183.972	-0.000471429
184.139	-0.000416748
184.307	-0.000357164
184.474	-0.000293847
184.642	-0.000227764
184.809	-0.00015968
184.977	-9.01961e-05
185.145	-1.98001e-05
185.312	5.1063e-05
185.48	0.000121921
185.647	0.000192204
185.815	0.000261189
185.982	0.000327954
186.15	0.000391359
186.317	0.000450068
186.485	0.000502593
186.652	0.000547389
186.82	0.000582977
186.988	0.000608086
187.155	0.000621792
187.323	0.000623622
187.49	0.000613612
187.658	0.000592295
187.825	0.000560628
187.993	0.000519867
188.16	0.000471429
188.328	0.000416748
188.496	0.000357164
188.663	0.000293847
188.831	0.000227764
188.998	0.00015968
189.166	9.01961e-05
189.333	1.98001e-05
189.501	-5.1063e-05
189.668	-0.000121921
189.836	-0.000192204
190.004	-0.000261189
190.171	-0.000327954
190.339	-0.000391359
190.506	-0.000450068
190.674	-0.000502593
190.841	-0.000547389
191.009	-0.000582977
191.176	-0.000608086
191.344	-0.000621792
191.511	-0.000623622
191.679	-0.000613612
191.847	-0.000592295
192.014	-0.000560628
192.182	-0.000519867
192.349	-0.000471429
192.517	-0.000416748
192.684	-0.000357164
192.852	-0.000293847
193.019	-0.000227764
193.187	-0.00015968
193.355	-9.01961e-05
193.522	-1.98001e-05
193.69	5.1063e-05
193.857	0.000121921
194.025	0.000192204
194.192	0.000261189
194.36	0.000327954
194.527	0.000391359
194.695	0.000450068
194.863	0.000502593
195.03	0.000547389
195.198	0.000582977
195.365	0.000608086
195.533	0.000621792
195.7	0.000623622
195.868	0.000613612
196.035	0.000592295
196.203	0.000560628
196.37	0.000519867
196.538	0.000471429
196.706	0.000416748
196.873	0.000357164
197.041	0.000293847
197.208	0.000227764
197.376	0.00015968
197.543	9.01961e-05
197.711	1.98001e-05
197.878	-5.1063e-05
198.046	-0.000121921
198.214	-0.000192204
198.381	-0.000261189
198.549	-0.000327954
198.716	-0.000391359
198.884	-0.000450068
199.051	-0.000502593
199.219	-0.000547389
199.386	-0.000582977
199.554	-0.000608086
199.722	-0.000621792
199.889	-0.000623622
200.057	-0.000613612
200.224	-0.000592295
200.392	-0.000560628
200.559	-0.000519867
200.727	-0.000471429
200.894	-0.000416748
201.062	-0.000357164
201.229	-0.000293847
201.397	-0.000227764
201.565	-0.00015968
201.732	-9.01961e-05
201.9	-1.98001e-05
202.067	5.1063e-05
202.235	0.000121921
202.402	0.000192204
202.57	0.000261189
202.737	0.000327954
202.905	0.000391359
203.073	0.000450068
203.24	0.000502593
203.408	0.000547389
203.575	0.000582977
203.743	0.000608086
203.91	0.000621792
204.078	0.000623622
204.245	0.000613612
204.413	0.000592295
204.581	0.000560628
204.748	0.000519867
204.916	0.000471429
205.083	0.000416748
205.251	0.000357164
205.418	0.000293847
205.586	0.000227764
205.753	0.00015968
205.921	9.01961e-05
206.088	1.98001e-05
206.256	-5.1063e-05
206.424	-0.000121921
206.591	-0.000192204
206.759	-0.000261189
206.926	-0.000327954
207.094	-0.000391359
207.261	-0.000450068
207.429	-0.000502593
207.596	-0.000547389
207.764	-0.000582977
207.932	-0.000608086
208.099	-0.000621792
208.267	-0.000623622
208.434	-0.000613612
208.602	-0.000592295
208.769	-0.000560628
208.937	-0.000519867
209.104	-0.000471429
209.272	-0.000416748
209.44	-0.000357164
209.607	-0.000293847
209.775	-0.000227764
209.942	-0.00015968
210.11	-9.01961e-05
210.277	-1.98001e-05
210.445	5.1063e-05
210.612	0.000121921
210.78	0.000192204
210.947	0.000261189
211.115	0.000327954
211.283	0.000391359
211.45	0.000450068
211.618	0.000502593
211.785	0.000547389
211.953	0.000582977
212.12	0.000608086
212.288	0.000621792
212.455	0.000623622
212.623	0.000613612
212.791	0.000592295
212.958	0.000560628
213.126	0.000519867
213.293	0.000471429
213.461	0.000416748
213.628	0.000357164
213.796	0.000293847
213.963	0.000227764
214.131	0.00015968
214.299	9.01961e-05
214.466	1.98001e-05
214.634	-5.1063e-05
214.801	-0.000121921
214.969	-0.000192204
215.136	-0.000261189
215.304	-0.000327954
215.471	-0.000391359
215.639	-0.000450068
215.806	-0.000502593
215.974	-0.000547389
216.142	-0.000582977
216.309	-0.000608086
216.477	-0.000621792
216.644	-0.000623622
216.812	-0.000613612
216.979	-0.000592295
217.147	-0.000560628
217.314	-0.000519867
217.482	-0.000471429
217.65	-0.000416748
217.817	-0.000357164
217.985	-0.000293847
218.152	-0.000227764
218.32	-0.00015968
218.487	-9.01961e-05
218.655	-1.98001e-05
218.822	5.1063e-05
218.99	0.000121921
219.158	0.000192204
219.325	0.000261189
219.493	0.000327954
219.66	0.000391359
219.828	0.000450068
219.995	0.000502593
220.163	0.000547389
220.33	0.000582977
220.498	0.000608086
220.665	0.000621792
220.833	0.000623622
221.001	0.000613612
221.168	0.000592295
221.336	0.000560628
221.503	0.000519867
221.671	0.000471429
221.838	0.000416748
222.006	0.000357164
222.173	0.000293847
222.341	0.000227764
222.509	0.00015968
222.676	9.01961e-05
222.844	1.98001e-05
223.011	-5.1063e-05
223.179	-0.000121921
223.346	-0.000192204
223.514	-0.000261189
223.681	-0.000327954
223.849	-0.000391359
224.017	-0.000450068
224.184	-0.000502593
224.352	-0.000547389
224.519	-0.000582977
224.687	-0.000608086
224.854	-0.000621792
225.022	-0.000623622
225.189	-0.000613612
225.357	-0.000592295
225.524	-0.000560628
225.692	-0.000519867
225.86	-0.000471429
226.027	-0.000416748
226.195	-0.000357164
226.362	-0.000293847
226.53	-0.000227764
226.697	-0.00015968
226.865	-9.01961e-05
227.032	-1.98001e-05
227.2	5.1063e-05
227.368	0.000121921
227.535	0.000192204
227.703	0.000261189
227.87	0.000327954
228.038	0.000391359
228.205	0.000450068
228.373	0.000502593
228.54	0.000547389
228.708	0.000582977
228.875	0.000608086
229.043	0.000621792
229.211	0.000623622
229.378	0.000613612
229.546	0.000592295
229.713	0.000560628
229.881	0.000519867
230.048	0.000471429
230.216	0.000416748
230.383	0.000357164
230.551	0.000293847
230.719	0.000227764
230.886	0.00015968
231.054	9.01961e-05
231.221	1.98001e-05
231.389	-5.1063e-05
231.556	-0.000121921
231.724	-0.000192204
231.891	-0.000261189
232.059	-0.000327954
232.227	-0.000391359
232.394	-0.000450068
232.562	-0.000502593
232.729	-0.000547389
232.897	-0.000582977
233.064	-0.000608086
233.232	-0.000621792
233.399	-0.000623622
233.567	-0.000613612
233.734	-0.000592295
233.902	-0.000560628
234.07	-0.000519867
234.237	-0.000471429
234.405	-0.000416748
234.572	-0.000357164
234.74	-0.000293847
234.907	-0.000227764
235.075	-0.00015968
235.242	-9.01961e-05
235.41	-1.98001e-05
235.578	5.1063e-05
235.745	0.000121921
235.913	0.000192204
236.08	0.000261189
236.248	0.000327954
236.415	0.000391359
236.583	0.000450068
236.75	0.000502593
236.918	0.000547389
237.086	0.000582977
237.253	0.000608086
237.421	0.000621792
237.588	0.000623622
237.756	0.000613612
237.923	0.000592295
238.091	0.000560628
238.258	0.000519867
238.426	0.000471429
238.593	0.000416748
238.761	0.000357164
238.929	0.000293847
239.096	0.000227764
239.264	0.00015968
239.431	9.01961e-05
239.599	1.98001e-05
239.766	-5.1063e-05
239.934	-0.000121921
240.101	-0.000192204
240.269	-0.000261189
240.437	-0.000327954
240.604	-0.000391359
240.772	-0.000450068
240.939	-0.000502593
241.107	-0.000547389
241.274	-0.000582977
241.442	-0.000608086
241.609	-0.000621792
241.777	-0.000623622
241.945	-0.000613612
242.112	-0.000592295
242.28	-0.000560628
242.447	-0.000519867
242.615	-0.000471429
242.782	-0.000416748
242.95	-0.000357164
243.117	-0.000293847
243.285	-0.000227764
243.452	-0.00015968
243.62	-9.01961e-05
243.788	-1.98001e-05
243.955	5.1063e-05
244.123	0.000121921
244.29	0.000192204
244.458	0.000261189
244.625	0.000327954
244.793	0.000391359
244.96	0.000450068
245.128	0.000502593
245.296	0.000547389
245.463	0.000582977
245.631	0.000608086
245.798	0.000621792
245.966	0.000623622
246.133	0.000613612
246.301	0.000592295
246.468	0.000560628
246.636	0.000519867
246.804	0.000471429
246.971	0.000416748
247.139	0.000357164
247.306	0.000293847
247.474	0.000227764
247.641	0.00015968
247.809	9.01961e-05
247.976	1.98001e-05
248.144	-5.1063e-05
248.311	-0.000121921
248.479	-0.000192204
248.647	-0.000261189
248.814	-0.000327954
248.982	-0.000391359
249.149	-0.000450068
249.317	-0.000502593
249.484	-0.000547389
249.652	-0.000582977
249.819	-0.000608086
249.987	-0.000621792
250.155	-0.000623622
250.322	-0.000613612
250.49	-0.000592295
250.657	-0.000560628
250.825	-0.000519867
250.992	-0.000471429
251.16	-0.000416748
251.327	-0.000357164
251.495	-0.000293847
251.663	-0.000227764
251.83	-0.00015968
251.998	-9.01961e-05
252.165	-1.98001e-05
252.333	5.1063e-05
252.5	0.000121921
252.668	0.000192204
252.835	0.000261189
253.003	0.000327954
253.17	0.000391359
253.338	0.000450068
253.506	0.000502593
253.673	0.000547389
253.841	0.000582977
254.008	0.000608086
254.176	0.000621792
254.343	0.000623622
254.511	0.000613612
254.678	0.000592295
254.846	0.000560628
255.014	0.000519867
255.181	0.000471429
255.349	0.000416748
255.516	0.000357164
255.684	0.000293847
255.851	0.000227764
256.019	0.00015968
256.186	9.01961e-05
256.354	1.98001e-05
256.522	-5.1063e-05
256.689	-0.000121921
256.857	-0.000192204
257.024	-0.000261189
257.192	-0.000327954
257.359	-0.000391359
257.527	-0.000450068
257.694	-0.000502593
257.862	-0.000547389
258.029	-0.000582977
258.197	-0.000608086
258.365	-0.000621792
258.532	-0.000623622
258.7	-0.000613612
258.867	-0.000592295
259.035	-0.000560628
259.202	-0.000519867
259.37	-0.000471429
259.537	-0.000416748
259.705	-0.000357164
259.873	-0.000293847
260.04	-0.000227764
260.208	-0.00015968
260.375	-9.01961e-05
260.543	-1.98001e-05
260.71	5.1063e-05
260.878	0.000121921
261.045	0.000192204
261.213	0.000261189
261.381	0.000327954
261.548	0.000391359
261.716	0.000450068
261.883	0.000502593
262.051	0.000547389
262.218	0.000582977
262.386	0.000608086
262.553	0.000621792
262.721	0.000623622
262.888	0.000613612
263.056	0.000592295
263.224	0.000560628
263.391	0.000519867
263.559	0.000471429
263.726	0.000416748
263.894	0.000357164
264.061	0.000293847
264.229	0.000227764
264.396	0.00015968
264.564	9.01961e-05
264.732	1.98001e-05
264.899	-5.1063e-05
265.067	-0.000121921
265.234	-0.000192204
265.402	-0.000261189
265.569	-0.000327954
265.737	-0.000391359
265.904	-0.000450068
266.072	-0.000502593
266.24	-0.000547389
266.407	-0.000582977
266.575	-0.000608086
266.742	-0.000621792
266.91	-0.000623622
267.077	-0.000613612
267.245	-0.000592295
267.412	-0.000560628
267.58	-0.000519867
267.747	-0.000471429
267.915	-0.000416748
268.083	-0.000357164
268.25	-0.000293847
268.418	-0.000227764
268.585	-0.00015968
268.753	-9.01961e-05
268.92	-1.98001e-05
269.088	5.1063e-05
269.255	0.000121921
269.423	0.000192204
269.591	0.000261189
269.758	0.000327954
269.926	0.000391359
270.093	0.000450068
270.261	0.000502593
270.428	0.000547389
270.596	0.000582977
270.763	0.000608086
270.931	0.000621792
271.099	0.000623622
271.266	0.000613612
271.434	0.000592295
271.601	0.000560628
271.769	0.000519867
271.936	0.000471429
272.104	0.000416748
272.271	0.000357164
272.439	0.000293847
272.606	0.000227764
272.774	0.00015968
272.942	9.01961e-05
273.109	1.98001e-05
273.277	-5.1063e-05
273.444	-0.000121921
273.612	-0.000192204
273.779	-0.000261189
273.947	-0.000327954
274.114	-0.000391359
274.282	-0.000450068
274.45	-0.000502593
274.617	-0.000547389
274.785	-0.000582977
274.952	-0.000608086
275.12	-0.000621792
275.287	-0.000623622
275.455	-0.000613612
275.622	-0.000592295
275.79	-0.000560628
275.957	-0.000519867
276.125	-0.000471429
276.293	-0.000416748
276.46	-0.000357164
276.628	-0.000293847
276.795	-0.000227764
276.963	-0.00015968
277.13	-9.01961e-05
277.298	-1.98001e-05
277.465	5.1063e-05
277.633	0.000121921
277.801	0.000192204
277.968	0.000261189
278.136	0.000327954
278.303	0.000391359
278.471	0.000450068
278.638	0.000502593
278.806	0.000547389
278.973	0.000582977
279.141	0.000608086
279.309	0.000621792
279.476	0.000623622
279.644	0.000613612
279.811	0.000592295
279.979	0.000560628
280.146	0.000519867
280.314	0.000471429
280.481	0.000416748
280.649	0.000357164
280.816	0.000293847
280.984	0.000227764
281.152	0.00015968
281.319	9.01961e-05
281.487	1.98001e-05
281.654	-5.1063e-05
281.822	-0.000121921
281.989	-0.000192204
282.157	-0.000261189
282.324	-0.000327954
282.492	-0.000391359
282.66	-0.000450068
282.827	-0.000502593
282.995	-0.000547389
283.162	-0.000582977
283.33	-0.000608086
283.497	-0.000621792
283.665	-0.000623622
283.832	-0.000613612
284	-0.000592295
284.168	-0.000560628
284.335	-0.000519867
284.503	-0.000471429
284.67	-0.000416748
284.838	-0.000357164
285.005	-0.000293847
285.173	-0.000227764
285.34	-0.00015968
285.508	-9.01961e-05
285.675	-1.98001e-05
285.843	5.1063e-05
286.011	0.000121921
286.178	0.000192204
286.346	0.000261189
286.513	0.000327954
286.681	0.000391359
286.848	0.000450068
287.016	0.000502593
287.183	0.000547389
287.351	0.000582977
287.519	0.000608086
287.686	0.000621792
287.854	0.000623622
288.021	0.000613612
288.189	0.000592295
288.356	0.000560628
288.524	0.000519867
288.691	0.000471429
288.859	0.000416748
289.027	0.000357164
289.194	0.000293847
289.362	0.000227764
289.529	0.00015968
289.697	9.01961e-05
289.864	1.98001e-05
290.032	-5.1063e-05
290.199	-0.000121921
290.367	-0.000192204
290.534	-0.000261189
290.702	-0.000327954
290.87	-0.000391359
291.037	-0.000450068
291.205	-0.000502593
291.372	-0.000547389
291.54	-0.000582977
291.707	-0.000608086
291.875	-0.000621792
292.042	-0.000623622
292.21	-0.000613612
292.378	-0.000592295
292.545	-0.000560628
292.713	-0.000519867
292.88	-0.000471429
293.048	-0.000416748
293.215	-0.000357164
293.383	-0.000293847
293.55	-0.000227764
293.718	-0.00015968
293.886	-9.01961e-05
294.053	-1.98001e-05
294.221	5.1063e-05
294.388	0.000121921
294.556	0.000192204
294.723	0.000261189
294.891	0.000327954
295.058	0.000391359
295.226	0.000450068
295.393	0.000502593
295.561	0.000547389
295.729	0.000582977
295.896	0.000608086
296.064	0.000621792
296.231	0.000623622
296.399	0.000613612
296.566	0.000592295
296.734	0.000560628
296.901	0.000519867
297.069	0.000471429
297.237	0.000416748
297.404	0.000357164
297.572	0.000293847
297.739	0.000227764
297.907	0.00015968
298.074	9.01961e-05
298.242	1.98001e-05
298.409	-5.1063e-05
298.577	-0.000121921
298.745	-0.000192204
298.912	-0.000261189
299.08	-0.000327954
299.247	-0.000391359
299.415	-0.000450068
299.582	-0.000502593
299.75	-0.000547389
299.917	-0.000582977
300.085	-0.000608086
300.252	-0.000621792
300.42	-0.000623622
300.588	-0.000613612
300.755	-0.000592295
300.923	-0.000560628
301.09	-0.000519867
301.258	-0.000471429
301.425	-0.000416748
301.593	-0.000357164
301.76	-0.000293847
301.928	-0.000227764
302.096	-0.00015968
302.263	-9.01962e-05
302.431	-1.98001e-05
302.598	5.1063e-05
302.766	0.000121921
302.933	0.000192204
303.101	0.000261189
303.268	0.000327954
303.436	0.000391359
303.604	0.000450068
303.771	0.000502593
303.939	0.000547389
304.106	0.000582977
304.274	0.000608086
304.441	0.000621792
304.609	0.000623622
304.776	0.000613612
304.944	0.000592295
305.111	0.000560628
305.279	0.000519867
305.447	0.000471429
305.614	0.000416748
305.782	0.000357164
305.949	0.000293847
306.117	0.000227764
306.284	0.00015968
306.452	9.01962e-05
306.619	1.98001e-05
306.787	-5.1063e-05
306.955	-0.000121921
307.122	-0.000192204
307.29	-0.000261189
307.457	-0.000327954
307.625	-0.000391359
307.792	-0.000450068
307.96	-0.000502593
308.127	-0.000547389
308.295	-0.000582977
308.463	-0.000608086
308.63	-0.000621792
308.798	-0.000623622
308.965	-0.000613612
309.133	-0.000592295
309.3	-0.000560628
309.468	-0.000519867
309.635	-0.000471429
309.803	-0.000416748
309.97	-0.000357164
310.138	-0.000293847
310.306	-0.000227764
310.473	-0.00015968
310.641	-9.01962e-05
310.808	-1.98001e-05
310.976	5.1063e-05
311.143	0.000121921
311.311	0.000192204
311.478	0.000261189
311.646	0.000327954
311.814	0.000391359
311.981	0.000450068
312.149	0.000502593
312.316	0.000547389
312.484	0.000582977
312.651	0.000608086
312.819	0.000621792
312.986	0.000623622
313.154	0.000613612
313.322	0.000592295
313.489	0.000560628
313.657	0.000519867
313.824	0.000471429
313.992	0.000416748
314.159	0.000357164
314.327	0.000293847
314.494	0.000227764
314.662	0.00015968
314.829	9.01962e-05
314.997	1.98001e-05
315.165	-5.1063e-05
315.332	-0.000121921
315.5	-0.000192204
315.667	-0.000261189
315.835	-0.000327954
316.002	-0.000391359
316.17	-0.000450068
316.337	-0.000502593
316.505	-0.000547389
316.673	-0.000582977
316.84	-0.000608086
317.008	-0.000621792
317.175	-0.000623622
317.343	-0.000613612
317.51	-0.000592295
317.678	-0.000560628
317.845	-0.000519867
318.013	-0.000471429
318.181	-0.000416748
318.348	-0.000357164
318.516	-0.000293847
318.683	-0.000227764
318.851	-0.00015968
319.018	-9.01962e-05
319.186	-1.98001e-05
319.353	5.1063e-05
319.521	0.000121921
319.688	0.000192204
319.856	0.000261189
320.024	0.000327954
320.191	0.000391359
320.359	0.000450068
320.526	0.000502593
320.694	0.000547389
320.861	0.000582977
321.029	0.000608086
321.196	0.000621792
321.364	0.000623622
321.532	0.000613612
321.699	0.000592295
321.867	0.000560628
322.034	0.000519867
322.202	0.000471429
322.369	0.000416748
322.537	0.000357164
322.704	0.000293847
322.872	0.000227764
323.04	0.00015968
323.207	9.01962e-05
323.375	1.98001e-05
323.542	-5.1063e-05
323.71	-0.000121921
323.877	-0.000192204
324.045	-0.000261189
324.212	-0.000327954
324.38	-0.000391359
324.547	-0.000450068
324.715	-0.000502593
324.883	-0.000547389
325.05	-0.000582977
325.218	-0.000608086
325.385	-0.000621792
325.553	-0.000623622
325.72	-0.000613612
325.888	-0.000592295
326.055	-0.000560628
326.223	-0.000519867
326.391	-0.000471429
326.558	-0.000416748
326.726	-0.000357164
326.893	-0.000293847
327.061	-0.000227764
327.228	-0.00015968
327.396	-9.01962e-05
327.563	-1.98001e-05
327.731	5.1063e-05
327.898	0.000121921
328.066	0.000192204
328.234	0.000261189
328.401	0.000327954
328.569	0.000391359
328.736	0.000450068
328.904	0.000502593
329.071	0.000547389
329.239	0.000582977
329.406	0.000608086
329.574	0.000621792
329.742	0.000623622
329.909	0.000613612
330.077	0.000592295
330.244	0.000560628
330.412	0.000519867
330.579	0.000471429
330.747	0.000416748
330.914	0.000357164
331.082	0.000293847
331.25	0.000227764
331.417	0.00015968
331.585	9.01962e-05
331.752	1.98001e-05
331.92	-5.1063e-05
332.087	-0.000121921
332.255	-0.000192204
332.422	-0.000261189
332.59	-0.000327954
332.757	-0.000391359
332.925	-0.000450068
333.093	-0.000502593
333.26	-0.000547389
333.428	-0.000582977
333.595	-0.000608086
333.763	-0.000621792
333.93	-0.000623622
334.098	-0.000613612
334.265	-0.000592295
334.433	-0.000560628
334.601	-0.000519867
334.768	-0.000471429
334.936	-0.000416748
335.103	-0.000357164
335.271	-0.000293847
335.438	-0.000227764
335.606	-0.00015968
335.773	-9.01962e-05
335.941	-1.98001e-05
336.109	5.1063e-05
336.276	0.000121921
336.444	0.000192204
336.611	0.000261189
336.779	0.000327954
336.946	0.000391359
337.114	0.000450068
337.281	0.000502593
337.449	0.000547389
337.616	0.000582977
337.784	0.000608086
337.952	0.000621792
338.119	0.000623622
338.287	0.000613612
338.454	0.000592295
338.622	0.000560628
338.789	0.000519867
338.957	0.000471429
339.124	0.000416748
339.292	0.000357164
339.46	0.000293847
339.627	0.000227764
339.795	0.00015968
339.962	9.01962e-05
340.13	1.98001e-05
340.297	-5.1063e-05
340.465	-0.000121921
340.632	-0.000192204
340.8	-0.000261189
340.968	-0.000327954
341.135	-0.000391359
341.303	-0.000450068
341.47	-0.000502593
341.638	-0.000547389
341.805	-0.000582977
341.973	-0.000608086
342.14	-0.000621792
342.308	-0.000623622
342.475	-0.000613612
342.643	-0.000592295
342.811	-0.000560628
342.978	-0.000519867
343.146	-0.000471429
343.313	-0.000416748
343.481	-0.000357164
343.648	-0.000293847
343.816	-0.000227764
343.983	-0.00015968
344.151	-9.01962e-05
344.319	-1.98001e-05
344.486	5.1063e-05
344.654	0.000121921
344.821	0.000192204
344.989	0.000261189
345.156	0.000327954
345.324	0.000391359
345.491	0.000450068
345.659	0.000502593
345.827	0.000547389
345.994	0.000582977
346.162	0.000608086
346.329	0.000621792
346.497	0.000623622
346.664	0.000613612
346.832	0.000592295
346.999	0.000560628
347.167	0.000519867
347.334	0.000471429
347.502	0.000416748
347.67	0.000357164
347.837	0.000293847
348.005	0.000227764
348.172	0.00015968
348.34	9.01962e-05
348.507	1.98001e-05
348.675	-5.1063e-05
348.842	-0.000121921
349.01	-0.000192204
349.178	-0.000261189
349.345	-0.000327954
349.513	-0.000391359
349.68	-0.000450068
349.848	-0.000502593
350.015	-0.000547389
350.183	-0.000582977
350.35	-0.000608086
350.518	-0.000621792
350.686	-0.000623622
350.853	-0.000613612
351.021	-0.000592295
351.188	-0.000560628
351.356	-0.000519867
351.523	-0.000471429
351.691	-0.000416748
351.858	-0.000357164
352.026	-0.000293847
352.193	-0.000227764
352.361	-0.00015968
352.529	-9.01962e-05
352.696	-1.98001e-05
352.864	5.1063e-05
353.031	0.000121921
353.199	0.000192204
353.366	0.000261189
353.534	0.000327954
353.701	0.000391359
353.869	0.000450068
354.037	0.000502593
354.204	0.000547389
354.372	0.000582977
354.539	0.000608086
354.707	0.000621792
354.874	0.000623622
355.042	0.000613612
355.209	0.000592295
355.377	0.000560628
355.545	0.000519867
355.712	0.000471429
355.88	0.000416748
356.047	0.000357164
356.215	0.000293847
356.382	0.000227764
356.55	0.00015968
356.717	9.01962e-05
356.885	1.98001e-05
357.052	-5.1063e-05
357.22	-0.000121921
357.388	-0.000192204
357.555	-0.000261189
357.723	-0.000327954
357.89	-0.000391359
358.058	-0.000450068
358.225	-0.000502593
358.393	-0.000547389
358.56	-0.000582977
358.728	-0.000608086
358.896	-0.000621792
359.063	-0.000623622
359.231	-0.000613612
359.398	-0.000592295
359.566	-0.000560628
359.733	-0.000519867
359.901	-0.000471429
360.068	-0.000416748
360.236	-0.000357164
360.404	-0.000293847
360.571	-0.000227764
360.739	-0.00015968
360.906	-9.01962e-05
361.074	-1.98001e-05
361.241	5.1063e-05
361.409	0.000121921
361.576	0.000192204
361.744	0.000261189
361.911	0.000327954
362.079	0.000391359
362.247	0.000450068
362.414	0.000502593
362.582	0.000547389
362.749	0.000582977
362.917	0.000608086
363.084	0.000621792
363.252	0.000623622
363.419	0.000613612
363.587	0.000592295
363.755	0.000560628
363.922	0.000519867
364.09	0.000471429
364.257	0.000416748
364.425	0.000357164
364.592	0.000293847
364.76	0.000227764
364.927	0.00015968
365.095	9.01962e-05
365.263	1.98001e-05
365.43	-5.1063e-05
365.598	-0.000121921
365.765	-0.000192204
365.933	-0.000261189
366.1	-0.000327954
366.268	-0.000391359
366.435	-0.000450068
366.603	-0.000502593
366.77	-0.000547389
366.938	-0.000582977
367.106	-0.000608086
367.273	-0.000621792
367.441	-0.000623622
367.608	-0.000613612
367.776	-0.000592295
367.943	-0.000560628
368.111	-0.000519867
368.278	-0.000471429
368.446	-0.000416748
368.614	-0.000357164
368.781	-0.000293847
368.949	-0.000227764
369.116	-0.00015968
369.284	-9.01962e-05
369.451	-1.98001e-05
369.619	5.1063e-05
369.786	0.000121921
369.954	0.000192204
370.122	0.000261189
370.289	0.000327954
370.457	0.000391359
370.624	0.000450068
370.792	0.000502593
370.959	0.000547389
371.127	0.000582977
371.294	0.000608086
371.462	0.000621792
371.629	0.000623622
371.797	0.000613612
371.965	0.000592295
372.132	0.000560628
372.3	0.000519867
372.467	0.000471429
372.635	0.000416748
372.802	0.000357164
372.97	0.000293847
373.137	0.000227764
373.305	0.00015968
373.473	9.01962e-05
373.64	1.98001e-05
373.808	-5.1063e-05
373.975	-0.000121921
374.143	-0.000192204
374.31	-0.000261189
374.478	-0.000327954
374.645	-0.000391359
374.813	-0.000450068
374.98	-0.000502593
375.148	-0.000547389
375.316	-0.000582977
375.483	-0.000608086
375.651	-0.000621792
375.818	-0.000623622
375.986	-0.000613612
376.153	-0.000592295
376.321	-0.000560628
376.488	-0.000519867
376.656	-0.000471429
376.824	-0.000416748
376.991	-0.000357164
377.159	-0.000293847
377.326	-0.000227764
377.494	-0.00015968
377.661	-9.01962e-05
377.829	-1.98001e-05
377.996	5.1063e-05
378.164	0.000121921
378.332	0.000192204
378.499	0.000261189
378.667	0.000327954
378.834	0.000391359
379.002	0.000450068
379.169	0.000502593
379.337	0.000547389
379.504	0.000582977
379.672	0.000608086
379.839	0.000621792
380.007	0.000623622
380.175	0.000613612
380.342	0.000592295
380.51	0.000560628
380.677	0.000519867
380.845	0.000471429
381.012	0.000416748
381.18	0.000357164
381.347	0.000293847
381.515	0.000227764
381.683	0.00015968
381.85	9.01962e-05
382.018	1.98001e-05
382.185	-5.1063e-05
382.353	-0.000121921
382.52	-0.000192204
382.688	-0.000261189
382.855	-0.000327954
383.023	-0.000391359
383.191	-0.000450068
383.358	-0.000502593
383.526	-0.000547389
383.693	-0.000582977
383.861	-0.000608086
384.028	-0.000621792
384.196	-0.000623622
384.363	-0.000613612
384.531	-0.000592295
384.698	-0.000560628
384.866	-0.000519867
385.034	-0.000471429
385.201	-0.000416748
385.369	-0.000357164
385.536	-0.000293847
385.704	-0.000227764
385.871	-0.00015968
386.039	-9.01962e-05
386.206	-1.98001e-05
386.374	5.1063e-05
386.542	0.000121921
386.709	0.000192204
386.877	0.000261189
387.044	0.000327954
387.212	0.000391359
387.379	0.000450068
387.547	0.000502593
387.714	0.000547389
387.882	0.000582977
388.05	0.000608086
388.217	0.000621792
388.385	0.000623622
388.552	0.000613612
388.72	0.000592295
388.887	0.000560628
389.055	0.000519867
389.222	0.000471429
389.39	0.000416748
389.557	0.000357164
389.725	0.000293847
389.893	0.000227764
390.06	0.00015968
390.228	9.01962e-05
390.395	1.98001e-05
390.563	-5.1063e-05
390.73	-0.000121921
390.898	-0.000192204
391.065	-0.000261189
391.233	-0.000327954
391.401	-0.000391359
391.568	-0.000450068
391.736	-0.000502593
391.903	-0.000547389
392.071	-0.000582977
392.238	-0.000608086
392.406	-0.000621792
392.573	-0.000623622
392.741	-0.000613612
392.909	-0.000592295
393.076	-0.000560628
393.244	-0.000519867
393.411	-0.000471429
393.579	-0.000416748
393.746	-0.000357164
393.914	-0.000293847
394.081	-0.000227764
394.249	-0.00015968
394.416	-9.01962e-05
394.584	-1.98001e-05
394.752	5.1063e-05
394.919	0.000121921
395.087	0.000192204
395.254	0.000261189
395.422	0.000327954
395.589	0.000391359
395.757	0.000450068
395.924	0.000502593
396.092	0.000547389
396.26	0.000582977
396.427	0.000608086
396.595	0.000621792
396.762	0.000623622
396.93	0.000613612
397.097	0.000592295
397.265	0.000560628
397.432	0.000519867
397.6	0.000471429
397.768	0.000416748
397.935	0.000357164
398.103	0.000293847
398.27	0.000227764
398.438	0.00015968
398.605	9.01962e-05
398.773	1.98001e-05
398.94	-5.1063e-05
399.108	-0.000121921
399.275	-0.000192204
399.443	-0.000261189
399.611	-0.000327954
399.778	-0.000391359
399.946	-0.000450068
400.113	-0.000502593
400.281	-0.000547389
400.448	-0.000582977
400.616	-0.000608086
400.783	-0.000621792
400.951	-0.000623622
401.119	-0.000613612
401.286	-0.000592295
401.454	-0.000560628
401.621	-0.000519867
401.789	-0.000471429
401.956	-0.000416748
402.124	-0.000357164
402.291	-0.000293847
402.459	-0.000227764
402.627	-0.00015968
402.794	-9.01962e-05
402.962	-1.98001e-05
403.129	5.1063e-05
403.297	0.000121921
403.464	0.000192204
403.632	0.000261189
403.799	0.000327954
403.967	0.000391359
404.134	0.000450068
404.302	0.000502593
404.47	0.000547389
404.637	0.000582977
404.805	0.000608086
404.972	0.000621792
405.14	0.000623622
405.307	0.000613612
405.475	0.000592295
405.642	0.000560628
405.81	0.000519867
405.978	0.000471429
406.145	0.000416748
406.313	0.000357164
406.48	0.000293847
406.648	0.000227764
406.815	0.00015968
406.983	9.01962e-05
407.15	1.98001e-05
407.318	-5.1063e-05
407.486	-0.000121921
407.653	-0.000192204
407.821	-0.000261189
407.988	-0.000327954
408.156	-0.000391359
408.323	-0.000450068
408.491	-0.000502593
408.658	-0.000547389
408.826	-0.000582977
408.993	-0.000608086
409.161	-0.000621792
409.329	-0.000623622
409.496	-0.000613612
409.664	-0.000592295
409.831	-0.000560628
409.999	-0.000519867
410.166	-0.000471429
410.334	-0.000416748
410.501	-0.000357164
410.669	-0.000293847
410.837	-0.000227764
411.004	-0.00015968
411.172	-9.01962e-05
411.339	-1.98001e-05
411.507	5.1063e-05
411.674	0.000121921
411.842	0.000192204
412.009	0.000261189
412.177	0.000327954
412.345	0.000391359
412.512	0.000450068
412.68	0.000502593
412.847	0.000547389
413.015	0.000582977
413.182	0.000608086
413.35	0.000621792
413.517	0.000623622
413.685	0.000613612
413.852	0.000592295
414.02	0.000560628
414.188	0.000519867
414.355	0.000471429
414.523	0.000416748
414.69	0.000357164
414.858	0.000293847
415.025	0.000227764
415.193	0.00015968
415.36	9.01962e-05
415.528	1.98001e-05
415.696	-5.1063e-05
415.863	-0.000121921
416.031	-0.000192204
416.198	-0.000261189
416.366	-0.000327954
416.533	-0.000391359
416.701	-0.000450068
416.868	-0.000502593
417.036	-0.000547389
417.204	-0.000582977
417.371	-0.000608086
417.539	-0.000621792
417.706	-0.000623622
417.874	-0.000613612
418.041	-0.000592295
418.209	-0.000560628
418.376	-0.000519867
418.544	-0.000471429
418.711	-0.000416748
418.879	-0.000357164
419.047	-0.000293847
419.214	-0.000227764
419.382	-0.00015968
419.549	-9.01962e-05
419.717	-1.98001e-05
419.884	5.1063e-05
420.052	0.000121921
420.219	0.000192204
420.387	0.000261189
420.555	0.000327954
420.722	0.000391359
420.89	0.000450068
421.057	0.000502593
421.225	0.000547389
421.392	0.000582977
421.56	0.000608086
421.727	0.000621792
421.895	0.000623622
422.063	0.000613612
422.23	0.000592295
422.398	0.000560628
422.565	0.000519867
422.733	0.000471429
422.9	0.000416748
423.068	0.000357164
423.235	0.000293847
423.403	0.000227764
423.57	0.00015968
423.738	9.01962e-05
423.906	1.98001e-05
424.073	-5.1063e-05
424.241	-0.000121921
424.408	-0.000192204
424.576	-0.000261189
424.743	-0.000327954
424.911	-0.000391359
425.078	-0.000450068
425.246	-0.000502593
425.414	-0.000547389
425.581	-0.000582977
425.749	-0.000608086
425.916	-0.000621792
426.084	-0.000623622
426.251	-0.000613612
426.419	-0.000592295
426.586	-0.000560628
426.754	-0.000519867
426.921	-0.000471429
427.089	-0.000416748
427.257	-0.000357164
427.424	-0.000293847
427.592	-0.000227764
427.759	-0.00015968
427.927	-9.01962e-05
428.094	-1.98001e-05
428.262	5.1063e-05
428.429	0.000121921
428.597	0.000192204
428.765	0.000261189
428.932	0.000327954
429.1	0.000391359
429.267	0.000450068
429.435	0.000502593
429.602	0.000547389
429.77	0.000582977
429.937	0.000608086
430.105	0.000621792
430.273	0.000623622
430.44	0.000613612
430.608	0.000592295
430.775	0.000560628
430.943	0.000519867
431.11	0.000471429
431.278	0.000416748
431.445	0.000357164
431.613	0.000293847
431.78	0.000227764
431.948	0.00015968
432.116	9.01962e-05
432.283	1.98001e-05
432.451	-5.1063e-05
432.618	-0.000121921
432.786	-0.000192204
432.953	-0.000261189
433.121	-0.000327954
433.288	-0.000391359
433.456	-0.000450068
433.624	-0.000502593
433.791	-0.000547389
433.959	-0.000582977
434.126	-0.000608086
434.294	-0.000621792
434.461	-0.000623622
434.629	-0.000613612
434.796	-0.000592295
434.964	-0.000560628
435.132	-0.000519867
435.299	-0.000471429
435.467	-0.000416748
435.634	-0.000357164
435.802	-0.000293847
435.969	-0.000227764
436.137	-0.00015968
436.304	-9.01962e-05
436.472	-1.98001e-05
436.639	5.1063e-05
436.807	0.000121921
436.975	0.000192204
437.142	0.000261189
437.31	0.000327954
437.477	0.000391359
437.645	0.000450068
437.812	0.000502593
437.98	0.000547389
438.147	0.000582977
438.315	0.000608086
438.483	0.000621792
438.65	0.000623622
438.818	0.000613612
438.985	0.000592295
439.153	0.000560628
439.32	0.000519867
439.488	0.000471429
439.655	0.000416748
439.823	0.000357164
439.991	0.000293847
440.158	0.000227764
440.326	0.00015968
440.493	9.01962e-05
440.661	1.98001e-05
440.828	-5.1063e-05
440.996	-0.000121921
441.163	-0.000192204
441.331	-0.000261189
441.498	-0.000327954
441.666	-0.000391359
441.834	-0.000450068
442.001	-0.000502593
442.169	-0.000547389
442.336	-0.000582977
442.504	-0.000608086
442.671	-0.000621792
442.839	-0.000623622
443.006	-0.000613612
443.174	-0.000592295
443.342	-0.000560628
443.509	-0.000519867
443.677	-0.000471429
443.844	-0.000416748
444.012	-0.000357164
444.179	-0.000293847
444.347	-0.000227764
444.514	-0.00015968
444.682	-9.01962e-05
444.85	-1.98001e-05
445.017	5.1063e-05
445.185	0.000121921
445.352	0.000192204
445.52	0.000261189
445.687	0.000327954
445.855	0.000391359
446.022	0.000450068
446.19	0.000502593
446.357	0.000547389
446.525	0.000582977
446.693	0.000608086
446.86	0.000621792
447.028	0.000623622
447.195	0.000613612
447.363	0.000592295
447.53	0.000560628
447.698	0.000519867
447.865	0.000471429
448.033	0.000416748
448.201	0.000357164
448.368	0.000293847
448.536	0.000227764
448.703	0.00015968
448.871	9.01962e-05
449.038	1.98001e-05
449.206	-5.1063e-05
449.373	-0.000121921
449.541	-0.000192204
449.709	-0.000261189
449.876	-0.000327954
450.044	-0.000391359
450.211	-0.000450068
450.379	-0.000502593
450.546	-0.000547389
450.714	-0.000582977
450.881	-0.000608086
451.049	-0.000621792
451.216	-0.000623622
451.384	-0.000613612
451.552	-0.000592295
451.719	-0.000560628
451.887	-0.000519867
452.054	-0.000471429
452.222	-0.000416748
452.389	-0.000357164
452.557	-0.000293847
452.724	-0.000227764
452.892	-0.00015968
453.06	-9.01962e-05
453.227	-1.98001e-05
453.395	5.1063e-05
453.562	0.000121921
453.73	0.000192204
453.897	0.000261189
454.065	0.000327954
454.232	0.000391359
454.4	0.000450068
454.568	0.000502593
454.735	0.000547389
454.903	0.000582977
455.07	0.000608086
455.238	0.000621792
455.405	0.000623622
455.573	0.000613612
455.74	0.000592295
455.908	0.000560628
456.075	0.000519867
456.243	0.000471429
456.411	0.000416748
456.578	0.000357164
456.746	0.000293847
456.913	0.000227764
457.081	0.00015968
457.248	9.01962e-05
457.416	1.98001e-05
457.583	-5.1063e-05
457.751	-0.000121921
457.919	-0.000192204
458.086	-0.000261189
458.254	-0.000327954
458.421	-0.000391359
458.589	-0.000450068
458.756	-0.000502593
458.924	-0.000547389
459.091	-0.000582977
459.259	-0.000608086
459.427	-0.000621792
459.594	-0.000623622
459.762	-0.000613612
459.929	-0.000592295
460.097	-0.000560628
460.264	-0.000519867
460.432	-0.000471429
460.599	-0.000416748
460.767	-0.000357164
460.934	-0.000293847
461.102	-0.000227764
461.27	-0.00015968
461.437	-9.01962e-05
461.605	-1.98001e-05
461.772	5.1063e-05
461.94	0.000121921
462.107	0.000192204
462.275	0.000261189
462.442	0.000327954
462.61	0.000391359
462.778	0.000450068
462.945	0.000502593
463.113	0.000547389
463.28	0.000582977
463.448	0.000608086
463.615	0.000621792
463.783	0.000623622
463.95	0.000613612
464.118	0.000592295
464.286	0.000560628
464.453	0.000519867
464.621	0.000471429
464.788	0.000416748
464.956	0.000357164
465.123	0.000293847
465.291	0.000227764
465.458	0.00015968
465.626	9.01962e-05
465.793	1.98001e-05
465.961	-5.1063e-05
466.129	-0.000121921
466.296	-0.000192204
466.464	-0.000261189
466.631	-0.000327954
466.799	-0.000391359
466.966	-0.000450068
467.134	-0.000502593
467.301	-0.000547389
467.469	-0.000582977
467.637	-0.000608086
467.804	-0.000621792
467.972	-0.000623622
468.139	-0.000613612
468.307	-0.000592295
468.474	-0.000560628
468.642	-0.000519867
468.809	-0.000471429
468.977	-0.000416748
469.145	-0.000357164
469.312	-0.000293847
469.48	-0.000227764
469.647	-0.00015968
469.815	-9.01962e-05
469.982	-1.98001e-05
470.15	5.1063e-05
470.317	0.000121921
470.485	0.000192204
470.652	0.000261189
470.82	0.000327954
470.988	0.000391359
471.155	0.000450068
471.323	0.000502593
471.49	0.000547389
471.658	0.000582977
471.825	0.000608086
471.993	0.000621792
472.16	0.000623622
472.328	0.000613612
472.496	0.000592295
472.663	0.000560628
472.831	0.000519867
472.998	0.000471429
473.166	0.000416748
473.333	0.000357164
473.501	0.000293847
473.668	0.000227764
473.836	0.00015968
474.003	9.01962e-05
474.171	1.98001e-05
474.339	-5.1063e-05
474.506	-0.000121921
474.674	-0.000192204
474.841	-0.000261189
475.009	-0.000327954
475.176	-0.000391359
475.344	-0.000450068
475.511	-0.000502593
475.679	-0.000547389
475.847	-0.000582977
476.014	-0.000608086
476.182	-0.000621792
476.349	-0.000623622
476.517	-0.000613612
476.684	-0.000592295
476.852	-0.000560628
477.019	-0.000519867
477.187	-0.000471429
477.355	-0.000416748
477.522	-0.000357164
477.69	-0.000293847
477.857	-0.000227764
478.025	-0.00015968
478.192	-9.01962e-05
478.36	-1.98001e-05
478.527	5.1063e-05
478.695	0.000121921
478.862	0.000192204
479.03	0.000261189
479.198	0.000327954
479.365	0.000391359
479.533	0.000450068
479.7	0.000502593
479.868	0.000547389
480.035	0.000582977
480.203	0.000608086
480.37	0.000621792
480.538	0.000623622
480.706	0.000613612
480.873	0.000592295
481.041	0.000560628
481.208	0.000519867
481.376	0.000471429
481.543	0.000416748
481.711	0.000357164
481.878	0.000293847
482.046	0.000227764
482.214	0.00015968
482.381	9.01962e-05
482.549	1.98001e-05
482.716	-5.1063e-05
482.884	-0.000121921
483.051	-0.000192204
483.219	-0.000261189
483.386	-0.000327954
483.554	-0.000391359
483.721	-0.000450068
483.889	-0.000502593
484.057	-0.000547389
484.224	-0.000582977
484.392	-0.000608086
484.559	-0.000621792
484.727	-0.000623622
484.894	-0.000613612
485.062	-0.000592295
485.229	-0.000560628
485.397	-0.000519867
485.565	-0.000471429
485.732	-0.000416748
485.9	-0.000357164
486.067	-0.000293847
486.235	-0.000227764
486.402	-0.00015968
486.57	-9.01962e-05
486.737	-1.98001e-05
486.905	5.1063e-05
487.073	0.000121921
487.24	0.000192204
487.408	0.000261189
487.575	0.000327954
487.743	0.000391359
487.91	0.000450068
488.078	0.000502593
488.245	0.000547389
488.413	0.000582977
488.58	0.000608086
488.748	0.000621792
488.916	0.000623622
489.083	0.000613612
489.251	0.000592295
489.418	0.000560628
489.586	0.000519867
489.753	0.000471429
489.921	0.000416748
490.088	0.000357164
490.256	0.000293847
490.424	0.000227764
490.591	0.00015968
490.759	9.01962e-05
490.926	1.98001e-05
491.094	-5.1063e-05
491.261	-0.000121921
491.429	-0.000192204
491.596	-0.000261189
491.764	-0.000327954
491.932	-0.000391359
492.099	-0.000450068
492.267	-0.000502593
492.434	-0.000547389
492.602	-0.000582977
492.769	-0.000608086
492.937	-0.000621792
493.104	-0.000623622
493.272	-0.000613612
493.439	-0.000592295
493.607	-0.000560628
493.775	-0.000519867
493.942	-0.000471429
494.11	-0.000416748
494.277	-0.000357164
494.445	-0.000293847
494.612	-0.000227764
494.78	-0.00015968
494.947	-9.01962e-05
495.115	-1.98001e-05
495.283	5.1063e-05
495.45	0.000121921
495.618	0.000192204
495.785	0.000261189
495.953	0.000327954
496.12	0.000391359
496.288	0.000450068
496.455	0.000502593
496.623	0.000547389
496.791	0.000582977
496.958	0.000608086
497.126	0.000621792
497.293	0.000623622
497.461	0.000613612
497.628	0.000592295
497.796	0.000560628
497.963	0.000519867
498.131	0.000471429
498.298	0.000416748
498.466	0.000357164
498.634	0.000293847
498.801	0.000227764
498.969	0.00015968
499.136	9.01962e-05
499.304	1.98001e-05
499.471	-5.1063e-05
499.639	-0.000121921
499.806	-0.000192204
499.974	-0.000261189
