0.00000	0.00000	0.00000	0.00000	0.00000	0.00000	0.00000	0.00000	0.00000	0.00000	0.00000	0.00000	0.00000	0.00000	0.00000	0.00000	0.00000	0.00000	0.00000	0.00000	0.00000	0.00000	0.00000	0.00000	0.00000	0.00000	0.00000	0.00000	0.00000	0.00000	0.00000	
0.08248	0.08175	0.07958	0.07605	0.07132	0.06558	0.05910	0.05214	0.04500	0.03802	0.03148	0.02568	0.02088	0.01729	0.01507	0.01432	0.01507	0.01729	0.02088	0.02568	0.03148	0.03802	0.04500	0.05214	0.05910	0.06558	0.07132	0.07605	0.07958	0.08175	0.08248	
0.16291	0.16150	0.15724	0.15033	0.14105	0.12980	0.11705	0.10336	0.08931	0.07553	0.06262	0.05117	0.04167	0.03457	0.03017	0.02868	0.03017	0.03457	0.04167	0.05117	0.06262	0.07553	0.08931	0.10336	0.11705	0.12980	0.14105	0.15033	0.15724	0.16150	0.16291	
0.23952	0.23746	0.23129	0.22126	0.20779	0.19141	0.17283	0.15284	0.13228	0.11207	0.09311	0.07626	0.06227	0.05180	0.04532	0.04312	0.04532	0.05180	0.06227	0.07626	0.09311	0.11207	0.13228	0.15284	0.17283	0.19141	0.20779	0.22126	0.23129	0.23746	0.23952	
0.31093	0.30831	0.30044	0.28764	0.27041	0.24944	0.22560	0.19987	0.17336	0.14724	0.12267	0.10080	0.08262	0.06899	0.06054	0.05768	0.06054	0.06899	0.08262	0.10080	0.12267	0.14724	0.17336	0.19987	0.22560	0.24944	0.27041	0.28764	0.30044	0.30831	0.31093	
0.37634	0.37323	0.36389	0.34868	0.32819	0.30320	0.27473	0.24393	0.21213	0.18071	0.15109	0.12465	0.10265	0.08612	0.07588	0.07241	0.07588	0.08612	0.10265	0.12465	0.15109	0.18071	0.21213	0.24393	0.27473	0.30320	0.32819	0.34868	0.36389	0.37323	0.37634	
0.43544	0.43191	0.42131	0.40405	0.38076	0.35234	0.31989	0.28472	0.24832	0.21227	0.17821	0.14775	0.12234	0.10323	0.09137	0.08735	0.09137	0.10323	0.12234	0.14775	0.17821	0.21227	0.24832	0.28472	0.31989	0.35234	0.38076	0.40405	0.42131	0.43191	0.43544	
0.48834	0.48445	0.47278	0.45376	0.42810	0.39677	0.36096	0.32210	0.28180	0.24182	0.20396	0.17003	0.14168	0.12033	0.10707	0.10257	0.10707	0.12033	0.14168	0.17003	0.20396	0.24182	0.28180	0.32210	0.36096	0.39677	0.42810	0.45376	0.47278	0.48445	0.48834	
0.53546	0.53126	0.51866	0.49814	0.47046	0.43667	0.39804	0.35611	0.31259	0.26935	0.22834	0.19153	0.16072	0.13749	0.12304	0.11814	0.12304	0.13749	0.16072	0.19153	0.22834	0.26935	0.31259	0.35611	0.39804	0.43667	0.47046	0.49814	0.51866	0.53126	0.53546	
0.57738	0.57291	0.55949	0.53766	0.50824	0.47236	0.43140	0.38695	0.34082	0.29495	0.25142	0.21230	0.17952	0.15477	0.13937	0.13415	0.13937	0.15477	0.17952	0.21230	0.25142	0.29495	0.34082	0.38695	0.43140	0.47236	0.50824	0.53766	0.55949	0.57291	0.57738	
0.61474	0.61003	0.59588	0.57288	0.54195	0.50431	0.46140	0.41492	0.36671	0.31881	0.27334	0.23245	0.19817	0.17228	0.15615	0.15068	0.15615	0.17228	0.19817	0.23245	0.27334	0.31881	0.36671	0.41492	0.46140	0.50431	0.54195	0.57288	0.59588	0.61003	0.61474	
0.64819	0.64325	0.62845	0.60441	0.57216	0.53300	0.48849	0.44038	0.39058	0.34117	0.29430	0.25216	0.21683	0.19013	0.17350	0.16785	0.17350	0.19013	0.21683	0.25216	0.29430	0.34117	0.39058	0.44038	0.48849	0.53300	0.57216	0.60441	0.62845	0.64325	0.64819	
0.67831	0.67318	0.65778	0.63282	0.59941	0.55896	0.51314	0.46376	0.41280	0.36234	0.31455	0.27163	0.23566	0.20848	0.19156	0.18581	0.19156	0.20848	0.23566	0.27163	0.31455	0.36234	0.41280	0.46376	0.51314	0.55896	0.59941	0.63282	0.65778	0.67318	0.67831	
0.70563	0.70033	0.68440	0.65864	0.62424	0.58273	0.53586	0.48554	0.43378	0.38268	0.33440	0.29112	0.25488	0.22752	0.21049	0.20470	0.21049	0.22752	0.25488	0.29112	0.33440	0.38268	0.43378	0.48554	0.53586	0.58273	0.62424	0.65864	0.68440	0.70033	0.70563	
0.73061	0.72516	0.70880	0.68237	0.64716	0.60481	0.55715	0.50618	0.45396	0.40258	0.35419	0.31091	0.27474	0.24746	0.23049	0.22473	0.23049	0.24746	0.27474	0.31091	0.35419	0.40258	0.45396	0.50618	0.55715	0.60481	0.64716	0.68237	0.70880	0.72516	0.73061	
0.75363	0.74807	0.73137	0.70444	0.66864	0.62568	0.57751	0.52619	0.47381	0.42249	0.37432	0.33135	0.29553	0.26857	0.25181	0.24612	0.25181	0.26857	0.29553	0.33135	0.37432	0.42249	0.47381	0.52619	0.57751	0.62568	0.66864	0.70444	0.73137	0.74807	0.75363	
0.77502	0.76939	0.75248	0.72524	0.68908	0.64580	0.59742	0.54604	0.49382	0.44284	0.39519	0.35282	0.31760	0.29114	0.27471	0.26914	0.27471	0.29114	0.31760	0.35282	0.39519	0.44284	0.49382	0.54604	0.59742	0.64580	0.68908	0.72524	0.75248	0.76939	0.77502	
0.79505	0.78940	0.77243	0.74510	0.70888	0.66559	0.61732	0.56622	0.51446	0.46414	0.41726	0.37574	0.34133	0.31553	0.29955	0.29413	0.29955	0.31553	0.34133	0.37574	0.41726	0.46414	0.51446	0.56622	0.61732	0.66559	0.70888	0.74510	0.77243	0.78940	0.79505	
0.81395	0.80833	0.79147	0.76432	0.72836	0.68544	0.63766	0.58720	0.53624	0.48686	0.44103	0.40058	0.36715	0.34216	0.32670	0.32146	0.32670	0.34216	0.36715	0.40058	0.44103	0.48686	0.53624	0.58720	0.63766	0.68544	0.72836	0.76432	0.79147	0.80833	0.81395	
0.83192	0.82640	0.80983	0.78315	0.74783	0.70570	0.65883	0.60942	0.55962	0.51151	0.46699	0.42783	0.39556	0.37149	0.35662	0.35159	0.35662	0.37149	0.39556	0.42783	0.46699	0.51151	0.55962	0.60942	0.65883	0.70570	0.74783	0.78315	0.80983	0.82640	0.83192	
0.84911	0.84375	0.82768	0.80181	0.76754	0.72665	0.68119	0.63329	0.58508	0.53859	0.49568	0.45803	0.42708	0.40405	0.38985	0.38505	0.38985	0.40405	0.42708	0.45803	0.49568	0.53859	0.58508	0.63329	0.68119	0.72665	0.76754	0.80181	0.82768	0.84375	0.84911	
0.86566	0.86054	0.84519	0.82047	0.78770	0.74857	0.70505	0.65918	0.61304	0.56859	0.52763	0.49174	0.46231	0.44044	0.42697	0.42242	0.42697	0.44044	0.46231	0.49174	0.52763	0.56859	0.61304	0.65918	0.70505	0.74857	0.78770	0.82047	0.84519	0.86054	0.86566	
0.88168	0.87688	0.86248	0.83927	0.80847	0.77166	0.73065	0.68741	0.64388	0.60195	0.56332	0.52952	0.50182	0.48127	0.46862	0.46436	0.46862	0.48127	0.50182	0.52952	0.56332	0.60195	0.64388	0.68741	0.73065	0.77166	0.80847	0.83927	0.86248	0.87688	0.88168	
0.89727	0.89286	0.87964	0.85831	0.82996	0.79604	0.75818	0.71820	0.67790	0.63904	0.60322	0.57187	0.54620	0.52715	0.51544	0.51149	0.51544	0.52715	0.54620	0.57187	0.60322	0.63904	0.67790	0.71820	0.75818	0.79604	0.82996	0.85831	0.87964	0.89286	0.89727	
0.91252	0.90857	0.89675	0.87766	0.85225	0.82179	0.78773	0.75168	0.71528	0.68011	0.64765	0.61922	0.59592	0.57863	0.56799	0.56440	0.56799	0.57863	0.59592	0.61922	0.64765	0.68011	0.71528	0.75168	0.78773	0.82179	0.85225	0.87766	0.89675	0.90857	0.91252	
0.92748	0.92408	0.91386	0.89735	0.87534	0.84891	0.81929	0.78787	0.75606	0.72527	0.69679	0.67179	0.65128	0.63605	0.62668	0.62352	0.62668	0.63605	0.65128	0.67179	0.69679	0.72527	0.75606	0.78787	0.81929	0.84891	0.87534	0.89735	0.91386	0.92408	0.92748	
0.94223	0.93942	0.93100	0.91738	0.89920	0.87733	0.85276	0.82664	0.80013	0.77440	0.75055	0.72957	0.71233	0.69951	0.69161	0.68894	0.69161	0.69951	0.71233	0.72957	0.75055	0.77440	0.80013	0.82664	0.85276	0.87733	0.89920	0.91738	0.93100	0.93942	0.94223	
0.95681	0.95465	0.94819	0.93772	0.92374	0.90689	0.88793	0.86772	0.84716	0.82716	0.80858	0.79220	0.77871	0.76867	0.76248	0.76038	0.76248	0.76867	0.77871	0.79220	0.80858	0.82716	0.84716	0.86772	0.88793	0.90689	0.92374	0.93772	0.94819	0.95465	0.95681	
0.97127	0.96981	0.96543	0.95833	0.94883	0.93738	0.92447	0.91069	0.89664	0.88294	0.87020	0.85894	0.84965	0.84273	0.83846	0.83701	0.83846	0.84273	0.84965	0.85894	0.87020	0.88294	0.89664	0.91069	0.92447	0.93738	0.94883	0.95833	0.96543	0.96981	0.97127	
0.98565	0.98492	0.98270	0.97912	0.97432	0.96852	0.96198	0.95499	0.94786	0.94090	0.93441	0.92868	0.92394	0.92041	0.91822	0.91748	0.91822	0.92041	0.92394	0.92868	0.93441	0.94090	0.94786	0.95499	0.96198	0.96852	0.97432	0.97912	0.98270	0.98492	0.98565	
1.00000	1.00000	1.00000	1.00000	1.00000	1.00000	1.00000	1.00000	1.00000	1.00000	1.00000	1.00000	1.00000	1.00000	1.00000	1.00000	1.00000	1.00000	1.00000	1.00000	1.00000	1.00000	1.00000	1.00000	1.00000	1.00000	1.00000	1.00000	1.00000	1.00000	1.00000	
