0.00000	0.00000	0.00000	0.00000	0.00000	0.00000	0.00000	0.00000	0.00000	0.00000	0.00000	0.00000	0.00000	0.00000	0.00000	0.00000	0.00000	0.00000	0.00000	0.00000	0.00000	0.00000	0.00000	0.00000	0.00000	0.00000	0.00000	0.00000	0.00000	0.00000	0.00000	
0.03999	0.03986	0.03947	0.03884	0.03798	0.03696	0.03579	0.03455	0.03328	0.03203	0.03087	0.02984	0.02899	0.02836	0.02796	0.02783	0.02796	0.02836	0.02899	0.02984	0.03087	0.03203	0.03328	0.03455	0.03579	0.03696	0.03798	0.03884	0.03947	0.03986	0.03999	
0.07989	0.07963	0.07885	0.07759	0.07590	0.07385	0.07154	0.06907	0.06654	0.06406	0.06175	0.05971	0.05802	0.05675	0.05597	0.05571	0.05597	0.05675	0.05802	0.05971	0.06175	0.06406	0.06654	0.06907	0.07154	0.07385	0.07590	0.07759	0.07885	0.07963	0.07989	
0.11960	0.11921	0.11805	0.11618	0.11366	0.11062	0.10719	0.10352	0.09976	0.09609	0.09266	0.08962	0.08710	0.08523	0.08407	0.08367	0.08407	0.08523	0.08710	0.08962	0.09266	0.09609	0.09976	0.10352	0.10719	0.11062	0.11366	0.11618	0.11805	0.11921	0.11960	
0.15902	0.15851	0.15699	0.15452	0.15122	0.14722	0.14271	0.13787	0.13293	0.12810	0.12359	0.11959	0.11629	0.11382	0.11229	0.11178	0.11229	0.11382	0.11629	0.11959	0.12359	0.12810	0.13293	0.13787	0.14271	0.14722	0.15122	0.15452	0.15699	0.15851	0.15902	
0.19808	0.19746	0.19559	0.19256	0.18850	0.18359	0.17805	0.17211	0.16604	0.16011	0.15457	0.14966	0.14560	0.14257	0.14069	0.14006	0.14069	0.14257	0.14560	0.14966	0.15457	0.16011	0.16604	0.17211	0.17805	0.18359	0.18850	0.19256	0.19559	0.19746	0.19808	
0.23670	0.23597	0.23378	0.23022	0.22545	0.21969	0.21318	0.20621	0.19908	0.19211	0.18561	0.17984	0.17507	0.17151	0.16931	0.16857	0.16931	0.17151	0.17507	0.17984	0.18561	0.19211	0.19908	0.20621	0.21318	0.21969	0.22545	0.23022	0.23378	0.23597	0.23670	
0.27483	0.27399	0.27150	0.26745	0.26203	0.25548	0.24808	0.24015	0.23205	0.22412	0.21672	0.21017	0.20474	0.20069	0.19819	0.19734	0.19819	0.20069	0.20474	0.21017	0.21672	0.22412	0.23205	0.24015	0.24808	0.25548	0.26203	0.26745	0.27150	0.27399	0.27483	
0.31239	0.31147	0.30870	0.30421	0.29820	0.29093	0.28272	0.27393	0.26494	0.25614	0.24793	0.24066	0.23465	0.23015	0.22737	0.22643	0.22737	0.23015	0.23465	0.24066	0.24793	0.25614	0.26494	0.27393	0.28272	0.29093	0.29820	0.30421	0.30870	0.31147	0.31239	
0.34935	0.34835	0.34534	0.34046	0.33392	0.32602	0.31709	0.30753	0.29776	0.28819	0.27926	0.27135	0.26481	0.25993	0.25690	0.25588	0.25690	0.25993	0.26481	0.27135	0.27926	0.28819	0.29776	0.30753	0.31709	0.32602	0.33392	0.34046	0.34534	0.34835	0.34935	
0.38569	0.38462	0.38140	0.37618	0.36919	0.36074	0.35119	0.34096	0.33051	0.32029	0.31074	0.30228	0.29528	0.29006	0.28683	0.28573	0.28683	0.29006	0.29528	0.30228	0.31074	0.32029	0.33051	0.34096	0.35119	0.36074	0.36919	0.37618	0.38140	0.38462	0.38569	
0.42137	0.42024	0.41685	0.41135	0.40398	0.39507	0.38501	0.37424	0.36322	0.35245	0.34238	0.33347	0.32609	0.32059	0.31718	0.31603	0.31718	0.32059	0.32609	0.33347	0.34238	0.35245	0.36322	0.37424	0.38501	0.39507	0.40398	0.41135	0.41685	0.42024	0.42137	
0.45640	0.45522	0.45169	0.44597	0.43831	0.42904	0.41857	0.40736	0.39590	0.38469	0.37422	0.36495	0.35728	0.35155	0.34801	0.34681	0.34801	0.35155	0.35728	0.36495	0.37422	0.38469	0.39590	0.40736	0.41857	0.42904	0.43831	0.44597	0.45169	0.45522	0.45640	
0.49076	0.48955	0.48592	0.48004	0.47216	0.46263	0.45187	0.44035	0.42857	0.41705	0.40629	0.39676	0.38887	0.38298	0.37934	0.37811	0.37934	0.38298	0.38887	0.39676	0.40629	0.41705	0.42857	0.44035	0.45187	0.46263	0.47216	0.48004	0.48592	0.48955	0.49076	
0.52446	0.52323	0.51955	0.51357	0.50556	0.49588	0.48494	0.47323	0.46126	0.44955	0.43861	0.42892	0.42091	0.41492	0.41122	0.40997	0.41122	0.41492	0.42091	0.42892	0.43861	0.44955	0.46126	0.47323	0.48494	0.49588	0.50556	0.51357	0.51955	0.52323	0.52446	
0.55753	0.55629	0.55259	0.54658	0.53852	0.52879	0.51779	0.50602	0.49398	0.48221	0.47121	0.46147	0.45342	0.44740	0.44368	0.44242	0.44368	0.44740	0.45342	0.46147	0.47121	0.48221	0.49398	0.50602	0.51779	0.52879	0.53852	0.54658	0.55259	0.55629	0.55753	
0.58998	0.58875	0.58506	0.57908	0.57108	0.56139	0.55045	0.53874	0.52677	0.51506	0.50412	0.49444	0.48643	0.48044	0.47674	0.47549	0.47674	0.48044	0.48643	0.49444	0.50412	0.51506	0.52677	0.53874	0.55045	0.56139	0.57108	0.57908	0.58506	0.58875	0.58998	
0.62184	0.62063	0.61700	0.61112	0.60324	0.59371	0.58295	0.57143	0.55965	0.54813	0.53737	0.52784	0.51996	0.51407	0.51043	0.50920	0.51043	0.51407	0.51996	0.52784	0.53737	0.54813	0.55965	0.57143	0.58295	0.59371	0.60324	0.61112	0.61700	0.62063	0.62184	
0.65315	0.65197	0.64844	0.64271	0.63505	0.62578	0.61531	0.60410	0.59264	0.58143	0.57096	0.56169	0.55402	0.54830	0.54475	0.54356	0.54475	0.54830	0.55402	0.56169	0.57096	0.58143	0.59264	0.60410	0.61531	0.62578	0.63505	0.64271	0.64844	0.65197	0.65315	
0.68393	0.68280	0.67940	0.67390	0.66653	0.65762	0.64755	0.63678	0.62576	0.61499	0.60492	0.59601	0.58864	0.58314	0.57973	0.57858	0.57973	0.58314	0.58864	0.59601	0.60492	0.61499	0.62576	0.63678	0.64755	0.65762	0.66653	0.67390	0.67940	0.68280	0.68393	
0.71422	0.71315	0.70993	0.70471	0.69772	0.68926	0.67971	0.66949	0.65903	0.64881	0.63926	0.63081	0.62381	0.61859	0.61536	0.61427	0.61536	0.61859	0.62381	0.63081	0.63926	0.64881	0.65903	0.66949	0.67971	0.68926	0.69772	0.70471	0.70993	0.71315	0.71422	
0.74408	0.74308	0.74006	0.73518	0.72864	0.72074	0.71181	0.70224	0.69247	0.68291	0.67398	0.66607	0.65953	0.65465	0.65163	0.65060	0.65163	0.65465	0.65953	0.66607	0.67398	0.68291	0.69247	0.70224	0.71181	0.72074	0.72864	0.73518	0.74006	0.74308	0.74408	
0.77353	0.77261	0.76984	0.76535	0.75934	0.75207	0.74386	0.73506	0.72607	0.71728	0.70907	0.70180	0.69578	0.69129	0.68851	0.68757	0.68851	0.69129	0.69578	0.70180	0.70907	0.71728	0.72607	0.73506	0.74386	0.75207	0.75934	0.76535	0.76984	0.77261	0.77353	
0.80263	0.80179	0.79930	0.79525	0.78983	0.78328	0.77588	0.76795	0.75985	0.75192	0.74452	0.73796	0.73254	0.72849	0.72599	0.72514	0.72599	0.72849	0.73254	0.73796	0.74452	0.75192	0.75985	0.76795	0.77588	0.78328	0.78983	0.79525	0.79930	0.80179	0.80263	
0.83141	0.83068	0.82848	0.82492	0.82016	0.81439	0.80789	0.80092	0.79379	0.78682	0.78031	0.77454	0.76978	0.76621	0.76401	0.76327	0.76401	0.76621	0.76978	0.77454	0.78031	0.78682	0.79379	0.80092	0.80789	0.81439	0.82016	0.82492	0.82848	0.83068	0.83141	
0.85992	0.85930	0.85743	0.85440	0.85034	0.84543	0.83989	0.83396	0.82789	0.82195	0.81641	0.81150	0.80744	0.80440	0.80253	0.80189	0.80253	0.80440	0.80744	0.81150	0.81641	0.82195	0.82789	0.83396	0.83989	0.84543	0.85034	0.85440	0.85743	0.85930	0.85992	
0.88820	0.88770	0.88618	0.88371	0.88041	0.87641	0.87190	0.86707	0.86213	0.85729	0.85278	0.84878	0.84547	0.84300	0.84148	0.84096	0.84148	0.84300	0.84547	0.84878	0.85278	0.85729	0.86213	0.86707	0.87190	0.87641	0.88041	0.88371	0.88618	0.88770	0.88820	
0.91631	0.91593	0.91477	0.91289	0.91038	0.90734	0.90391	0.90024	0.89648	0.89281	0.88938	0.88634	0.88382	0.88194	0.88078	0.88039	0.88078	0.88194	0.88382	0.88634	0.88938	0.89281	0.89648	0.90024	0.90391	0.90734	0.91038	0.91289	0.91477	0.91593	0.91631	
0.94428	0.94402	0.94324	0.94198	0.94029	0.93825	0.93594	0.93346	0.93093	0.92846	0.92615	0.92410	0.92241	0.92115	0.92036	0.92010	0.92036	0.92115	0.92241	0.92410	0.92615	0.92846	0.93093	0.93346	0.93594	0.93825	0.94029	0.94198	0.94324	0.94402	0.94428	
0.97216	0.97203	0.97164	0.97101	0.97016	0.96913	0.96797	0.96672	0.96545	0.96421	0.96304	0.96202	0.96116	0.96053	0.96013	0.96000	0.96013	0.96053	0.96116	0.96202	0.96304	0.96421	0.96545	0.96672	0.96797	0.96913	0.97016	0.97101	0.97164	0.97203	0.97216	
1.00000	1.00000	1.00000	1.00000	1.00000	1.00000	1.00000	1.00000	1.00000	1.00000	1.00000	1.00000	1.00000	1.00000	1.00000	1.00000	1.00000	1.00000	1.00000	1.00000	1.00000	1.00000	1.00000	1.00000	1.00000	1.00000	1.00000	1.00000	1.00000	1.00000	1.00000	
