0.00000	0.00000	0.00000	0.00000	0.00000	0.00000	0.00000	0.00000	0.00000	0.00000	0.00000	0.00000	0.00000	0.00000	0.00000	0.00000	0.00000	0.00000	0.00000	0.00000	0.00000	0.00000	0.00000	0.00000	0.00000	0.00000	0.00000	0.00000	0.00000	0.00000	0.00000	
0.22017	0.21886	0.21493	0.20843	0.19944	0.18808	0.17447	0.15880	0.14129	0.12229	0.10232	0.08221	0.06328	0.04737	0.03661	0.03278	0.03661	0.04737	0.06328	0.08221	0.10232	0.12229	0.14129	0.15880	0.17447	0.18808	0.19944	0.20843	0.21493	0.21886	0.22017	
0.39928	0.39724	0.39110	0.38087	0.36654	0.34808	0.32549	0.29882	0.26824	0.23418	0.19751	0.15985	0.12386	0.09327	0.07245	0.06503	0.07245	0.09327	0.12386	0.15985	0.19751	0.23418	0.26824	0.29882	0.32549	0.34808	0.36654	0.38087	0.39110	0.39724	0.39928	
0.51771	0.51563	0.50939	0.49887	0.48384	0.46397	0.43883	0.40793	0.37098	0.32805	0.28007	0.22922	0.17943	0.13642	0.10684	0.09625	0.10684	0.13642	0.17943	0.22922	0.28007	0.32805	0.37098	0.40793	0.43883	0.46397	0.48384	0.49887	0.50939	0.51563	0.51771	
0.58134	0.57960	0.57438	0.56554	0.55275	0.53542	0.51265	0.48326	0.44613	0.40058	0.34709	0.28804	0.22842	0.17584	0.13922	0.12603	0.13922	0.17584	0.22842	0.28804	0.34709	0.40058	0.44613	0.48326	0.51265	0.53542	0.55275	0.56554	0.57438	0.57960	0.58134	
0.60935	0.60791	0.60361	0.59645	0.58629	0.57258	0.55417	0.52930	0.49593	0.45236	0.39818	0.33555	0.27008	0.21096	0.16919	0.15405	0.16919	0.21096	0.27008	0.33555	0.39818	0.45236	0.49593	0.52930	0.55417	0.57258	0.58629	0.59645	0.60361	0.60791	0.60935	
0.61998	0.61859	0.61442	0.60783	0.59911	0.58805	0.57360	0.55371	0.52560	0.48647	0.43485	0.37221	0.30434	0.24155	0.19653	0.18010	0.19653	0.24155	0.30434	0.37221	0.43485	0.48647	0.52560	0.55371	0.57360	0.58805	0.59911	0.60783	0.61442	0.61859	0.61998	
0.62429	0.62267	0.61780	0.61051	0.60169	0.59169	0.57978	0.56391	0.54083	0.50688	0.45949	0.39924	0.33168	0.26768	0.22114	0.20404	0.22114	0.26768	0.33168	0.39924	0.45949	0.50688	0.54083	0.56391	0.57978	0.59169	0.60169	0.61051	0.61780	0.62267	0.62429	
0.62711	0.62505	0.61885	0.60988	0.59973	0.58937	0.57856	0.56538	0.54638	0.51731	0.47469	0.41820	0.35285	0.28963	0.24307	0.22586	0.24307	0.28963	0.35285	0.41820	0.47469	0.51731	0.54638	0.56538	0.57856	0.58937	0.59973	0.60988	0.61885	0.62505	0.62711	
0.63003	0.62737	0.61939	0.60805	0.59572	0.58407	0.57327	0.56164	0.54566	0.52072	0.48274	0.43062	0.36874	0.30780	0.26243	0.24557	0.26243	0.30780	0.36874	0.43062	0.48274	0.52072	0.54566	0.56164	0.57327	0.58407	0.59572	0.60805	0.61939	0.62737	0.63003	
0.63351	0.63013	0.61998	0.60576	0.59068	0.57711	0.56565	0.55474	0.54088	0.51928	0.48551	0.43791	0.38023	0.32264	0.27939	0.26326	0.27939	0.32264	0.38023	0.43791	0.48551	0.51928	0.54088	0.55474	0.56565	0.57711	0.59068	0.60576	0.61998	0.63013	0.63351	
0.63770	0.63349	0.62085	0.60330	0.58504	0.56914	0.55657	0.54585	0.53343	0.51448	0.48440	0.44122	0.38814	0.33461	0.29417	0.27904	0.29417	0.33461	0.38814	0.44122	0.48440	0.51448	0.53343	0.54585	0.55657	0.56914	0.58504	0.60330	0.62085	0.63349	0.63770	
0.64272	0.63757	0.62213	0.60087	0.57906	0.56053	0.54656	0.53566	0.52421	0.50735	0.48049	0.44151	0.39318	0.34414	0.30696	0.29302	0.30696	0.34414	0.39318	0.44151	0.48049	0.50735	0.52421	0.53566	0.54656	0.56053	0.57906	0.60087	0.62213	0.63757	0.64272	
0.64866	0.64249	0.62396	0.59865	0.57297	0.55157	0.53598	0.52465	0.51381	0.49860	0.47454	0.43952	0.39594	0.35163	0.31798	0.30536	0.31798	0.35163	0.39594	0.43952	0.47454	0.49860	0.51381	0.52465	0.53598	0.55157	0.57297	0.59865	0.62396	0.64249	0.64866	
0.65565	0.64837	0.62653	0.59686	0.56704	0.54254	0.52513	0.51314	0.50264	0.48877	0.46718	0.43586	0.39695	0.35742	0.32742	0.31618	0.32742	0.35742	0.39695	0.43586	0.46718	0.48877	0.50264	0.51314	0.52513	0.54254	0.56704	0.59686	0.62653	0.64837	0.65565	
0.66381	0.65536	0.63002	0.59575	0.56154	0.53372	0.51430	0.50145	0.49106	0.47824	0.45885	0.43101	0.39662	0.36182	0.33548	0.32562	0.33548	0.36182	0.39662	0.43101	0.45885	0.47824	0.49106	0.50145	0.51430	0.53372	0.56154	0.59575	0.63002	0.65536	0.66381	
0.67327	0.66362	0.63467	0.59562	0.55682	0.52546	0.50379	0.48986	0.47935	0.46737	0.44995	0.42538	0.39531	0.36509	0.34232	0.33381	0.34232	0.36509	0.39531	0.42538	0.44995	0.46737	0.47935	0.48986	0.50379	0.52546	0.55682	0.59562	0.63467	0.66362	0.67327	
0.68419	0.67332	0.64073	0.59683	0.55328	0.51813	0.49394	0.47866	0.46779	0.45644	0.44081	0.41929	0.39333	0.36746	0.34809	0.34087	0.34809	0.36746	0.39333	0.41929	0.44081	0.45644	0.46779	0.47866	0.49394	0.51813	0.55328	0.59683	0.64073	0.67332	0.68419	
0.69671	0.68466	0.64852	0.59982	0.55141	0.51222	0.48517	0.46820	0.45669	0.44576	0.43172	0.41305	0.39092	0.36913	0.35292	0.34691	0.35292	0.36913	0.39092	0.41305	0.43172	0.44576	0.45669	0.46820	0.48517	0.51222	0.55141	0.59982	0.64852	0.68466	0.69671	
0.71098	0.69783	0.65839	0.60509	0.55182	0.50834	0.47801	0.45890	0.44640	0.43563	0.42296	0.40689	0.38830	0.37026	0.35695	0.35203	0.35695	0.37026	0.38830	0.40689	0.42296	0.43563	0.44640	0.45890	0.47801	0.50834	0.55182	0.60509	0.65839	0.69783	0.71098	
0.72716	0.71306	0.67074	0.61326	0.55528	0.50727	0.47318	0.45137	0.43739	0.42640	0.41483	0.40107	0.38567	0.37099	0.36028	0.35634	0.36028	0.37099	0.38567	0.40107	0.41483	0.42640	0.43739	0.45137	0.47318	0.50727	0.55528	0.61326	0.67074	0.71306	0.72716	
0.74539	0.73054	0.68601	0.62506	0.56275	0.51012	0.47173	0.44652	0.43037	0.41862	0.40770	0.39584	0.38322	0.37148	0.36303	0.35994	0.36303	0.37148	0.38322	0.39584	0.40770	0.41862	0.43037	0.44652	0.47173	0.51012	0.56275	0.62506	0.68601	0.73054	0.74539	
0.76577	0.75049	0.70465	0.64130	0.57541	0.51830	0.47518	0.44576	0.42654	0.41319	0.40222	0.39167	0.38124	0.37193	0.36536	0.36298	0.36536	0.37193	0.38124	0.39167	0.40222	0.41319	0.42654	0.44576	0.47518	0.51830	0.57541	0.64130	0.70465	0.75049	0.76577	
0.78840	0.77308	0.72713	0.66289	0.59469	0.53373	0.48574	0.45135	0.42797	0.41188	0.39978	0.38956	0.38049	0.37292	0.36777	0.36593	0.36777	0.37292	0.38049	0.38956	0.39978	0.41188	0.42797	0.45135	0.48574	0.53373	0.59469	0.66289	0.72713	0.77308	0.78840	
0.81327	0.79841	0.75384	0.69072	0.62215	0.55873	0.50642	0.46675	0.43824	0.41806	0.40337	0.39209	0.38314	0.37631	0.37193	0.37041	0.37193	0.37631	0.38314	0.39209	0.40337	0.41806	0.43824	0.46675	0.50642	0.55873	0.62215	0.69072	0.75384	0.79841	0.81327	
0.84034	0.82652	0.78507	0.72557	0.65938	0.59593	0.54100	0.49680	0.46295	0.43771	0.41898	0.40501	0.39463	0.38726	0.38280	0.38130	0.38280	0.38726	0.39463	0.40501	0.41898	0.43771	0.46295	0.49680	0.54100	0.59593	0.65938	0.72557	0.78507	0.82652	0.84034	
0.86945	0.85731	0.82089	0.76792	0.70761	0.64777	0.59351	0.54730	0.50961	0.47978	0.45663	0.43900	0.42596	0.41692	0.41157	0.40980	0.41157	0.41692	0.42596	0.43900	0.45663	0.47978	0.50961	0.54730	0.59351	0.64777	0.70761	0.76792	0.82089	0.85731	0.86945	
0.90035	0.89053	0.86107	0.81772	0.76732	0.71577	0.66709	0.62354	0.58602	0.55465	0.52910	0.50891	0.49362	0.48290	0.47654	0.47443	0.47654	0.48290	0.49362	0.50891	0.52910	0.55465	0.58602	0.62354	0.66709	0.71577	0.76732	0.81772	0.86107	0.89053	0.90035	
0.93271	0.92579	0.90502	0.87418	0.83773	0.79955	0.76235	0.72778	0.69673	0.66965	0.64671	0.62796	0.61338	0.60298	0.59673	0.59465	0.59673	0.60298	0.61338	0.62796	0.64671	0.66965	0.69673	0.72778	0.76235	0.79955	0.83773	0.87418	0.90502	0.92579	0.93271	
0.96609	0.96251	0.95177	0.93571	0.91655	0.89616	0.87589	0.85661	0.83884	0.82292	0.80910	0.79756	0.78843	0.78182	0.77782	0.77648	0.77782	0.78182	0.78843	0.79756	0.80910	0.82292	0.83884	0.85661	0.87589	0.89616	0.91655	0.93571	0.95177	0.96251	0.96609	
1.00000	1.00000	1.00000	1.00000	1.00000	1.00000	1.00000	1.00000	1.00000	1.00000	1.00000	1.00000	1.00000	1.00000	1.00000	1.00000	1.00000	1.00000	1.00000	1.00000	1.00000	1.00000	1.00000	1.00000	1.00000	1.00000	1.00000	1.00000	1.00000	1.00000	1.00000	
