-0.11989	0.00000	0.00000	0.00000	0.00000	0.00000	0.00000	0.00000	0.00000	0.00000	0.00000	0.00000	0.00000	0.00000	0.00000	0.00000	0.00000	0.00000	0.00000	0.00000	0.00000	0.00000	0.00000	0.00000	0.00000	0.00000	0.00000	0.00000	0.00000	0.00000	0.00000	
0.10539	0.17020	0.19140	0.19606	0.19264	0.18428	0.17239	0.15775	0.14088	0.12231	0.10263	0.08273	0.06396	0.04818	0.03757	0.03397	0.03812	0.04932	0.06576	0.08528	0.10605	0.12676	0.14660	0.16509	0.18193	0.19699	0.21027	0.22206	0.23315	0.24590	0.26746	
0.32303	0.35561	0.36834	0.36831	0.35961	0.34434	0.32362	0.29807	0.26821	0.23465	0.19836	0.16100	0.12526	0.09491	0.07438	0.06739	0.07544	0.09709	0.12865	0.16574	0.20457	0.24250	0.27797	0.31013	0.33863	0.36339	0.38458	0.40260	0.41829	0.43344	0.45205	
0.48238	0.49693	0.50010	0.49473	0.48244	0.46398	0.43953	0.40900	0.37226	0.32954	0.28178	0.23117	0.18164	0.13892	0.10975	0.09977	0.11125	0.14197	0.18629	0.23749	0.28979	0.33927	0.38377	0.42244	0.45524	0.48258	0.50502	0.52323	0.53795	0.55025	0.56200	
0.57672	0.58136	0.57897	0.57103	0.55816	0.54029	0.51684	0.48683	0.44924	0.40344	0.34988	0.29093	0.23152	0.17924	0.14310	0.13067	0.14495	0.18295	0.23705	0.29820	0.35874	0.41368	0.46069	0.49938	0.53048	0.55520	0.57474	0.59006	0.60185	0.61067	0.61726	
0.62305	0.62255	0.61748	0.60878	0.59682	0.58133	0.56132	0.53515	0.50081	0.45661	0.40213	0.33943	0.27409	0.21528	0.17405	0.15978	0.17615	0.21943	0.28014	0.34712	0.41112	0.46653	0.51133	0.54602	0.57243	0.59266	0.60847	0.62096	0.63063	0.63752	0.64159	
0.64313	0.63998	0.63326	0.62391	0.61255	0.59914	0.58268	0.56118	0.53185	0.49191	0.43985	0.37705	0.30927	0.24678	0.20235	0.18686	0.20462	0.25119	0.31555	0.38480	0.44859	0.50118	0.54129	0.57056	0.59192	0.60823	0.62154	0.63283	0.64215	0.64894	0.65247	
0.65234	0.64754	0.63912	0.62840	0.61651	0.60390	0.58987	0.57233	0.54802	0.51324	0.46539	0.40498	0.33749	0.27382	0.22791	0.21181	0.23026	0.27834	0.34380	0.41257	0.47372	0.52183	0.55655	0.58068	0.59803	0.61193	0.62446	0.63626	0.64680	0.65482	0.65894	
0.65823	0.65200	0.64150	0.62861	0.61512	0.60207	0.58913	0.57434	0.55418	0.52436	0.48134	0.42473	0.35951	0.29665	0.25075	0.23457	0.25313	0.30117	0.36572	0.43206	0.48922	0.53236	0.56206	0.58204	0.59672	0.60964	0.62276	0.63631	0.64912	0.65919	0.66447	
0.66356	0.65581	0.64285	0.62718	0.61134	0.59696	0.58410	0.57095	0.55392	0.52833	0.49005	0.43790	0.37620	0.31568	0.27101	0.25520	0.27337	0.32012	0.38224	0.44492	0.49751	0.53585	0.56131	0.57822	0.59134	0.60430	0.61888	0.63495	0.65069	0.66335	0.67011	
0.66912	0.65972	0.64395	0.62506	0.60639	0.59014	0.57671	0.56439	0.54958	0.52743	0.49344	0.44590	0.38849	0.33137	0.28886	0.27377	0.29116	0.33568	0.39429	0.45260	0.50052	0.53454	0.55658	0.57131	0.58366	0.59726	0.61383	0.63289	0.65204	0.66768	0.67618	
0.67515	0.66395	0.64509	0.62264	0.60079	0.58235	0.56796	0.55594	0.54266	0.52322	0.49300	0.44994	0.39719	0.34419	0.30451	0.29040	0.30673	0.34833	0.40274	0.45632	0.49972	0.52998	0.54932	0.56254	0.57461	0.58923	0.60809	0.63048	0.65340	0.67235	0.68278	
0.68175	0.66864	0.64644	0.62016	0.59488	0.57402	0.55841	0.54635	0.53410	0.51680	0.48982	0.45100	0.40305	0.35458	0.31818	0.30524	0.32029	0.35852	0.40832	0.45707	0.49621	0.52322	0.54045	0.55263	0.56475	0.58062	0.60197	0.62794	0.65494	0.67748	0.69003	
0.68904	0.67392	0.64819	0.61783	0.58892	0.56546	0.54847	0.53610	0.52453	0.50890	0.48472	0.44987	0.40668	0.36295	0.33008	0.31842	0.33208	0.36667	0.41167	0.45561	0.49078	0.51500	0.53056	0.54206	0.55447	0.57174	0.59575	0.62551	0.65682	0.68319	0.69801	
0.69708	0.67991	0.65051	0.61589	0.58316	0.55696	0.53842	0.52555	0.51437	0.50006	0.47832	0.44715	0.40862	0.36967	0.34043	0.33010	0.34230	0.37316	0.41330	0.45256	0.48406	0.50584	0.52008	0.53118	0.54408	0.56289	0.58970	0.62342	0.65924	0.68961	0.70680	
0.70598	0.68675	0.65361	0.61461	0.57791	0.54880	0.52854	0.51498	0.50396	0.49068	0.47109	0.44335	0.40929	0.37504	0.34943	0.34042	0.35117	0.37829	0.41368	0.44843	0.47650	0.49615	0.50934	0.52028	0.53385	0.55437	0.58413	0.62194	0.66240	0.69687	0.71650	
0.71583	0.69458	0.65772	0.61428	0.57348	0.54129	0.51911	0.50465	0.49356	0.48110	0.46342	0.43887	0.40908	0.37936	0.35726	0.34954	0.35886	0.38236	0.41315	0.44361	0.46849	0.48624	0.49862	0.50961	0.52407	0.54649	0.57936	0.62139	0.66654	0.70513	0.72720	
0.72671	0.70358	0.66311	0.61525	0.57026	0.53478	0.51044	0.49481	0.48344	0.47159	0.45564	0.43405	0.40829	0.38285	0.36408	0.35758	0.36554	0.38561	0.41204	0.43845	0.46036	0.47640	0.48818	0.49944	0.51504	0.53961	0.57578	0.62211	0.67193	0.71454	0.73899	
0.73874	0.71392	0.67008	0.61794	0.56871	0.52971	0.50289	0.48579	0.47387	0.46244	0.44802	0.42919	0.40717	0.38573	0.37004	0.36467	0.37137	0.38823	0.41060	0.43323	0.45238	0.46690	0.47827	0.49008	0.50714	0.53417	0.57386	0.62453	0.67888	0.72529	0.75197	
0.75200	0.72580	0.67898	0.62285	0.56939	0.52664	0.49693	0.47796	0.46517	0.45392	0.44083	0.42453	0.40596	0.38817	0.37530	0.37094	0.37649	0.39042	0.40906	0.42821	0.44483	0.45803	0.46923	0.48191	0.50083	0.53073	0.57417	0.62914	0.68772	0.73755	0.76623	
0.76659	0.73941	0.69019	0.63054	0.57302	0.52630	0.49325	0.47188	0.45778	0.44638	0.43437	0.42032	0.40485	0.39033	0.37997	0.37652	0.38103	0.39234	0.40763	0.42363	0.43799	0.45012	0.46148	0.47548	0.49680	0.53002	0.57742	0.63652	0.69885	0.75153	0.78185	
0.78260	0.75496	0.70415	0.64172	0.58049	0.52969	0.49280	0.46836	0.45234	0.44031	0.42898	0.41681	0.40405	0.39238	0.38419	0.38152	0.38512	0.39415	0.40649	0.41975	0.43222	0.44366	0.45568	0.47162	0.49599	0.53304	0.58452	0.64737	0.71268	0.76742	0.79891	
0.80010	0.77266	0.72131	0.65716	0.59293	0.53816	0.49699	0.46874	0.44995	0.43654	0.42528	0.41443	0.40384	0.39454	0.38816	0.38612	0.38896	0.39606	0.40596	0.41701	0.42813	0.43951	0.45292	0.47163	0.49983	0.54114	0.59657	0.66246	0.72967	0.78542	0.81747	
0.81917	0.79269	0.74210	0.67771	0.61166	0.55348	0.50789	0.47511	0.45255	0.43670	0.42452	0.41413	0.40492	0.39734	0.39233	0.39077	0.39300	0.39864	0.40674	0.41634	0.42698	0.43928	0.45514	0.47763	0.51036	0.55609	0.61492	0.68263	0.75025	0.80567	0.83757	
0.83982	0.81519	0.76694	0.70424	0.63818	0.57785	0.52832	0.49071	0.46348	0.44394	0.42950	0.41826	0.40930	0.40251	0.39826	0.39697	0.39882	0.40359	0.41081	0.42011	0.43157	0.44613	0.46568	0.49286	0.53044	0.58009	0.64104	0.70875	0.77479	0.82829	0.85919	
0.86205	0.84022	0.79612	0.73748	0.67397	0.61376	0.56186	0.52008	0.48796	0.46383	0.44577	0.43217	0.42200	0.41481	0.41053	0.40923	0.41098	0.41568	0.42323	0.43367	0.44746	0.46563	0.48977	0.52186	0.56361	0.61563	0.67642	0.74154	0.80356	0.85329	0.88228	
0.88583	0.86778	0.82973	0.77791	0.72023	0.66353	0.61231	0.56871	0.53308	0.50477	0.48271	0.46582	0.45330	0.44463	0.43956	0.43799	0.43991	0.44530	0.45425	0.46700	0.48403	0.50618	0.53451	0.57012	0.61371	0.66504	0.72226	0.78144	0.83660	0.88055	0.90671	
0.91111	0.89774	0.86761	0.82549	0.77741	0.72861	0.68268	0.64161	0.60621	0.57655	0.55235	0.53318	0.51865	0.50847	0.50248	0.50058	0.50273	0.50896	0.51934	0.53403	0.55332	0.57759	0.60727	0.64266	0.68372	0.72974	0.77899	0.82839	0.87362	0.90974	0.93225	
0.93792	0.92991	0.90925	0.87949	0.84479	0.80866	0.77356	0.74097	0.71169	0.68613	0.66446	0.64672	0.63294	0.62311	0.61724	0.61534	0.61741	0.62343	0.63339	0.64728	0.66509	0.68681	0.71239	0.74166	0.77425	0.80943	0.84588	0.88161	0.91397	0.94023	0.95838	
0.96674	0.96408	0.95378	0.93840	0.92018	0.90089	0.88177	0.86359	0.84684	0.83182	0.81878	0.80788	0.79926	0.79303	0.78927	0.78804	0.78935	0.79318	0.79948	0.80815	0.81909	0.83216	0.84718	0.86393	0.88212	0.90127	0.92074	0.93955	0.95654	0.97088	0.98343	
1.00000	1.00000	1.00000	1.00000	1.00000	1.00000	1.00000	1.00000	1.00000	1.00000	1.00000	1.00000	1.00000	1.00000	1.00000	1.00000	1.00000	1.00000	1.00000	1.00000	1.00000	1.00000	1.00000	1.00000	1.00000	1.00000	1.00000	1.00000	1.00000	1.00000	1.00000	
