#f	omega	theta
1.35	-1.95948	-2.91901
1.35	-1.95948	-2.91901
1.35	-1.95948	-2.91901
1.35	-1.95948	-2.91901
1.35	-1.95948	-2.91901
1.35	-1.95948	-2.91901
1.35	-1.95948	-2.91901
1.35	-1.95948	-2.91901
1.35	-1.95948	-2.91901
1.35	-1.95948	-2.91901
1.35	-1.95948	-2.91901
1.35	-1.95948	-2.91901
1.35	-1.95948	-2.91901
1.35	-1.95948	-2.91901
1.35	-1.95948	-2.91901
1.35	-1.95948	-2.91901
1.35	-1.95948	-2.91901
1.35	-1.95948	-2.91901
1.35	-1.95948	-2.91901
1.35	-1.95948	-2.91901
1.35	-1.95948	-2.91901
1.35	-1.95948	-2.91901
1.35	-1.95948	-2.91901
1.35	-1.95948	-2.91901
1.35	-1.95948	-2.91901
1.35	-1.95948	-2.91901
1.35	-1.95948	-2.91901
1.35	-1.95948	-2.91901
1.35	-1.95948	-2.91901
1.35	-1.95948	-2.91901
1.35	-1.95948	-2.91901
1.35	-1.95948	-2.91901
1.35	-1.95948	-2.91901
1.35	-1.95948	-2.91901
1.35	-1.95948	-2.91901
1.35	-1.95948	-2.91901
1.35	-1.95948	-2.91901
1.35	-1.95948	-2.91901
1.35	-1.95948	-2.91901
1.35	-1.95948	-2.91901
1.35	-1.95948	-2.91901
1.35	-1.95948	-2.91901
1.35	-1.95948	-2.91901
1.35	-1.95948	-2.91901
1.35	-1.95948	-2.91901
1.35	-1.95948	-2.91901
1.35	-1.95948	-2.91901
1.35	-1.95948	-2.91901
1.35	-1.95948	-2.91901
1.35	-1.95948	-2.91901
1.351	-1.96231	-2.91785
1.351	-1.96231	-2.91785
1.351	-1.96231	-2.91785
1.351	-1.96231	-2.91785
1.351	-1.96231	-2.91785
1.351	-1.96231	-2.91785
1.351	-1.96231	-2.91785
1.351	-1.96231	-2.91785
1.351	-1.96231	-2.91785
1.351	-1.96231	-2.91785
1.351	-1.96231	-2.91785
1.351	-1.96231	-2.91785
1.351	-1.96231	-2.91785
1.351	-1.96231	-2.91785
1.351	-1.96231	-2.91785
1.351	-1.96231	-2.91785
1.351	-1.96231	-2.91785
1.351	-1.96231	-2.91785
1.351	-1.96231	-2.91785
1.351	-1.96231	-2.91785
1.351	-1.96231	-2.91785
1.351	-1.96231	-2.91785
1.351	-1.96231	-2.91785
1.351	-1.96231	-2.91785
1.351	-1.96231	-2.91785
1.351	-1.96231	-2.91785
1.351	-1.96231	-2.91785
1.351	-1.96231	-2.91785
1.351	-1.96231	-2.91785
1.351	-1.96231	-2.91785
1.351	-1.96231	-2.91785
1.351	-1.96231	-2.91785
1.351	-1.96231	-2.91785
1.351	-1.96231	-2.91785
1.351	-1.96231	-2.91785
1.351	-1.96231	-2.91785
1.351	-1.96231	-2.91785
1.351	-1.96231	-2.91785
1.351	-1.96231	-2.91785
1.351	-1.96231	-2.91785
1.351	-1.96231	-2.91785
1.351	-1.96231	-2.91785
1.351	-1.96231	-2.91785
1.351	-1.96231	-2.91785
1.351	-1.96231	-2.91785
1.351	-1.96231	-2.91785
1.351	-1.96231	-2.91785
1.351	-1.96231	-2.91785
1.351	-1.96231	-2.91785
1.351	-1.96231	-2.91785
1.352	-1.96513	-2.91669
1.352	-1.96513	-2.91669
1.352	-1.96513	-2.91669
1.352	-1.96513	-2.91669
1.352	-1.96513	-2.91669
1.352	-1.96513	-2.91669
1.352	-1.96513	-2.91669
1.352	-1.96513	-2.91669
1.352	-1.96513	-2.91669
1.352	-1.96513	-2.91669
1.352	-1.96513	-2.91669
1.352	-1.96513	-2.91669
1.352	-1.96513	-2.91669
1.352	-1.96513	-2.91669
1.352	-1.96513	-2.91669
1.352	-1.96513	-2.91669
1.352	-1.96513	-2.91669
1.352	-1.96513	-2.91669
1.352	-1.96513	-2.91669
1.352	-1.96513	-2.91669
1.352	-1.96513	-2.91669
1.352	-1.96513	-2.91669
1.352	-1.96513	-2.91669
1.352	-1.96513	-2.91669
1.352	-1.96513	-2.91669
1.352	-1.96513	-2.91669
1.352	-1.96513	-2.91669
1.352	-1.96513	-2.91669
1.352	-1.96513	-2.91669
1.352	-1.96513	-2.91669
1.352	-1.96513	-2.91669
1.352	-1.96513	-2.91669
1.352	-1.96513	-2.91669
1.352	-1.96513	-2.91669
1.352	-1.96513	-2.91669
1.352	-1.96513	-2.91669
1.352	-1.96513	-2.91669
1.352	-1.96513	-2.91669
1.352	-1.96513	-2.91669
1.352	-1.96513	-2.91669
1.352	-1.96513	-2.91669
1.352	-1.96513	-2.91669
1.352	-1.96513	-2.91669
1.352	-1.96513	-2.91669
1.352	-1.96513	-2.91669
1.352	-1.96513	-2.91669
1.352	-1.96513	-2.91669
1.352	-1.96513	-2.91669
1.352	-1.96513	-2.91669
1.352	-1.96513	-2.91669
1.353	-1.96794	-2.91552
1.353	-1.96794	-2.91552
1.353	-1.96794	-2.91552
1.353	-1.96794	-2.91552
1.353	-1.96794	-2.91552
1.353	-1.96794	-2.91552
1.353	-1.96794	-2.91552
1.353	-1.96794	-2.91552
1.353	-1.96794	-2.91552
1.353	-1.96794	-2.91552
1.353	-1.96794	-2.91552
1.353	-1.96794	-2.91552
1.353	-1.96794	-2.91552
1.353	-1.96794	-2.91552
1.353	-1.96794	-2.91552
1.353	-1.96794	-2.91552
1.353	-1.96794	-2.91552
1.353	-1.96794	-2.91552
1.353	-1.96794	-2.91552
1.353	-1.96794	-2.91552
1.353	-1.96794	-2.91552
1.353	-1.96794	-2.91552
1.353	-1.96794	-2.91552
1.353	-1.96794	-2.91552
1.353	-1.96794	-2.91552
1.353	-1.96794	-2.91552
1.353	-1.96794	-2.91552
1.353	-1.96794	-2.91552
1.353	-1.96794	-2.91552
1.353	-1.96794	-2.91552
1.353	-1.96794	-2.91552
1.353	-1.96794	-2.91552
1.353	-1.96794	-2.91552
1.353	-1.96794	-2.91552
1.353	-1.96794	-2.91552
1.353	-1.96794	-2.91552
1.353	-1.96794	-2.91552
1.353	-1.96794	-2.91552
1.353	-1.96794	-2.91552
1.353	-1.96794	-2.91552
1.353	-1.96794	-2.91552
1.353	-1.96794	-2.91552
1.353	-1.96794	-2.91552
1.353	-1.96794	-2.91552
1.353	-1.96794	-2.91552
1.353	-1.96794	-2.91552
1.353	-1.96794	-2.91552
1.353	-1.96794	-2.91552
1.353	-1.96794	-2.91552
1.353	-1.96794	-2.91552
1.354	-1.97073	-2.91433
1.354	-1.97073	-2.91433
1.354	-1.97073	-2.91433
1.354	-1.97073	-2.91433
1.354	-1.97073	-2.91433
1.354	-1.97073	-2.91433
1.354	-1.97073	-2.91433
1.354	-1.97073	-2.91433
1.354	-1.97073	-2.91433
1.354	-1.97073	-2.91433
1.354	-1.97073	-2.91433
1.354	-1.97073	-2.91433
1.354	-1.97073	-2.91433
1.354	-1.97073	-2.91433
1.354	-1.97073	-2.91433
1.354	-1.97073	-2.91433
1.354	-1.97073	-2.91433
1.354	-1.97073	-2.91433
1.354	-1.97073	-2.91433
1.354	-1.97073	-2.91433
1.354	-1.97073	-2.91433
1.354	-1.97073	-2.91433
1.354	-1.97073	-2.91433
1.354	-1.97073	-2.91433
1.354	-1.97073	-2.91433
1.354	-1.97073	-2.91433
1.354	-1.97073	-2.91433
1.354	-1.97073	-2.91433
1.354	-1.97073	-2.91433
1.354	-1.97073	-2.91433
1.354	-1.97073	-2.91433
1.354	-1.97073	-2.91433
1.354	-1.97073	-2.91433
1.354	-1.97073	-2.91433
1.354	-1.97073	-2.91433
1.354	-1.97073	-2.91433
1.354	-1.97073	-2.91433
1.354	-1.97073	-2.91433
1.354	-1.97073	-2.91433
1.354	-1.97073	-2.91433
1.354	-1.97073	-2.91433
1.354	-1.97073	-2.91433
1.354	-1.97073	-2.91433
1.354	-1.97073	-2.91433
1.354	-1.97073	-2.91433
1.354	-1.97073	-2.91433
1.354	-1.97073	-2.91433
1.354	-1.97073	-2.91433
1.354	-1.97073	-2.91433
1.354	-1.97073	-2.91433
1.355	-1.97351	-2.91314
1.355	-1.97351	-2.91314
1.355	-1.97351	-2.91314
1.355	-1.97351	-2.91314
1.355	-1.97351	-2.91314
1.355	-1.97351	-2.91314
1.355	-1.97351	-2.91314
1.355	-1.97351	-2.91314
1.355	-1.97351	-2.91314
1.355	-1.97351	-2.91314
1.355	-1.97351	-2.91314
1.355	-1.97351	-2.91314
1.355	-1.97351	-2.91314
1.355	-1.97351	-2.91314
1.355	-1.97351	-2.91314
1.355	-1.97351	-2.91314
1.355	-1.97351	-2.91314
1.355	-1.97351	-2.91314
1.355	-1.97351	-2.91314
1.355	-1.97351	-2.91314
1.355	-1.97351	-2.91314
1.355	-1.97351	-2.91314
1.355	-1.97351	-2.91314
1.355	-1.97351	-2.91314
1.355	-1.97351	-2.91314
1.355	-1.97351	-2.91314
1.355	-1.97351	-2.91314
1.355	-1.97351	-2.91314
1.355	-1.97351	-2.91314
1.355	-1.97351	-2.91314
1.355	-1.97351	-2.91314
1.355	-1.97351	-2.91314
1.355	-1.97351	-2.91314
1.355	-1.97351	-2.91314
1.355	-1.97351	-2.91314
1.355	-1.97351	-2.91314
1.355	-1.97351	-2.91314
1.355	-1.97351	-2.91314
1.355	-1.97351	-2.91314
1.355	-1.97351	-2.91314
1.355	-1.97351	-2.91314
1.355	-1.97351	-2.91314
1.355	-1.97351	-2.91314
1.355	-1.97351	-2.91314
1.355	-1.97351	-2.91314
1.355	-1.97351	-2.91314
1.355	-1.97351	-2.91314
1.355	-1.97351	-2.91314
1.355	-1.97351	-2.91314
1.355	-1.97351	-2.91314
1.356	-1.97627	-2.91193
1.356	-1.97627	-2.91193
1.356	-1.97627	-2.91193
1.356	-1.97627	-2.91193
1.356	-1.97627	-2.91193
1.356	-1.97627	-2.91193
1.356	-1.97627	-2.91193
1.356	-1.97627	-2.91193
1.356	-1.97627	-2.91193
1.356	-1.97627	-2.91193
1.356	-1.97627	-2.91193
1.356	-1.97627	-2.91193
1.356	-1.97627	-2.91193
1.356	-1.97627	-2.91193
1.356	-1.97627	-2.91193
1.356	-1.97627	-2.91193
1.356	-1.97627	-2.91193
1.356	-1.97627	-2.91193
1.356	-1.97627	-2.91193
1.356	-1.97627	-2.91193
1.356	-1.97627	-2.91193
1.356	-1.97627	-2.91193
1.356	-1.97627	-2.91193
1.356	-1.97627	-2.91193
1.356	-1.97627	-2.91193
1.356	-1.97627	-2.91193
1.356	-1.97627	-2.91193
1.356	-1.97627	-2.91193
1.356	-1.97627	-2.91193
1.356	-1.97627	-2.91193
1.356	-1.97627	-2.91193
1.356	-1.97627	-2.91193
1.356	-1.97627	-2.91193
1.356	-1.97627	-2.91193
1.356	-1.97627	-2.91193
1.356	-1.97627	-2.91193
1.356	-1.97627	-2.91193
1.356	-1.97627	-2.91193
1.356	-1.97627	-2.91193
1.356	-1.97627	-2.91193
1.356	-1.97627	-2.91193
1.356	-1.97627	-2.91193
1.356	-1.97627	-2.91193
1.356	-1.97627	-2.91193
1.356	-1.97627	-2.91193
1.356	-1.97627	-2.91193
1.356	-1.97627	-2.91193
1.356	-1.97627	-2.91193
1.356	-1.97627	-2.91193
1.356	-1.97627	-2.91193
1.357	-1.97903	-2.91071
1.357	-1.97903	-2.91071
1.357	-1.97903	-2.91071
1.357	-1.97903	-2.91071
1.357	-1.97903	-2.91071
1.357	-1.97903	-2.91071
1.357	-1.97903	-2.91071
1.357	-1.97903	-2.91071
1.357	-1.97903	-2.91071
1.357	-1.97903	-2.91071
1.357	-1.97903	-2.91071
1.357	-1.97903	-2.91071
1.357	-1.97903	-2.91071
1.357	-1.97903	-2.91071
1.357	-1.97903	-2.91071
1.357	-1.97903	-2.91071
1.357	-1.97903	-2.91071
1.357	-1.97903	-2.91071
1.357	-1.97903	-2.91071
1.357	-1.97903	-2.91071
1.357	-1.97903	-2.91071
1.357	-1.97903	-2.91071
1.357	-1.97903	-2.91071
1.357	-1.97903	-2.91071
1.357	-1.97903	-2.91071
1.357	-1.97903	-2.91071
1.357	-1.97903	-2.91071
1.357	-1.97903	-2.91071
1.357	-1.97903	-2.91071
1.357	-1.97903	-2.91071
1.357	-1.97903	-2.91071
1.357	-1.97903	-2.91071
1.357	-1.97903	-2.91071
1.357	-1.97903	-2.91071
1.357	-1.97903	-2.91071
1.357	-1.97903	-2.91071
1.357	-1.97903	-2.91071
1.357	-1.97903	-2.91071
1.357	-1.97903	-2.91071
1.357	-1.97903	-2.91071
1.357	-1.97903	-2.91071
1.357	-1.97903	-2.91071
1.357	-1.97903	-2.91071
1.357	-1.97903	-2.91071
1.357	-1.97903	-2.91071
1.357	-1.97903	-2.91071
1.357	-1.97903	-2.91071
1.357	-1.97903	-2.91071
1.357	-1.97903	-2.91071
1.357	-1.97903	-2.91071
1.358	-1.98177	-2.90949
1.358	-1.98177	-2.90949
1.358	-1.98177	-2.90949
1.358	-1.98177	-2.90949
1.358	-1.98177	-2.90949
1.358	-1.98177	-2.90949
1.358	-1.98177	-2.90949
1.358	-1.98177	-2.90949
1.358	-1.98177	-2.90949
1.358	-1.98177	-2.90949
1.358	-1.98177	-2.90949
1.358	-1.98177	-2.90949
1.358	-1.98177	-2.90949
1.358	-1.98177	-2.90949
1.358	-1.98177	-2.90949
1.358	-1.98177	-2.90949
1.358	-1.98177	-2.90949
1.358	-1.98177	-2.90949
1.358	-1.98177	-2.90949
1.358	-1.98177	-2.90949
1.358	-1.98177	-2.90949
1.358	-1.98177	-2.90949
1.358	-1.98177	-2.90949
1.358	-1.98177	-2.90949
1.358	-1.98177	-2.90949
1.358	-1.98177	-2.90949
1.358	-1.98177	-2.90949
1.358	-1.98177	-2.90949
1.358	-1.98177	-2.90949
1.358	-1.98177	-2.90949
1.358	-1.98177	-2.90949
1.358	-1.98177	-2.90949
1.358	-1.98177	-2.90949
1.358	-1.98177	-2.90949
1.358	-1.98177	-2.90949
1.358	-1.98177	-2.90949
1.358	-1.98177	-2.90949
1.358	-1.98177	-2.90949
1.358	-1.98177	-2.90949
1.358	-1.98177	-2.90949
1.358	-1.98177	-2.90949
1.358	-1.98177	-2.90949
1.358	-1.98177	-2.90949
1.358	-1.98177	-2.90949
1.358	-1.98177	-2.90949
1.358	-1.98177	-2.90949
1.358	-1.98177	-2.90949
1.358	-1.98177	-2.90949
1.358	-1.98177	-2.90949
1.358	-1.98177	-2.90949
1.359	-1.98449	-2.90825
1.359	-1.98449	-2.90825
1.359	-1.98449	-2.90825
1.359	-1.98449	-2.90825
1.359	-1.98449	-2.90825
1.359	-1.98449	-2.90825
1.359	-1.98449	-2.90825
1.359	-1.98449	-2.90825
1.359	-1.98449	-2.90825
1.359	-1.98449	-2.90825
1.359	-1.98449	-2.90825
1.359	-1.98449	-2.90825
1.359	-1.98449	-2.90825
1.359	-1.98449	-2.90825
1.359	-1.98449	-2.90825
1.359	-1.98449	-2.90825
1.359	-1.98449	-2.90825
1.359	-1.98449	-2.90825
1.359	-1.98449	-2.90825
1.359	-1.98449	-2.90825
1.359	-1.98449	-2.90825
1.359	-1.98449	-2.90825
1.359	-1.98449	-2.90825
1.359	-1.98449	-2.90825
1.359	-1.98449	-2.90825
1.359	-1.98449	-2.90825
1.359	-1.98449	-2.90825
1.359	-1.98449	-2.90825
1.359	-1.98449	-2.90825
1.359	-1.98449	-2.90825
1.359	-1.98449	-2.90825
1.359	-1.98449	-2.90825
1.359	-1.98449	-2.90825
1.359	-1.98449	-2.90825
1.359	-1.98449	-2.90825
1.359	-1.98449	-2.90825
1.359	-1.98449	-2.90825
1.359	-1.98449	-2.90825
1.359	-1.98449	-2.90825
1.359	-1.98449	-2.90825
1.359	-1.98449	-2.90825
1.359	-1.98449	-2.90825
1.359	-1.98449	-2.90825
1.359	-1.98449	-2.90825
1.359	-1.98449	-2.90825
1.359	-1.98449	-2.90825
1.359	-1.98449	-2.90825
1.359	-1.98449	-2.90825
1.359	-1.98449	-2.90825
1.359	-1.98449	-2.90825
1.36	-1.98721	-2.907
1.36	-1.98721	-2.907
1.36	-1.98721	-2.907
1.36	-1.98721	-2.907
1.36	-1.98721	-2.907
1.36	-1.98721	-2.907
1.36	-1.98721	-2.907
1.36	-1.98721	-2.907
1.36	-1.98721	-2.907
1.36	-1.98721	-2.907
1.36	-1.98721	-2.907
1.36	-1.98721	-2.907
1.36	-1.98721	-2.907
1.36	-1.98721	-2.907
1.36	-1.98721	-2.907
1.36	-1.98721	-2.907
1.36	-1.98721	-2.907
1.36	-1.98721	-2.907
1.36	-1.98721	-2.907
1.36	-1.98721	-2.907
1.36	-1.98721	-2.907
1.36	-1.98721	-2.907
1.36	-1.98721	-2.907
1.36	-1.98721	-2.907
1.36	-1.98721	-2.907
1.36	-1.98721	-2.907
1.36	-1.98721	-2.907
1.36	-1.98721	-2.907
1.36	-1.98721	-2.907
1.36	-1.98721	-2.907
1.36	-1.98721	-2.907
1.36	-1.98721	-2.907
1.36	-1.98721	-2.907
1.36	-1.98721	-2.907
1.36	-1.98721	-2.907
1.36	-1.98721	-2.907
1.36	-1.98721	-2.907
1.36	-1.98721	-2.907
1.36	-1.98721	-2.907
1.36	-1.98721	-2.907
1.36	-1.98721	-2.907
1.36	-1.98721	-2.907
1.36	-1.98721	-2.907
1.36	-1.98721	-2.907
1.36	-1.98721	-2.907
1.36	-1.98721	-2.907
1.36	-1.98721	-2.907
1.36	-1.98721	-2.907
1.36	-1.98721	-2.907
1.36	-1.98721	-2.907
1.361	-1.98991	-2.90575
1.361	-1.98991	-2.90575
1.361	-1.98991	-2.90575
1.361	-1.98991	-2.90575
1.361	-1.98991	-2.90575
1.361	-1.98991	-2.90575
1.361	-1.98991	-2.90575
1.361	-1.98991	-2.90575
1.361	-1.98991	-2.90575
1.361	-1.98991	-2.90575
1.361	-1.98991	-2.90575
1.361	-1.98991	-2.90575
1.361	-1.98991	-2.90575
1.361	-1.98991	-2.90575
1.361	-1.98991	-2.90575
1.361	-1.98991	-2.90575
1.361	-1.98991	-2.90575
1.361	-1.98991	-2.90575
1.361	-1.98991	-2.90575
1.361	-1.98991	-2.90575
1.361	-1.98991	-2.90575
1.361	-1.98991	-2.90575
1.361	-1.98991	-2.90575
1.361	-1.98991	-2.90575
1.361	-1.98991	-2.90575
1.361	-1.98991	-2.90575
1.361	-1.98991	-2.90575
1.361	-1.98991	-2.90575
1.361	-1.98991	-2.90575
1.361	-1.98991	-2.90575
1.361	-1.98991	-2.90575
1.361	-1.98991	-2.90575
1.361	-1.98991	-2.90575
1.361	-1.98991	-2.90575
1.361	-1.98991	-2.90575
1.361	-1.98991	-2.90575
1.361	-1.98991	-2.90575
1.361	-1.98991	-2.90575
1.361	-1.98991	-2.90575
1.361	-1.98991	-2.90575
1.361	-1.98991	-2.90575
1.361	-1.98991	-2.90575
1.361	-1.98991	-2.90575
1.361	-1.98991	-2.90575
1.361	-1.98991	-2.90575
1.361	-1.98991	-2.90575
1.361	-1.98991	-2.90575
1.361	-1.98991	-2.90575
1.361	-1.98991	-2.90575
1.361	-1.98991	-2.90575
1.362	-1.99261	-2.90448
1.362	-1.99261	-2.90448
1.362	-1.99261	-2.90448
1.362	-1.99261	-2.90448
1.362	-1.99261	-2.90448
1.362	-1.99261	-2.90448
1.362	-1.99261	-2.90448
1.362	-1.99261	-2.90448
1.362	-1.99261	-2.90448
1.362	-1.99261	-2.90448
1.362	-1.99261	-2.90448
1.362	-1.99261	-2.90448
1.362	-1.99261	-2.90448
1.362	-1.99261	-2.90448
1.362	-1.99261	-2.90448
1.362	-1.99261	-2.90448
1.362	-1.99261	-2.90448
1.362	-1.99261	-2.90448
1.362	-1.99261	-2.90448
1.362	-1.99261	-2.90448
1.362	-1.99261	-2.90448
1.362	-1.99261	-2.90448
1.362	-1.99261	-2.90448
1.362	-1.99261	-2.90448
1.362	-1.99261	-2.90448
1.362	-1.99261	-2.90448
1.362	-1.99261	-2.90448
1.362	-1.99261	-2.90448
1.362	-1.99261	-2.90448
1.362	-1.99261	-2.90448
1.362	-1.99261	-2.90448
1.362	-1.99261	-2.90448
1.362	-1.99261	-2.90448
1.362	-1.99261	-2.90448
1.362	-1.99261	-2.90448
1.362	-1.99261	-2.90448
1.362	-1.99261	-2.90448
1.362	-1.99261	-2.90448
1.362	-1.99261	-2.90448
1.362	-1.99261	-2.90448
1.362	-1.99261	-2.90448
1.362	-1.99261	-2.90448
1.362	-1.99261	-2.90448
1.362	-1.99261	-2.90448
1.362	-1.99261	-2.90448
1.362	-1.99261	-2.90448
1.362	-1.99261	-2.90448
1.362	-1.99261	-2.90448
1.362	-1.99261	-2.90448
1.362	-1.99261	-2.90448
1.363	-1.99529	-2.90321
1.363	-1.99529	-2.90321
1.363	-1.99529	-2.90321
1.363	-1.99529	-2.90321
1.363	-1.99529	-2.90321
1.363	-1.99529	-2.90321
1.363	-1.99529	-2.90321
1.363	-1.99529	-2.90321
1.363	-1.99529	-2.90321
1.363	-1.99529	-2.90321
1.363	-1.99529	-2.90321
1.363	-1.99529	-2.90321
1.363	-1.99529	-2.90321
1.363	-1.99529	-2.90321
1.363	-1.99529	-2.90321
1.363	-1.99529	-2.90321
1.363	-1.99529	-2.90321
1.363	-1.99529	-2.90321
1.363	-1.99529	-2.90321
1.363	-1.99529	-2.90321
1.363	-1.99529	-2.90321
1.363	-1.99529	-2.90321
1.363	-1.99529	-2.90321
1.363	-1.99529	-2.90321
1.363	-1.99529	-2.90321
1.363	-1.99529	-2.90321
1.363	-1.99529	-2.90321
1.363	-1.99529	-2.90321
1.363	-1.99529	-2.90321
1.363	-1.99529	-2.90321
1.363	-1.99529	-2.90321
1.363	-1.99529	-2.90321
1.363	-1.99529	-2.90321
1.363	-1.99529	-2.90321
1.363	-1.99529	-2.90321
1.363	-1.99529	-2.90321
1.363	-1.99529	-2.90321
1.363	-1.99529	-2.90321
1.363	-1.99529	-2.90321
1.363	-1.99529	-2.90321
1.363	-1.99529	-2.90321
1.363	-1.99529	-2.90321
1.363	-1.99529	-2.90321
1.363	-1.99529	-2.90321
1.363	-1.99529	-2.90321
1.363	-1.99529	-2.90321
1.363	-1.99529	-2.90321
1.363	-1.99529	-2.90321
1.363	-1.99529	-2.90321
1.363	-1.99529	-2.90321
1.364	-1.99796	-2.90192
1.364	-1.99796	-2.90192
1.364	-1.99796	-2.90192
1.364	-1.99796	-2.90192
1.364	-1.99796	-2.90192
1.364	-1.99796	-2.90192
1.364	-1.99796	-2.90192
1.364	-1.99796	-2.90192
1.364	-1.99796	-2.90192
1.364	-1.99796	-2.90192
1.364	-1.99796	-2.90192
1.364	-1.99796	-2.90192
1.364	-1.99796	-2.90192
1.364	-1.99796	-2.90192
1.364	-1.99796	-2.90192
1.364	-1.99796	-2.90192
1.364	-1.99796	-2.90192
1.364	-1.99796	-2.90192
1.364	-1.99796	-2.90192
1.364	-1.99796	-2.90192
1.364	-1.99796	-2.90192
1.364	-1.99796	-2.90192
1.364	-1.99796	-2.90192
1.364	-1.99796	-2.90192
1.364	-1.99796	-2.90192
1.364	-1.99796	-2.90192
1.364	-1.99796	-2.90192
1.364	-1.99796	-2.90192
1.364	-1.99796	-2.90192
1.364	-1.99796	-2.90192
1.364	-1.99796	-2.90192
1.364	-1.99796	-2.90192
1.364	-1.99796	-2.90192
1.364	-1.99796	-2.90192
1.364	-1.99796	-2.90192
1.364	-1.99796	-2.90192
1.364	-1.99796	-2.90192
1.364	-1.99796	-2.90192
1.364	-1.99796	-2.90192
1.364	-1.99796	-2.90192
1.364	-1.99796	-2.90192
1.364	-1.99796	-2.90192
1.364	-1.99796	-2.90192
1.364	-1.99796	-2.90192
1.364	-1.99796	-2.90192
1.364	-1.99796	-2.90192
1.364	-1.99796	-2.90192
1.364	-1.99796	-2.90192
1.364	-1.99796	-2.90192
1.364	-1.99796	-2.90192
1.365	-2.00061	-2.90063
1.365	-2.00061	-2.90063
1.365	-2.00061	-2.90063
1.365	-2.00061	-2.90063
1.365	-2.00061	-2.90063
1.365	-2.00061	-2.90063
1.365	-2.00061	-2.90063
1.365	-2.00061	-2.90063
1.365	-2.00061	-2.90063
1.365	-2.00061	-2.90063
1.365	-2.00061	-2.90063
1.365	-2.00061	-2.90063
1.365	-2.00061	-2.90063
1.365	-2.00061	-2.90063
1.365	-2.00061	-2.90063
1.365	-2.00061	-2.90063
1.365	-2.00061	-2.90063
1.365	-2.00061	-2.90063
1.365	-2.00061	-2.90063
1.365	-2.00061	-2.90063
1.365	-2.00061	-2.90063
1.365	-2.00061	-2.90063
1.365	-2.00061	-2.90063
1.365	-2.00061	-2.90063
1.365	-2.00061	-2.90063
1.365	-2.00061	-2.90063
1.365	-2.00061	-2.90063
1.365	-2.00061	-2.90063
1.365	-2.00061	-2.90063
1.365	-2.00061	-2.90063
1.365	-2.00061	-2.90063
1.365	-2.00061	-2.90063
1.365	-2.00061	-2.90063
1.365	-2.00061	-2.90063
1.365	-2.00061	-2.90063
1.365	-2.00061	-2.90063
1.365	-2.00061	-2.90063
1.365	-2.00061	-2.90063
1.365	-2.00061	-2.90063
1.365	-2.00061	-2.90063
1.365	-2.00061	-2.90063
1.365	-2.00061	-2.90063
1.365	-2.00061	-2.90063
1.365	-2.00061	-2.90063
1.365	-2.00061	-2.90063
1.365	-2.00061	-2.90063
1.365	-2.00061	-2.90063
1.365	-2.00061	-2.90063
1.365	-2.00061	-2.90063
1.365	-2.00061	-2.90063
1.366	-2.00326	-2.89933
1.366	-2.00326	-2.89933
1.366	-2.00326	-2.89933
1.366	-2.00326	-2.89933
1.366	-2.00326	-2.89933
1.366	-2.00326	-2.89933
1.366	-2.00326	-2.89933
1.366	-2.00326	-2.89933
1.366	-2.00326	-2.89933
1.366	-2.00326	-2.89933
1.366	-2.00326	-2.89933
1.366	-2.00326	-2.89933
1.366	-2.00326	-2.89933
1.366	-2.00326	-2.89933
1.366	-2.00326	-2.89933
1.366	-2.00326	-2.89933
1.366	-2.00326	-2.89933
1.366	-2.00326	-2.89933
1.366	-2.00326	-2.89933
1.366	-2.00326	-2.89933
1.366	-2.00326	-2.89933
1.366	-2.00326	-2.89933
1.366	-2.00326	-2.89933
1.366	-2.00326	-2.89933
1.366	-2.00326	-2.89933
1.366	-2.00326	-2.89933
1.366	-2.00326	-2.89933
1.366	-2.00326	-2.89933
1.366	-2.00326	-2.89933
1.366	-2.00326	-2.89933
1.366	-2.00326	-2.89933
1.366	-2.00326	-2.89933
1.366	-2.00326	-2.89933
1.366	-2.00326	-2.89933
1.366	-2.00326	-2.89933
1.366	-2.00326	-2.89933
1.366	-2.00326	-2.89933
1.366	-2.00326	-2.89933
1.366	-2.00326	-2.89933
1.366	-2.00326	-2.89933
1.366	-2.00326	-2.89933
1.366	-2.00326	-2.89933
1.366	-2.00326	-2.89933
1.366	-2.00326	-2.89933
1.366	-2.00326	-2.89933
1.366	-2.00326	-2.89933
1.366	-2.00326	-2.89933
1.366	-2.00326	-2.89933
1.366	-2.00326	-2.89933
1.366	-2.00326	-2.89933
1.367	-2.0059	-2.89802
1.367	-2.0059	-2.89802
1.367	-2.0059	-2.89802
1.367	-2.0059	-2.89802
1.367	-2.0059	-2.89802
1.367	-2.0059	-2.89802
1.367	-2.0059	-2.89802
1.367	-2.0059	-2.89802
1.367	-2.0059	-2.89802
1.367	-2.0059	-2.89802
1.367	-2.0059	-2.89802
1.367	-2.0059	-2.89802
1.367	-2.0059	-2.89802
1.367	-2.0059	-2.89802
1.367	-2.0059	-2.89802
1.367	-2.0059	-2.89802
1.367	-2.0059	-2.89802
1.367	-2.0059	-2.89802
1.367	-2.0059	-2.89802
1.367	-2.0059	-2.89802
1.367	-2.0059	-2.89802
1.367	-2.0059	-2.89802
1.367	-2.0059	-2.89802
1.367	-2.0059	-2.89802
1.367	-2.0059	-2.89802
1.367	-2.0059	-2.89802
1.367	-2.0059	-2.89802
1.367	-2.0059	-2.89802
1.367	-2.0059	-2.89802
1.367	-2.0059	-2.89802
1.367	-2.0059	-2.89802
1.367	-2.0059	-2.89802
1.367	-2.0059	-2.89802
1.367	-2.0059	-2.89802
1.367	-2.0059	-2.89802
1.367	-2.0059	-2.89802
1.367	-2.0059	-2.89802
1.367	-2.0059	-2.89802
1.367	-2.0059	-2.89802
1.367	-2.0059	-2.89802
1.367	-2.0059	-2.89802
1.367	-2.0059	-2.89802
1.367	-2.0059	-2.89802
1.367	-2.0059	-2.89802
1.367	-2.0059	-2.89802
1.367	-2.0059	-2.89802
1.367	-2.0059	-2.89802
1.367	-2.0059	-2.89802
1.367	-2.0059	-2.89802
1.367	-2.0059	-2.89802
1.368	-2.00852	-2.8967
1.368	-2.00852	-2.8967
1.368	-2.00852	-2.8967
1.368	-2.00852	-2.8967
1.368	-2.00852	-2.8967
1.368	-2.00852	-2.8967
1.368	-2.00852	-2.8967
1.368	-2.00852	-2.8967
1.368	-2.00852	-2.8967
1.368	-2.00852	-2.8967
1.368	-2.00852	-2.8967
1.368	-2.00852	-2.8967
1.368	-2.00852	-2.8967
1.368	-2.00852	-2.8967
1.368	-2.00852	-2.8967
1.368	-2.00852	-2.8967
1.368	-2.00852	-2.8967
1.368	-2.00852	-2.8967
1.368	-2.00852	-2.8967
1.368	-2.00852	-2.8967
1.368	-2.00852	-2.8967
1.368	-2.00852	-2.8967
1.368	-2.00852	-2.8967
1.368	-2.00852	-2.8967
1.368	-2.00852	-2.8967
1.368	-2.00852	-2.8967
1.368	-2.00852	-2.8967
1.368	-2.00852	-2.8967
1.368	-2.00852	-2.8967
1.368	-2.00852	-2.8967
1.368	-2.00852	-2.8967
1.368	-2.00852	-2.8967
1.368	-2.00852	-2.8967
1.368	-2.00852	-2.8967
1.368	-2.00852	-2.8967
1.368	-2.00852	-2.8967
1.368	-2.00852	-2.8967
1.368	-2.00852	-2.8967
1.368	-2.00852	-2.8967
1.368	-2.00852	-2.8967
1.368	-2.00852	-2.8967
1.368	-2.00852	-2.8967
1.368	-2.00852	-2.8967
1.368	-2.00852	-2.8967
1.368	-2.00852	-2.8967
1.368	-2.00852	-2.8967
1.368	-2.00852	-2.8967
1.368	-2.00852	-2.8967
1.368	-2.00852	-2.8967
1.368	-2.00852	-2.8967
1.369	-2.01114	-2.89537
1.369	-2.01114	-2.89537
1.369	-2.01114	-2.89537
1.369	-2.01114	-2.89537
1.369	-2.01114	-2.89537
1.369	-2.01114	-2.89537
1.369	-2.01114	-2.89537
1.369	-2.01114	-2.89537
1.369	-2.01114	-2.89537
1.369	-2.01114	-2.89537
1.369	-2.01114	-2.89537
1.369	-2.01114	-2.89537
1.369	-2.01114	-2.89537
1.369	-2.01114	-2.89537
1.369	-2.01114	-2.89537
1.369	-2.01114	-2.89537
1.369	-2.01114	-2.89537
1.369	-2.01114	-2.89537
1.369	-2.01114	-2.89537
1.369	-2.01114	-2.89537
1.369	-2.01114	-2.89537
1.369	-2.01114	-2.89537
1.369	-2.01114	-2.89537
1.369	-2.01114	-2.89537
1.369	-2.01114	-2.89537
1.369	-2.01114	-2.89537
1.369	-2.01114	-2.89537
1.369	-2.01114	-2.89537
1.369	-2.01114	-2.89537
1.369	-2.01114	-2.89537
1.369	-2.01114	-2.89537
1.369	-2.01114	-2.89537
1.369	-2.01114	-2.89537
1.369	-2.01114	-2.89537
1.369	-2.01114	-2.89537
1.369	-2.01114	-2.89537
1.369	-2.01114	-2.89537
1.369	-2.01114	-2.89537
1.369	-2.01114	-2.89537
1.369	-2.01114	-2.89537
1.369	-2.01114	-2.89537
1.369	-2.01114	-2.89537
1.369	-2.01114	-2.89537
1.369	-2.01114	-2.89537
1.369	-2.01114	-2.89537
1.369	-2.01114	-2.89537
1.369	-2.01114	-2.89537
1.369	-2.01114	-2.89537
1.369	-2.01114	-2.89537
1.369	-2.01114	-2.89537
1.37	-2.01374	-2.89403
1.37	-2.01374	-2.89403
1.37	-2.01374	-2.89403
1.37	-2.01374	-2.89403
1.37	-2.01374	-2.89403
1.37	-2.01374	-2.89403
1.37	-2.01374	-2.89403
1.37	-2.01374	-2.89403
1.37	-2.01374	-2.89403
1.37	-2.01374	-2.89403
1.37	-2.01374	-2.89403
1.37	-2.01374	-2.89403
1.37	-2.01374	-2.89403
1.37	-2.01374	-2.89403
1.37	-2.01374	-2.89403
1.37	-2.01374	-2.89403
1.37	-2.01374	-2.89403
1.37	-2.01374	-2.89403
1.37	-2.01374	-2.89403
1.37	-2.01374	-2.89403
1.37	-2.01374	-2.89403
1.37	-2.01374	-2.89403
1.37	-2.01374	-2.89403
1.37	-2.01374	-2.89403
1.37	-2.01374	-2.89403
1.37	-2.01374	-2.89403
1.37	-2.01374	-2.89403
1.37	-2.01374	-2.89403
1.37	-2.01374	-2.89403
1.37	-2.01374	-2.89403
1.37	-2.01374	-2.89403
1.37	-2.01374	-2.89403
1.37	-2.01374	-2.89403
1.37	-2.01374	-2.89403
1.37	-2.01374	-2.89403
1.37	-2.01374	-2.89403
1.37	-2.01374	-2.89403
1.37	-2.01374	-2.89403
1.37	-2.01374	-2.89403
1.37	-2.01374	-2.89403
1.37	-2.01374	-2.89403
1.37	-2.01374	-2.89403
1.37	-2.01374	-2.89403
1.37	-2.01374	-2.89403
1.37	-2.01374	-2.89403
1.37	-2.01374	-2.89403
1.37	-2.01374	-2.89403
1.37	-2.01374	-2.89403
1.37	-2.01374	-2.89403
1.37	-2.01374	-2.89403
1.371	-2.01634	-2.89268
1.371	-2.01634	-2.89268
1.371	-2.01634	-2.89268
1.371	-2.01634	-2.89268
1.371	-2.01634	-2.89268
1.371	-2.01634	-2.89268
1.371	-2.01634	-2.89268
1.371	-2.01634	-2.89268
1.371	-2.01634	-2.89268
1.371	-2.01634	-2.89268
1.371	-2.01634	-2.89268
1.371	-2.01634	-2.89268
1.371	-2.01634	-2.89268
1.371	-2.01634	-2.89268
1.371	-2.01634	-2.89268
1.371	-2.01634	-2.89268
1.371	-2.01634	-2.89268
1.371	-2.01634	-2.89268
1.371	-2.01634	-2.89268
1.371	-2.01634	-2.89268
1.371	-2.01634	-2.89268
1.371	-2.01634	-2.89268
1.371	-2.01634	-2.89268
1.371	-2.01634	-2.89268
1.371	-2.01634	-2.89268
1.371	-2.01634	-2.89268
1.371	-2.01634	-2.89268
1.371	-2.01634	-2.89268
1.371	-2.01634	-2.89268
1.371	-2.01634	-2.89268
1.371	-2.01634	-2.89268
1.371	-2.01634	-2.89268
1.371	-2.01634	-2.89268
1.371	-2.01634	-2.89268
1.371	-2.01634	-2.89268
1.371	-2.01634	-2.89268
1.371	-2.01634	-2.89268
1.371	-2.01634	-2.89268
1.371	-2.01634	-2.89268
1.371	-2.01634	-2.89268
1.371	-2.01634	-2.89268
1.371	-2.01634	-2.89268
1.371	-2.01634	-2.89268
1.371	-2.01634	-2.89268
1.371	-2.01634	-2.89268
1.371	-2.01634	-2.89268
1.371	-2.01634	-2.89268
1.371	-2.01634	-2.89268
1.371	-2.01634	-2.89268
1.371	-2.01634	-2.89268
1.372	-1.4372	-1.07198
1.372	-1.4372	-1.07198
1.372	-1.4372	-1.07198
1.372	-1.4372	-1.07198
1.372	-1.4372	-1.07198
1.372	-1.4372	-1.07198
1.372	-1.4372	-1.07198
1.372	-1.4372	-1.07198
1.372	-1.4372	-1.07198
1.372	-1.4372	-1.07198
1.372	-1.4372	-1.07198
1.372	-1.4372	-1.07198
1.372	-1.4372	-1.07198
1.372	-1.4372	-1.07198
1.372	-1.4372	-1.07198
1.372	-1.4372	-1.07198
1.372	-1.4372	-1.07198
1.372	-1.4372	-1.07198
1.372	-1.4372	-1.07198
1.372	-1.4372	-1.07198
1.372	-1.4372	-1.07198
1.372	-1.4372	-1.07198
1.372	-1.4372	-1.07198
1.372	-1.4372	-1.07198
1.372	-1.4372	-1.07198
1.372	-1.4372	-1.07198
1.372	-1.4372	-1.07198
1.372	-1.4372	-1.07198
1.372	-1.4372	-1.07198
1.372	-1.4372	-1.07198
1.372	-1.4372	-1.07198
1.372	-1.4372	-1.07198
1.372	-1.4372	-1.07198
1.372	-1.4372	-1.07198
1.372	-1.4372	-1.07198
1.372	-1.4372	-1.07198
1.372	-1.4372	-1.07198
1.372	-1.4372	-1.07198
1.372	-1.4372	-1.07198
1.372	-1.4372	-1.07198
1.372	-1.4372	-1.07198
1.372	-1.4372	-1.07198
1.372	-1.4372	-1.07198
1.372	-1.4372	-1.07198
1.372	-1.4372	-1.07198
1.372	-1.4372	-1.07198
1.372	-1.4372	-1.07198
1.372	-1.4372	-1.07198
1.372	-1.4372	-1.07198
1.372	-1.4372	-1.07198
1.373	-2.0215	-2.88996
1.373	-2.0215	-2.88996
1.373	-2.0215	-2.88996
1.373	-2.0215	-2.88996
1.373	-2.0215	-2.88996
1.373	-2.0215	-2.88996
1.373	-2.0215	-2.88996
1.373	-2.0215	-2.88996
1.373	-2.0215	-2.88996
1.373	-2.0215	-2.88996
1.373	-2.0215	-2.88996
1.373	-2.0215	-2.88996
1.373	-2.0215	-2.88996
1.373	-2.0215	-2.88996
1.373	-2.0215	-2.88996
1.373	-2.0215	-2.88996
1.373	-2.0215	-2.88996
1.373	-2.0215	-2.88996
1.373	-2.0215	-2.88996
1.373	-2.0215	-2.88996
1.373	-2.0215	-2.88996
1.373	-2.0215	-2.88996
1.373	-2.0215	-2.88996
1.373	-2.0215	-2.88996
1.373	-2.0215	-2.88996
1.373	-2.0215	-2.88996
1.373	-2.0215	-2.88996
1.373	-2.0215	-2.88996
1.373	-2.0215	-2.88996
1.373	-2.0215	-2.88996
1.373	-2.0215	-2.88996
1.373	-2.0215	-2.88996
1.373	-2.0215	-2.88996
1.373	-2.0215	-2.88996
1.373	-2.0215	-2.88996
1.373	-2.0215	-2.88996
1.373	-2.0215	-2.88996
1.373	-2.0215	-2.88996
1.373	-2.0215	-2.88996
1.373	-2.0215	-2.88996
1.373	-2.0215	-2.88996
1.373	-2.0215	-2.88996
1.373	-2.0215	-2.88996
1.373	-2.0215	-2.88996
1.373	-2.0215	-2.88996
1.373	-2.0215	-2.88996
1.373	-2.0215	-2.88996
1.373	-2.0215	-2.88996
1.373	-2.0215	-2.88996
1.373	-2.0215	-2.88996
1.374	-1.44005	-1.07514
1.374	-1.44005	-1.07514
1.374	-1.44005	-1.07514
1.374	-1.44005	-1.07514
1.374	-1.44005	-1.07514
1.374	-1.44005	-1.07514
1.374	-1.44005	-1.07514
1.374	-1.44005	-1.07514
1.374	-1.44005	-1.07514
1.374	-1.44005	-1.07514
1.374	-1.44005	-1.07514
1.374	-1.44005	-1.07514
1.374	-1.44005	-1.07514
1.374	-1.44005	-1.07514
1.374	-1.44005	-1.07514
1.374	-1.44005	-1.07514
1.374	-1.44005	-1.07514
1.374	-1.44005	-1.07514
1.374	-1.44005	-1.07514
1.374	-1.44005	-1.07514
1.374	-1.44005	-1.07514
1.374	-1.44005	-1.07514
1.374	-1.44005	-1.07514
1.374	-1.44005	-1.07514
1.374	-1.44005	-1.07514
1.374	-1.44005	-1.07514
1.374	-1.44005	-1.07514
1.374	-1.44005	-1.07514
1.374	-1.44005	-1.07514
1.374	-1.44005	-1.07514
1.374	-1.44005	-1.07514
1.374	-1.44005	-1.07514
1.374	-1.44005	-1.07514
1.374	-1.44005	-1.07514
1.374	-1.44005	-1.07514
1.374	-1.44005	-1.07514
1.374	-1.44005	-1.07514
1.374	-1.44005	-1.07514
1.374	-1.44005	-1.07514
1.374	-1.44005	-1.07514
1.374	-1.44005	-1.07514
1.374	-1.44005	-1.07514
1.374	-1.44005	-1.07514
1.374	-1.44005	-1.07514
1.374	-1.44005	-1.07514
1.374	-1.44005	-1.07514
1.374	-1.44005	-1.07514
1.374	-1.44005	-1.07514
1.374	-1.44005	-1.07514
1.374	-1.44005	-1.07514
1.375	-2.02662	-2.88721
1.375	-2.02662	-2.88721
1.375	-2.02662	-2.88721
1.375	-2.02662	-2.88721
1.375	-2.02662	-2.88721
1.375	-2.02662	-2.88721
1.375	-2.02662	-2.88721
1.375	-2.02662	-2.88721
1.375	-2.02662	-2.88721
1.375	-2.02662	-2.88721
1.375	-2.02662	-2.88721
1.375	-2.02662	-2.88721
1.375	-2.02662	-2.88721
1.375	-2.02662	-2.88721
1.375	-2.02662	-2.88721
1.375	-2.02662	-2.88721
1.375	-2.02662	-2.88721
1.375	-2.02662	-2.88721
1.375	-2.02662	-2.88721
1.375	-2.02662	-2.88721
1.375	-2.02662	-2.88721
1.375	-2.02662	-2.88721
1.375	-2.02662	-2.88721
1.375	-2.02662	-2.88721
1.375	-2.02662	-2.88721
1.375	-2.02662	-2.88721
1.375	-2.02662	-2.88721
1.375	-2.02662	-2.88721
1.375	-2.02662	-2.88721
1.375	-2.02662	-2.88721
1.375	-2.02662	-2.88721
1.375	-2.02662	-2.88721
1.375	-2.02662	-2.88721
1.375	-2.02662	-2.88721
1.375	-2.02662	-2.88721
1.375	-2.02662	-2.88721
1.375	-2.02662	-2.88721
1.375	-2.02662	-2.88721
1.375	-2.02662	-2.88721
1.375	-2.02662	-2.88721
1.375	-2.02662	-2.88721
1.375	-2.02662	-2.88721
1.375	-2.02662	-2.88721
1.375	-2.02662	-2.88721
1.375	-2.02662	-2.88721
1.375	-2.02662	-2.88721
1.375	-2.02662	-2.88721
1.375	-2.02662	-2.88721
1.375	-2.02662	-2.88721
1.375	-2.02662	-2.88721
1.376	-1.44286	-1.07826
1.376	-1.44286	-1.07826
1.376	-1.44286	-1.07826
1.376	-1.44286	-1.07826
1.376	-1.44286	-1.07826
1.376	-1.44286	-1.07826
1.376	-1.44286	-1.07826
1.376	-1.44286	-1.07826
1.376	-1.44286	-1.07826
1.376	-1.44286	-1.07826
1.376	-1.44286	-1.07826
1.376	-1.44286	-1.07826
1.376	-1.44286	-1.07826
1.376	-1.44286	-1.07826
1.376	-1.44286	-1.07826
1.376	-1.44286	-1.07826
1.376	-1.44286	-1.07826
1.376	-1.44286	-1.07826
1.376	-1.44286	-1.07826
1.376	-1.44286	-1.07826
1.376	-1.44286	-1.07826
1.376	-1.44286	-1.07826
1.376	-1.44286	-1.07826
1.376	-1.44286	-1.07826
1.376	-1.44286	-1.07826
1.376	-1.44286	-1.07826
1.376	-1.44286	-1.07826
1.376	-1.44286	-1.07826
1.376	-1.44286	-1.07826
1.376	-1.44286	-1.07826
1.376	-1.44286	-1.07826
1.376	-1.44286	-1.07826
1.376	-1.44286	-1.07826
1.376	-1.44286	-1.07826
1.376	-1.44286	-1.07826
1.376	-1.44286	-1.07826
1.376	-1.44286	-1.07826
1.376	-1.44286	-1.07826
1.376	-1.44286	-1.07826
1.376	-1.44286	-1.07826
1.376	-1.44286	-1.07826
1.376	-1.44286	-1.07826
1.376	-1.44286	-1.07826
1.376	-1.44286	-1.07826
1.376	-1.44286	-1.07826
1.376	-1.44286	-1.07826
1.376	-1.44286	-1.07826
1.376	-1.44286	-1.07826
1.376	-1.44286	-1.07826
1.376	-1.44286	-1.07826
1.377	-2.0317	-2.88442
1.377	-2.0317	-2.88442
1.377	-2.0317	-2.88442
1.377	-2.0317	-2.88442
1.377	-2.0317	-2.88442
1.377	-2.0317	-2.88442
1.377	-2.0317	-2.88442
1.377	-2.0317	-2.88442
1.377	-2.0317	-2.88442
1.377	-2.0317	-2.88442
1.377	-2.0317	-2.88442
1.377	-2.0317	-2.88442
1.377	-2.0317	-2.88442
1.377	-2.0317	-2.88442
1.377	-2.0317	-2.88442
1.377	-2.0317	-2.88442
1.377	-2.0317	-2.88442
1.377	-2.0317	-2.88442
1.377	-2.0317	-2.88442
1.377	-2.0317	-2.88442
1.377	-2.0317	-2.88442
1.377	-2.0317	-2.88442
1.377	-2.0317	-2.88442
1.377	-2.0317	-2.88442
1.377	-2.0317	-2.88442
1.377	-2.0317	-2.88442
1.377	-2.0317	-2.88442
1.377	-2.0317	-2.88442
1.377	-2.0317	-2.88442
1.377	-2.0317	-2.88442
1.377	-2.0317	-2.88442
1.377	-2.0317	-2.88442
1.377	-2.0317	-2.88442
1.377	-2.0317	-2.88442
1.377	-2.0317	-2.88442
1.377	-2.0317	-2.88442
1.377	-2.0317	-2.88442
1.377	-2.0317	-2.88442
1.377	-2.0317	-2.88442
1.377	-2.0317	-2.88442
1.377	-2.0317	-2.88442
1.377	-2.0317	-2.88442
1.377	-2.0317	-2.88442
1.377	-2.0317	-2.88442
1.377	-2.0317	-2.88442
1.377	-2.0317	-2.88442
1.377	-2.0317	-2.88442
1.377	-2.0317	-2.88442
1.377	-2.0317	-2.88442
1.377	-2.0317	-2.88442
1.378	-1.44562	-1.08135
1.378	-1.44562	-1.08135
1.378	-1.44562	-1.08135
1.378	-1.44562	-1.08135
1.378	-1.44562	-1.08135
1.378	-1.44562	-1.08135
1.378	-1.44562	-1.08135
1.378	-1.44562	-1.08135
1.378	-1.44562	-1.08135
1.378	-1.44562	-1.08135
1.378	-1.44562	-1.08135
1.378	-1.44562	-1.08135
1.378	-1.44562	-1.08135
1.378	-1.44562	-1.08135
1.378	-1.44562	-1.08135
1.378	-1.44562	-1.08135
1.378	-1.44562	-1.08135
1.378	-1.44562	-1.08135
1.378	-1.44562	-1.08135
1.378	-1.44562	-1.08135
1.378	-1.44562	-1.08135
1.378	-1.44562	-1.08135
1.378	-1.44562	-1.08135
1.378	-1.44562	-1.08135
1.378	-1.44562	-1.08135
1.378	-1.44562	-1.08135
1.378	-1.44562	-1.08135
1.378	-1.44562	-1.08135
1.378	-1.44562	-1.08135
1.378	-1.44562	-1.08135
1.378	-1.44562	-1.08135
1.378	-1.44562	-1.08135
1.378	-1.44562	-1.08135
1.378	-1.44562	-1.08135
1.378	-1.44562	-1.08135
1.378	-1.44562	-1.08135
1.378	-1.44562	-1.08135
1.378	-1.44562	-1.08135
1.378	-1.44562	-1.08135
1.378	-1.44562	-1.08135
1.378	-1.44562	-1.08135
1.378	-1.44562	-1.08135
1.378	-1.44562	-1.08135
1.378	-1.44562	-1.08135
1.378	-1.44562	-1.08135
1.378	-1.44562	-1.08135
1.378	-1.44562	-1.08135
1.378	-1.44562	-1.08135
1.378	-1.44562	-1.08135
1.378	-1.44562	-1.08135
1.379	-2.04796	-2.83764
1.379	-2.02509	-2.92441
1.379	-2.04796	-2.83764
1.379	-2.02509	-2.92441
1.379	-2.04796	-2.83764
1.379	-2.02509	-2.92441
1.379	-2.04796	-2.83764
1.379	-2.02509	-2.92441
1.379	-2.04796	-2.83764
1.379	-2.02509	-2.92441
1.379	-2.04796	-2.83764
1.379	-2.02509	-2.92441
1.379	-2.04796	-2.83764
1.379	-2.02509	-2.92441
1.379	-2.04796	-2.83764
1.379	-2.02509	-2.92441
1.379	-2.04796	-2.83764
1.379	-2.02509	-2.92441
1.379	-2.04796	-2.83764
1.379	-2.02509	-2.9244
1.379	-2.04796	-2.83764
1.379	-2.02509	-2.9244
1.379	-2.04796	-2.83764
1.379	-2.02509	-2.9244
1.379	-2.04796	-2.83764
1.379	-2.02509	-2.9244
1.379	-2.04796	-2.83764
1.379	-2.02509	-2.9244
1.379	-2.04796	-2.83764
1.379	-2.02509	-2.9244
1.379	-2.04796	-2.83764
1.379	-2.02509	-2.9244
1.379	-2.04796	-2.83764
1.379	-2.02509	-2.9244
1.379	-2.04796	-2.83764
1.379	-2.02509	-2.9244
1.379	-2.04796	-2.83764
1.379	-2.02509	-2.9244
1.379	-2.04796	-2.83764
1.379	-2.02509	-2.9244
1.379	-2.04796	-2.83764
1.379	-2.02509	-2.9244
1.379	-2.04796	-2.83764
1.379	-2.02509	-2.9244
1.379	-2.04796	-2.83764
1.379	-2.02509	-2.9244
1.379	-2.04796	-2.83764
1.379	-2.02509	-2.9244
1.379	-2.04796	-2.83764
1.379	-2.0251	-2.9244
1.38	-2.01263	-2.97368
1.38	-2.06373	-2.78095
1.38	-2.01263	-2.97368
1.38	-2.06373	-2.78095
1.38	-2.01263	-2.97368
1.38	-2.06373	-2.78095
1.38	-2.01263	-2.97368
1.38	-2.06373	-2.78095
1.38	-2.01263	-2.97368
1.38	-2.06373	-2.78095
1.38	-2.01263	-2.97368
1.38	-2.06373	-2.78095
1.38	-2.01263	-2.97368
1.38	-2.06373	-2.78095
1.38	-2.01263	-2.97368
1.38	-2.06373	-2.78095
1.38	-2.01263	-2.97368
1.38	-2.06373	-2.78095
1.38	-2.01263	-2.97368
1.38	-2.06373	-2.78095
1.38	-2.01263	-2.97368
1.38	-2.06373	-2.78095
1.38	-2.01263	-2.97368
1.38	-2.06373	-2.78095
1.38	-2.01263	-2.97368
1.38	-2.06373	-2.78095
1.38	-2.01263	-2.97368
1.38	-2.06373	-2.78095
1.38	-2.01263	-2.97368
1.38	-2.06373	-2.78095
1.38	-2.01263	-2.97368
1.38	-2.06373	-2.78095
1.38	-2.01263	-2.97368
1.38	-2.06373	-2.78095
1.38	-2.01263	-2.97368
1.38	-2.06373	-2.78095
1.38	-2.01263	-2.97368
1.38	-2.06373	-2.78095
1.38	-2.01263	-2.97368
1.38	-2.06373	-2.78095
1.38	-2.01263	-2.97368
1.38	-2.06373	-2.78095
1.38	-2.01263	-2.97368
1.38	-2.06373	-2.78095
1.38	-2.01263	-2.97368
1.38	-2.06373	-2.78095
1.38	-2.01263	-2.97368
1.38	-2.06373	-2.78095
1.38	-2.01263	-2.97368
1.38	-2.06373	-2.78095
1.381	-2.07427	-2.74442
1.381	-2.00538	-3.0028
1.381	-2.07427	-2.74442
1.381	-2.00538	-3.0028
1.381	-2.07427	-2.74442
1.381	-2.00538	-3.0028
1.381	-2.07427	-2.74442
1.381	-2.00538	-3.0028
1.381	-2.07427	-2.74442
1.381	-2.00538	-3.0028
1.381	-2.07427	-2.74442
1.381	-2.00538	-3.0028
1.381	-2.07427	-2.74442
1.381	-2.00538	-3.0028
1.381	-2.07427	-2.74442
1.381	-2.00538	-3.0028
1.381	-2.07427	-2.74442
1.381	-2.00538	-3.0028
1.381	-2.07427	-2.74442
1.381	-2.00538	-3.0028
1.381	-2.07427	-2.74442
1.381	-2.00538	-3.0028
1.381	-2.07427	-2.74442
1.381	-2.00538	-3.0028
1.381	-2.07427	-2.74442
1.381	-2.00538	-3.0028
1.381	-2.07427	-2.74442
1.381	-2.00538	-3.0028
1.381	-2.07427	-2.74442
1.381	-2.00538	-3.0028
1.381	-2.07427	-2.74442
1.381	-2.00538	-3.0028
1.381	-2.07427	-2.74442
1.381	-2.00538	-3.0028
1.381	-2.07427	-2.74442
1.381	-2.00538	-3.0028
1.381	-2.07427	-2.74442
1.381	-2.00538	-3.0028
1.381	-2.07427	-2.74442
1.381	-2.00538	-3.0028
1.381	-2.07427	-2.74442
1.381	-2.00538	-3.0028
1.381	-2.07427	-2.74442
1.381	-2.00538	-3.0028
1.381	-2.07427	-2.74442
1.381	-2.00538	-3.0028
1.381	-2.07427	-2.74442
1.381	-2.00538	-3.0028
1.381	-2.07427	-2.74442
1.381	-2.00538	-3.0028
1.382	-1.49843	-1.16442
1.382	-1.37884	-0.996874
1.382	-1.49843	-1.16442
1.382	-1.37884	-0.996874
1.382	-1.49843	-1.16442
1.382	-1.37884	-0.996874
1.382	-1.49843	-1.16442
1.382	-1.37884	-0.996874
1.382	-1.49843	-1.16442
1.382	-1.37884	-0.996874
1.382	-1.49843	-1.16442
1.382	-1.37884	-0.996874
1.382	-1.49843	-1.16442
1.382	-1.37884	-0.996874
1.382	-1.49843	-1.16442
1.382	-1.37884	-0.996874
1.382	-1.49843	-1.16442
1.382	-1.37884	-0.996874
1.382	-1.49843	-1.16442
1.382	-1.37884	-0.996874
1.382	-1.49843	-1.16442
1.382	-1.37884	-0.996874
1.382	-1.49843	-1.16442
1.382	-1.37884	-0.996874
1.382	-1.49843	-1.16442
1.382	-1.37884	-0.996874
1.382	-1.49843	-1.16442
1.382	-1.37884	-0.996874
1.382	-1.49843	-1.16442
1.382	-1.37884	-0.996874
1.382	-1.49843	-1.16442
1.382	-1.37884	-0.996874
1.382	-1.49843	-1.16442
1.382	-1.37884	-0.996874
1.382	-1.49843	-1.16442
1.382	-1.37884	-0.996874
1.382	-1.49843	-1.16442
1.382	-1.37884	-0.996874
1.382	-1.49843	-1.16442
1.382	-1.37884	-0.996874
1.382	-1.49843	-1.16442
1.382	-1.37884	-0.996874
1.382	-1.49843	-1.16442
1.382	-1.37884	-0.996874
1.382	-1.49843	-1.16442
1.382	-1.37884	-0.996874
1.382	-1.49843	-1.16442
1.382	-1.37884	-0.996874
1.382	-1.49843	-1.16442
1.382	-1.37884	-0.996874
1.383	-1.99526	-3.04364
1.383	-2.09097	-2.68875
1.383	-1.99526	-3.04364
1.383	-2.09097	-2.68875
1.383	-1.99526	-3.04364
1.383	-2.09097	-2.68875
1.383	-1.99526	-3.04364
1.383	-2.09097	-2.68875
1.383	-1.99526	-3.04364
1.383	-2.09097	-2.68875
1.383	-1.99526	-3.04364
1.383	-2.09097	-2.68875
1.383	-1.99526	-3.04364
1.383	-2.09097	-2.68875
1.383	-1.99526	-3.04364
1.383	-2.09097	-2.68875
1.383	-1.99526	-3.04364
1.383	-2.09097	-2.68875
1.383	-1.99526	-3.04364
1.383	-2.09097	-2.68875
1.383	-1.99526	-3.04364
1.383	-2.09097	-2.68875
1.383	-1.99526	-3.04364
1.383	-2.09097	-2.68875
1.383	-1.99526	-3.04364
1.383	-2.09097	-2.68875
1.383	-1.99526	-3.04364
1.383	-2.09097	-2.68875
1.383	-1.99526	-3.04364
1.383	-2.09097	-2.68875
1.383	-1.99526	-3.04364
1.383	-2.09097	-2.68875
1.383	-1.99526	-3.04364
1.383	-2.09097	-2.68875
1.383	-1.99526	-3.04364
1.383	-2.09097	-2.68875
1.383	-1.99526	-3.04364
1.383	-2.09097	-2.68875
1.383	-1.99526	-3.04364
1.383	-2.09097	-2.68875
1.383	-1.99526	-3.04364
1.383	-2.09097	-2.68875
1.383	-1.99526	-3.04364
1.383	-2.09097	-2.68875
1.383	-1.99526	-3.04364
1.383	-2.09097	-2.68875
1.383	-1.99526	-3.04364
1.383	-2.09097	-2.68875
1.383	-1.99526	-3.04364
1.383	-2.09097	-2.68875
1.384	-2.09823	-2.6653
1.384	-1.99128	-3.05967
1.384	-2.09823	-2.6653
1.384	-1.99128	-3.05967
1.384	-2.09823	-2.6653
1.384	-1.99128	-3.05967
1.384	-2.09823	-2.6653
1.384	-1.99128	-3.05967
1.384	-2.09823	-2.6653
1.384	-1.99128	-3.05967
1.384	-2.09823	-2.6653
1.384	-1.99128	-3.05967
1.384	-2.09823	-2.6653
1.384	-1.99128	-3.05967
1.384	-2.09823	-2.6653
1.384	-1.99128	-3.05967
1.384	-2.09823	-2.6653
1.384	-1.99128	-3.05967
1.384	-2.09823	-2.6653
1.384	-1.99128	-3.05967
1.384	-2.09823	-2.6653
1.384	-1.99128	-3.05967
1.384	-2.09823	-2.6653
1.384	-1.99128	-3.05967
1.384	-2.09823	-2.6653
1.384	-1.99128	-3.05967
1.384	-2.09823	-2.6653
1.384	-1.99128	-3.05967
1.384	-2.09823	-2.6653
1.384	-1.99128	-3.05967
1.384	-2.09823	-2.6653
1.384	-1.99128	-3.05967
1.384	-2.09823	-2.6653
1.384	-1.99128	-3.05967
1.384	-2.09823	-2.6653
1.384	-1.99128	-3.05967
1.384	-2.09823	-2.6653
1.384	-1.99128	-3.05967
1.384	-2.09823	-2.6653
1.384	-1.99128	-3.05967
1.384	-2.09823	-2.6653
1.384	-1.99128	-3.05967
1.384	-2.09823	-2.6653
1.384	-1.99128	-3.05967
1.384	-2.09823	-2.6653
1.384	-1.99128	-3.05967
1.384	-2.09823	-2.6653
1.384	-1.99128	-3.05967
1.384	-2.09823	-2.6653
1.384	-1.99128	-3.05967
1.385	-1.34743	-0.963178
1.385	-1.51487	-1.19491
1.385	-1.34743	-0.963178
1.385	-1.51487	-1.19491
1.385	-1.34743	-0.963178
1.385	-1.51487	-1.19491
1.385	-1.34743	-0.963178
1.385	-1.51487	-1.19491
1.385	-1.34743	-0.963178
1.385	-1.51487	-1.19491
1.385	-1.34743	-0.963178
1.385	-1.51487	-1.19491
1.385	-1.34743	-0.963178
1.385	-1.51487	-1.19491
1.385	-1.34743	-0.963178
1.385	-1.51487	-1.19491
1.385	-1.34743	-0.963178
1.385	-1.51487	-1.19491
1.385	-1.34743	-0.963178
1.385	-1.51487	-1.19491
1.385	-1.34743	-0.963178
1.385	-1.51487	-1.19491
1.385	-1.34743	-0.963178
1.385	-1.51487	-1.19491
1.385	-1.34743	-0.963178
1.385	-1.51487	-1.19491
1.385	-1.34743	-0.963178
1.385	-1.51487	-1.19491
1.385	-1.34743	-0.963178
1.385	-1.51487	-1.19491
1.385	-1.34743	-0.963178
1.385	-1.51487	-1.19491
1.385	-1.34743	-0.963178
1.385	-1.51487	-1.19491
1.385	-1.34743	-0.963178
1.385	-1.51487	-1.19491
1.385	-1.34743	-0.963178
1.385	-1.51487	-1.19491
1.385	-1.34743	-0.963178
1.385	-1.51487	-1.19491
1.385	-1.34743	-0.963178
1.385	-1.51487	-1.19491
1.385	-1.34743	-0.963178
1.385	-1.51487	-1.19491
1.385	-1.34743	-0.963178
1.385	-1.51487	-1.19491
1.385	-1.34743	-0.963178
1.385	-1.51487	-1.19491
1.385	-1.34743	-0.963178
1.385	-1.51487	-1.19491
1.386	-2.11154	-2.6234
1.386	-1.98449	-3.08673
1.386	-2.11154	-2.6234
1.386	-1.98449	-3.08673
1.386	-2.11154	-2.6234
1.386	-1.98449	-3.08673
1.386	-2.11154	-2.6234
1.386	-1.98449	-3.08673
1.386	-2.11154	-2.6234
1.386	-1.98449	-3.08673
1.386	-2.11154	-2.6234
1.386	-1.98449	-3.08673
1.386	-2.11154	-2.6234
1.386	-1.98449	-3.08673
1.386	-2.11154	-2.6234
1.386	-1.98449	-3.08673
1.386	-2.11154	-2.6234
1.386	-1.98449	-3.08673
1.386	-2.11154	-2.6234
1.386	-1.98449	-3.08673
1.386	-2.11154	-2.6234
1.386	-1.98449	-3.08673
1.386	-2.11154	-2.6234
1.386	-1.98449	-3.08673
1.386	-2.11154	-2.6234
1.386	-1.98449	-3.08673
1.386	-2.11154	-2.6234
1.386	-1.98449	-3.08673
1.386	-2.11154	-2.6234
1.386	-1.98449	-3.08673
1.386	-2.11154	-2.6234
1.386	-1.98449	-3.08673
1.386	-2.11154	-2.6234
1.386	-1.98449	-3.08673
1.386	-2.11154	-2.6234
1.386	-1.98449	-3.08673
1.386	-2.11154	-2.6234
1.386	-1.98449	-3.08673
1.386	-2.11154	-2.6234
1.386	-1.98449	-3.08673
1.386	-2.11154	-2.6234
1.386	-1.98449	-3.08673
1.386	-2.11154	-2.6234
1.386	-1.98449	-3.08673
1.386	-2.11154	-2.6234
1.386	-1.98449	-3.08673
1.386	-2.11154	-2.6234
1.386	-1.98449	-3.08673
1.386	-2.11154	-2.6234
1.386	-1.98449	-3.08673
1.387	-2.11777	-2.60425
1.387	-1.98152	-3.09845
1.387	-2.11777	-2.60425
1.387	-1.98152	-3.09845
1.387	-2.11777	-2.60425
1.387	-1.98152	-3.09845
1.387	-2.11777	-2.60425
1.387	-1.98152	-3.09845
1.387	-2.11777	-2.60425
1.387	-1.98152	-3.09845
1.387	-2.11777	-2.60425
1.387	-1.98152	-3.09845
1.387	-2.11777	-2.60425
1.387	-1.98152	-3.09845
1.387	-2.11777	-2.60425
1.387	-1.98152	-3.09845
1.387	-2.11777	-2.60425
1.387	-1.98152	-3.09845
1.387	-2.11777	-2.60425
1.387	-1.98152	-3.09845
1.387	-2.11777	-2.60425
1.387	-1.98152	-3.09845
1.387	-2.11777	-2.60425
1.387	-1.98152	-3.09845
1.387	-2.11777	-2.60425
1.387	-1.98152	-3.09845
1.387	-2.11777	-2.60425
1.387	-1.98152	-3.09845
1.387	-2.11777	-2.60425
1.387	-1.98152	-3.09845
1.387	-2.11777	-2.60425
1.387	-1.98152	-3.09845
1.387	-2.11777	-2.60425
1.387	-1.98152	-3.09845
1.387	-2.11777	-2.60425
1.387	-1.98152	-3.09845
1.387	-2.11777	-2.60425
1.387	-1.98152	-3.09845
1.387	-2.11777	-2.60425
1.387	-1.98152	-3.09845
1.387	-2.11777	-2.60425
1.387	-1.98152	-3.09845
1.387	-2.11777	-2.60425
1.387	-1.98152	-3.09845
1.387	-2.11777	-2.60425
1.387	-1.98152	-3.09845
1.387	-2.11777	-2.60425
1.387	-1.98152	-3.09845
1.387	-2.11777	-2.60425
1.387	-1.98152	-3.09845
1.388	-1.32069	-0.936939
1.388	-1.52642	-1.21814
1.388	-1.32069	-0.936939
1.388	-1.52642	-1.21814
1.388	-1.32069	-0.936939
1.388	-1.52642	-1.21814
1.388	-1.32069	-0.936939
1.388	-1.52642	-1.21814
1.388	-1.32069	-0.936939
1.388	-1.52642	-1.21814
1.388	-1.32069	-0.936939
1.388	-1.52642	-1.21814
1.388	-1.32069	-0.936939
1.388	-1.52642	-1.21814
1.388	-1.32069	-0.936939
1.388	-1.52642	-1.21814
1.388	-1.32069	-0.936939
1.388	-1.52642	-1.21814
1.388	-1.32069	-0.936939
1.388	-1.52642	-1.21814
1.388	-1.32069	-0.936939
1.388	-1.52642	-1.21814
1.388	-1.32069	-0.936939
1.388	-1.52642	-1.21814
1.388	-1.32069	-0.936939
1.388	-1.52642	-1.21814
1.388	-1.32069	-0.936939
1.388	-1.52642	-1.21814
1.388	-1.32069	-0.936939
1.388	-1.52642	-1.21814
1.388	-1.32069	-0.936939
1.388	-1.52642	-1.21814
1.388	-1.32069	-0.936939
1.388	-1.52642	-1.21814
1.388	-1.32069	-0.936939
1.388	-1.52642	-1.21814
1.388	-1.32069	-0.936939
1.388	-1.52642	-1.21814
1.388	-1.32069	-0.936939
1.388	-1.52642	-1.21814
1.388	-1.32069	-0.936939
1.388	-1.52642	-1.21814
1.388	-1.32069	-0.936939
1.388	-1.52642	-1.21814
1.388	-1.32069	-0.936939
1.388	-1.52642	-1.21814
1.388	-1.32069	-0.93694
1.388	-1.52642	-1.21814
1.388	-1.32069	-0.93694
1.388	-1.52642	-1.21814
1.389	-2.12963	-2.56853
1.389	-1.97615	-3.11931
1.389	-2.12963	-2.56853
1.389	-1.97615	-3.11931
1.389	-2.12963	-2.56853
1.389	-1.97615	-3.11931
1.389	-2.12963	-2.56853
1.389	-1.97615	-3.11931
1.389	-2.12963	-2.56853
1.389	-1.97615	-3.11931
1.389	-2.12963	-2.56853
1.389	-1.97615	-3.11931
1.389	-2.12963	-2.56853
1.389	-1.97615	-3.11931
1.389	-2.12963	-2.56853
1.389	-1.97615	-3.11931
1.389	-2.12963	-2.56853
1.389	-1.97615	-3.11931
1.389	-2.12963	-2.56853
1.389	-1.97615	-3.11931
1.389	-2.12963	-2.56853
1.389	-1.97615	-3.11931
1.389	-2.12963	-2.56853
1.389	-1.97615	-3.11931
1.389	-2.12963	-2.56853
1.389	-1.97615	-3.11931
1.389	-2.12963	-2.56853
1.389	-1.97615	-3.11931
1.389	-2.12963	-2.56853
1.389	-1.97615	-3.11931
1.389	-2.12963	-2.56853
1.389	-1.97615	-3.11931
1.389	-2.12963	-2.56853
1.389	-1.97615	-3.11931
1.389	-2.12963	-2.56853
1.389	-1.97615	-3.11931
1.389	-2.12963	-2.56853
1.389	-1.97615	-3.11931
1.389	-2.12963	-2.56853
1.389	-1.97615	-3.11931
1.389	-2.12963	-2.56853
1.389	-1.97615	-3.11931
1.389	-2.12963	-2.56853
1.389	-1.97615	-3.11931
1.389	-2.12963	-2.56853
1.389	-1.97615	-3.11931
1.389	-2.12963	-2.56853
1.389	-1.97615	-3.11931
1.389	-2.12963	-2.56853
1.389	-1.97615	-3.11931
1.39	-1.30423	-0.921801
1.39	-1.53264	-1.23138
1.39	-1.30423	-0.921801
1.39	-1.53264	-1.23138
1.39	-1.30423	-0.921801
1.39	-1.53264	-1.23138
1.39	-1.30423	-0.921801
1.39	-1.53264	-1.23138
1.39	-1.30423	-0.921801
1.39	-1.53264	-1.23138
1.39	-1.30423	-0.921801
1.39	-1.53264	-1.23138
1.39	-1.30423	-0.921801
1.39	-1.53264	-1.23138
1.39	-1.30423	-0.921801
1.39	-1.53264	-1.23138
1.39	-1.30423	-0.921801
1.39	-1.53264	-1.23138
1.39	-1.30423	-0.921801
1.39	-1.53264	-1.23138
1.39	-1.30423	-0.921801
1.39	-1.53264	-1.23138
1.39	-1.30423	-0.921801
1.39	-1.53264	-1.23138
1.39	-1.30423	-0.921801
1.39	-1.53264	-1.23138
1.39	-1.30423	-0.921801
1.39	-1.53264	-1.23138
1.39	-1.30423	-0.921801
1.39	-1.53264	-1.23138
1.39	-1.30423	-0.921801
1.39	-1.53264	-1.23138
1.39	-1.30423	-0.921801
1.39	-1.53264	-1.23138
1.39	-1.30423	-0.921801
1.39	-1.53264	-1.23138
1.39	-1.30423	-0.921801
1.39	-1.53264	-1.23138
1.39	-1.30423	-0.921801
1.39	-1.53264	-1.23138
1.39	-1.30423	-0.921801
1.39	-1.53264	-1.23138
1.39	-1.30423	-0.921801
1.39	-1.53264	-1.23138
1.39	-1.30423	-0.921801
1.39	-1.53264	-1.23138
1.39	-1.30423	-0.921801
1.39	-1.53264	-1.23138
1.39	-1.30423	-0.921801
1.39	-1.53264	-1.23138
1.391	-2.14089	-2.53545
1.391	-1.97135	-3.13753
1.391	-2.14089	-2.53545
1.391	-1.97135	-3.13753
1.391	-2.14089	-2.53545
1.391	-1.97135	-3.13753
1.391	-2.14089	-2.53545
1.391	-1.97135	-3.13753
1.391	-2.14089	-2.53545
1.391	-1.97135	-3.13753
1.391	-2.14089	-2.53545
1.391	-1.97135	-3.13753
1.391	-2.14089	-2.53545
1.391	-1.97135	-3.13753
1.391	-2.14089	-2.53545
1.391	-1.97135	-3.13753
1.391	-2.14089	-2.53545
1.391	-1.97135	-3.13753
1.391	-2.14089	-2.53545
1.391	-1.97135	-3.13753
1.391	-2.14089	-2.53545
1.391	-1.97135	-3.13753
1.391	-2.14089	-2.53545
1.391	-1.97135	-3.13753
1.391	-2.14089	-2.53545
1.391	-1.97135	-3.13753
1.391	-2.14089	-2.53545
1.391	-1.97135	-3.13753
1.391	-2.14089	-2.53545
1.391	-1.97135	-3.13753
1.391	-2.14089	-2.53545
1.391	-1.97135	-3.13753
1.391	-2.14089	-2.53545
1.391	-1.97135	-3.13753
1.391	-2.14089	-2.53545
1.391	-1.97135	-3.13753
1.391	-2.14089	-2.53545
1.391	-1.97135	-3.13753
1.391	-2.14089	-2.53545
1.391	-1.97135	-3.13753
1.391	-2.14089	-2.53545
1.391	-1.97135	-3.13753
1.391	-2.14089	-2.53545
1.391	-1.97135	-3.13753
1.391	-2.14089	-2.53545
1.391	-1.97135	-3.13753
1.391	-2.14089	-2.53545
1.391	-1.97135	-3.13753
1.391	-2.14089	-2.53545
1.391	-1.97135	-3.13753
1.392	-1.53804	-1.24338
1.392	-1.28849	-0.907995
1.392	-1.53804	-1.24338
1.392	-1.28849	-0.907995
1.392	-1.53804	-1.24338
1.392	-1.28849	-0.907995
1.392	-1.53804	-1.24338
1.392	-1.28849	-0.907995
1.392	-1.53804	-1.24338
1.392	-1.28849	-0.907995
1.392	-1.53804	-1.24338
1.392	-1.28849	-0.907995
1.392	-1.53804	-1.24338
1.392	-1.28849	-0.907995
1.392	-1.53804	-1.24338
1.392	-1.28849	-0.907995
1.392	-1.53804	-1.24338
1.392	-1.28849	-0.907995
1.392	-1.53804	-1.24338
1.392	-1.28849	-0.907995
1.392	-1.53804	-1.24338
1.392	-1.28849	-0.907995
1.392	-1.53804	-1.24338
1.392	-1.28849	-0.907995
1.392	-1.53804	-1.24338
1.392	-1.28849	-0.907995
1.392	-1.53804	-1.24338
1.392	-1.28849	-0.907995
1.392	-1.53804	-1.24338
1.392	-1.28849	-0.907995
1.392	-1.53804	-1.24338
1.392	-1.28849	-0.907995
1.392	-1.53804	-1.24338
1.392	-1.28849	-0.907995
1.392	-1.53804	-1.24338
1.392	-1.28849	-0.907995
1.392	-1.53804	-1.24338
1.392	-1.28849	-0.907995
1.392	-1.53804	-1.24338
1.392	-1.28849	-0.907995
1.392	-1.53804	-1.24338
1.392	-1.28849	-0.907995
1.392	-1.53804	-1.24338
1.392	-1.28849	-0.907995
1.392	-1.53804	-1.24338
1.392	-1.28849	-0.907995
1.392	-1.53804	-1.24338
1.392	-1.28849	-0.907995
1.392	-1.53804	-1.24338
1.392	-1.28849	-0.907995
1.393	-2.1517	-2.50438
1.393	-1.96697	3.12947
1.393	-2.1517	-2.50438
1.393	-1.96697	3.12947
1.393	-2.1517	-2.50438
1.393	-1.96697	3.12947
1.393	-2.1517	-2.50438
1.393	-1.96697	3.12947
1.393	-2.1517	-2.50438
1.393	-1.96697	3.12947
1.393	-2.1517	-2.50438
1.393	-1.96697	3.12947
1.393	-2.1517	-2.50438
1.393	-1.96697	3.12947
1.393	-2.1517	-2.50438
1.393	-1.96697	3.12947
1.393	-2.1517	-2.50438
1.393	-1.96697	3.12947
1.393	-2.1517	-2.50438
1.393	-1.96697	3.12947
1.393	-2.1517	-2.50438
1.393	-1.96697	3.12947
1.393	-2.1517	-2.50438
1.393	-1.96697	3.12947
1.393	-2.1517	-2.50438
1.393	-1.96697	3.12947
1.393	-2.1517	-2.50438
1.393	-1.96697	3.12947
1.393	-2.1517	-2.50438
1.393	-1.96697	3.12947
1.393	-2.1517	-2.50438
1.393	-1.96697	3.12947
1.393	-2.1517	-2.50438
1.393	-1.96697	3.12947
1.393	-2.1517	-2.50438
1.393	-1.96697	3.12947
1.393	-2.1517	-2.50438
1.393	-1.96697	3.12947
1.393	-2.1517	-2.50438
1.393	-1.96697	3.12947
1.393	-2.1517	-2.50438
1.393	-1.96697	3.12947
1.393	-2.1517	-2.50438
1.393	-1.96697	3.12947
1.393	-2.1517	-2.50438
1.393	-1.96697	3.12947
1.393	-2.1517	-2.50438
1.393	-1.96697	3.12947
1.393	-2.1517	-2.50438
1.393	-1.96697	3.12947
1.394	-1.27328	-0.895248
1.394	-1.54282	-1.25442
1.394	-1.27328	-0.895248
1.394	-1.54282	-1.25442
1.394	-1.27328	-0.895248
1.394	-1.54282	-1.25442
1.394	-1.27328	-0.895248
1.394	-1.54282	-1.25442
1.394	-1.27328	-0.895248
1.394	-1.54282	-1.25442
1.394	-1.27328	-0.895248
1.394	-1.54282	-1.25442
1.394	-1.27328	-0.895248
1.394	-1.54282	-1.25442
1.394	-1.27328	-0.895248
1.394	-1.54282	-1.25442
1.394	-1.27328	-0.895248
1.394	-1.54282	-1.25442
1.394	-1.27328	-0.895248
1.394	-1.54282	-1.25442
1.394	-1.27328	-0.895248
1.394	-1.54282	-1.25442
1.394	-1.27328	-0.895248
1.394	-1.54282	-1.25442
1.394	-1.27328	-0.895248
1.394	-1.54282	-1.25442
1.394	-1.27328	-0.895248
1.394	-1.54282	-1.25442
1.394	-1.27328	-0.895248
1.394	-1.54282	-1.25442
1.394	-1.27328	-0.895248
1.394	-1.54282	-1.25442
1.394	-1.27328	-0.895248
1.394	-1.54282	-1.25442
1.394	-1.27328	-0.895248
1.394	-1.54282	-1.25442
1.394	-1.27328	-0.895248
1.394	-1.54282	-1.25442
1.394	-1.27328	-0.895248
1.394	-1.54282	-1.25442
1.394	-1.27328	-0.895248
1.394	-1.54282	-1.25442
1.394	-1.27328	-0.895248
1.394	-1.54282	-1.25442
1.394	-1.27328	-0.895248
1.394	-1.54282	-1.25442
1.394	-1.27328	-0.895248
1.394	-1.54282	-1.25442
1.394	-1.27328	-0.895248
1.394	-1.54282	-1.25442
1.395	-2.16216	-2.4749
1.395	-1.96291	3.11487
1.395	-2.16216	-2.4749
1.395	-1.96291	3.11487
1.395	-2.16216	-2.4749
1.395	-1.96291	3.11487
1.395	-2.16216	-2.4749
1.395	-1.96291	3.11487
1.395	-2.16216	-2.4749
1.395	-1.96291	3.11487
1.395	-2.16216	-2.4749
1.395	-1.96291	3.11487
1.395	-2.16216	-2.4749
1.395	-1.96291	3.11487
1.395	-2.16216	-2.4749
1.395	-1.96291	3.11487
1.395	-2.16216	-2.4749
1.395	-1.96291	3.11487
1.395	-2.16216	-2.4749
1.395	-1.96291	3.11487
1.395	-2.16216	-2.4749
1.395	-1.96291	3.11487
1.395	-2.16216	-2.4749
1.395	-1.96291	3.11487
1.395	-2.16216	-2.4749
1.395	-1.96291	3.11487
1.395	-2.16216	-2.4749
1.395	-1.96291	3.11487
1.395	-2.16216	-2.4749
1.395	-1.96291	3.11487
1.395	-2.16216	-2.4749
1.395	-1.96291	3.11487
1.395	-2.16216	-2.4749
1.395	-1.96291	3.11487
1.395	-2.16216	-2.4749
1.395	-1.96291	3.11487
1.395	-2.16216	-2.4749
1.395	-1.96291	3.11487
1.395	-2.16216	-2.4749
1.395	-1.96291	3.11487
1.395	-2.16216	-2.4749
1.395	-1.96291	3.11487
1.395	-2.16216	-2.4749
1.395	-1.96291	3.11487
1.395	-2.16216	-2.4749
1.395	-1.96291	3.11487
1.395	-2.16216	-2.4749
1.395	-1.96291	3.11487
1.395	-2.16216	-2.4749
1.395	-1.96291	3.11487
1.396	-1.54709	-1.26467
1.396	-1.25848	-0.883373
1.396	-1.54709	-1.26467
1.396	-1.25848	-0.883373
1.396	-1.54709	-1.26467
1.396	-1.25848	-0.883373
1.396	-1.54709	-1.26467
1.396	-1.25848	-0.883373
1.396	-1.54709	-1.26467
1.396	-1.25848	-0.883373
1.396	-1.54709	-1.26467
1.396	-1.25848	-0.883373
1.396	-1.54709	-1.26467
1.396	-1.25848	-0.883373
1.396	-1.54709	-1.26467
1.396	-1.25848	-0.883373
1.396	-1.54709	-1.26467
1.396	-1.25848	-0.883373
1.396	-1.54709	-1.26467
1.396	-1.25848	-0.883373
1.396	-1.54709	-1.26467
1.396	-1.25848	-0.883373
1.396	-1.54709	-1.26467
1.396	-1.25848	-0.883373
1.396	-1.54709	-1.26467
1.396	-1.25848	-0.883373
1.396	-1.54709	-1.26467
1.396	-1.25848	-0.883373
1.396	-1.54709	-1.26467
1.396	-1.25848	-0.883373
1.396	-1.54709	-1.26467
1.396	-1.25848	-0.883373
1.396	-1.54709	-1.26467
1.396	-1.25848	-0.883373
1.396	-1.54709	-1.26467
1.396	-1.25848	-0.883373
1.396	-1.54709	-1.26467
1.396	-1.25848	-0.883373
1.396	-1.54709	-1.26467
1.396	-1.25848	-0.883373
1.396	-1.54709	-1.26467
1.396	-1.25848	-0.883373
1.396	-1.54709	-1.26467
1.396	-1.25848	-0.883373
1.396	-1.54709	-1.26467
1.396	-1.25848	-0.883373
1.396	-1.54709	-1.26467
1.396	-1.25848	-0.883373
1.396	-1.54709	-1.26467
1.396	-1.25848	-0.883373
1.397	-2.17234	-2.44672
1.397	-1.9591	3.10159
1.397	-2.17234	-2.44672
1.397	-1.9591	3.10159
1.397	-2.17234	-2.44672
1.397	-1.9591	3.10159
1.397	-2.17234	-2.44672
1.397	-1.9591	3.10159
1.397	-2.17234	-2.44672
1.397	-1.9591	3.10159
1.397	-2.17234	-2.44672
1.397	-1.9591	3.10159
1.397	-2.17234	-2.44672
1.397	-1.9591	3.10159
1.397	-2.17234	-2.44672
1.397	-1.9591	3.10159
1.397	-2.17234	-2.44672
1.397	-1.9591	3.10159
1.397	-2.17234	-2.44672
1.397	-1.9591	3.10159
1.397	-2.17234	-2.44672
1.397	-1.9591	3.10159
1.397	-2.17234	-2.44672
1.397	-1.9591	3.10159
1.397	-2.17234	-2.44672
1.397	-1.9591	3.10159
1.397	-2.17234	-2.44672
1.397	-1.9591	3.10159
1.397	-2.17234	-2.44672
1.397	-1.9591	3.10159
1.397	-2.17234	-2.44672
1.397	-1.9591	3.10159
1.397	-2.17234	-2.44672
1.397	-1.9591	3.10159
1.397	-2.17234	-2.44672
1.397	-1.9591	3.10159
1.397	-2.17234	-2.44672
1.397	-1.9591	3.10159
1.397	-2.17234	-2.44672
1.397	-1.9591	3.10159
1.397	-2.17234	-2.44672
1.397	-1.9591	3.10159
1.397	-2.17234	-2.44672
1.397	-1.9591	3.10159
1.397	-2.17234	-2.44672
1.397	-1.9591	3.10159
1.397	-2.17234	-2.44672
1.397	-1.9591	3.10159
1.397	-2.17234	-2.44672
1.397	-1.9591	3.10159
1.398	-1.95727	3.09537
1.398	-2.17735	-2.43304
1.398	-1.95727	3.09537
1.398	-2.17735	-2.43304
1.398	-1.95727	3.09537
1.398	-2.17735	-2.43304
1.398	-1.95727	3.09537
1.398	-2.17735	-2.43304
1.398	-1.95727	3.09537
1.398	-2.17735	-2.43304
1.398	-1.95727	3.09537
1.398	-2.17735	-2.43304
1.398	-1.95727	3.09537
1.398	-2.17735	-2.43304
1.398	-1.95727	3.09537
1.398	-2.17735	-2.43304
1.398	-1.95727	3.09537
1.398	-2.17735	-2.43304
1.398	-1.95727	3.09537
1.398	-2.17735	-2.43304
1.398	-1.95727	3.09537
1.398	-2.17735	-2.43304
1.398	-1.95727	3.09537
1.398	-2.17735	-2.43304
1.398	-1.95727	3.09537
1.398	-2.17735	-2.43304
1.398	-1.95727	3.09537
1.398	-2.17735	-2.43304
1.398	-1.95727	3.09537
1.398	-2.17735	-2.43304
1.398	-1.95727	3.09537
1.398	-2.17735	-2.43304
1.398	-1.95727	3.09537
1.398	-2.17735	-2.43304
1.398	-1.95727	3.09537
1.398	-2.17735	-2.43304
1.398	-1.95727	3.09537
1.398	-2.17735	-2.43304
1.398	-1.95727	3.09537
1.398	-2.17735	-2.43304
1.398	-1.95727	3.09537
1.398	-2.17735	-2.43304
1.398	-1.95727	3.09537
1.398	-2.17735	-2.43304
1.398	-1.95727	3.09537
1.398	-2.17735	-2.43304
1.398	-1.95727	3.09537
1.398	-2.17735	-2.43304
1.398	-1.95727	3.09537
1.398	-2.17735	-2.43304
1.399	-1.55275	-1.27887
1.399	-1.23682	-0.866915
1.399	-1.55275	-1.27887
1.399	-1.23682	-0.866915
1.399	-1.55275	-1.27887
1.399	-1.23682	-0.866915
1.399	-1.55275	-1.27887
1.399	-1.23682	-0.866915
1.399	-1.55275	-1.27887
1.399	-1.23682	-0.866915
1.399	-1.55275	-1.27887
1.399	-1.23682	-0.866915
1.399	-1.55275	-1.27887
1.399	-1.23682	-0.866915
1.399	-1.55275	-1.27887
1.399	-1.23682	-0.866915
1.399	-1.55275	-1.27887
1.399	-1.23682	-0.866915
1.399	-1.55275	-1.27887
1.399	-1.23682	-0.866915
1.399	-1.55275	-1.27887
1.399	-1.23682	-0.866915
1.399	-1.55275	-1.27887
1.399	-1.23682	-0.866915
1.399	-1.55275	-1.27887
1.399	-1.23682	-0.866915
1.399	-1.55275	-1.27887
1.399	-1.23682	-0.866915
1.399	-1.55275	-1.27887
1.399	-1.23682	-0.866915
1.399	-1.55275	-1.27887
1.399	-1.23682	-0.866915
1.399	-1.55275	-1.27887
1.399	-1.23682	-0.866915
1.399	-1.55275	-1.27887
1.399	-1.23682	-0.866915
1.399	-1.55275	-1.27887
1.399	-1.23682	-0.866915
1.399	-1.55275	-1.27887
1.399	-1.23682	-0.866915
1.399	-1.55275	-1.27887
1.399	-1.23682	-0.866915
1.399	-1.55275	-1.27887
1.399	-1.23682	-0.866915
1.399	-1.55275	-1.27887
1.399	-1.23682	-0.866915
1.399	-1.55275	-1.27887
1.399	-1.23682	-0.866915
1.399	-1.55275	-1.27887
1.399	-1.23682	-0.866915
1.4	-2.1872	-2.40642
1.4	-1.95375	3.08367
1.4	-2.1872	-2.40642
1.4	-1.95375	3.08367
1.4	-2.1872	-2.40642
1.4	-1.95375	3.08367
1.4	-2.1872	-2.40642
1.4	-1.95375	3.08367
1.4	-2.1872	-2.40642
1.4	-1.95375	3.08367
1.4	-2.1872	-2.40642
1.4	-1.95375	3.08367
1.4	-2.1872	-2.40642
1.4	-1.95375	3.08367
1.4	-2.1872	-2.40642
1.4	-1.95375	3.08367
1.4	-2.1872	-2.40642
1.4	-1.95375	3.08367
1.4	-2.1872	-2.40642
1.4	-1.95375	3.08367
1.4	-2.1872	-2.40642
1.4	-1.95375	3.08367
1.4	-2.1872	-2.40642
1.4	-1.95375	3.08367
1.4	-2.1872	-2.40642
1.4	-1.95375	3.08367
1.4	-2.1872	-2.40642
1.4	-1.95375	3.08367
1.4	-2.1872	-2.40642
1.4	-1.95375	3.08367
1.4	-2.1872	-2.40642
1.4	-1.95375	3.08367
1.4	-2.1872	-2.40642
1.4	-1.95375	3.08367
1.4	-2.1872	-2.40642
1.4	-1.95375	3.08367
1.4	-2.1872	-2.40642
1.4	-1.95375	3.08367
1.4	-2.1872	-2.40642
1.4	-1.95375	3.08367
1.4	-2.1872	-2.40642
1.4	-1.95375	3.08367
1.4	-2.1872	-2.40642
1.4	-1.95375	3.08367
1.4	-2.1872	-2.40642
1.4	-1.95375	3.08367
1.4	-2.1872	-2.40642
1.4	-1.95375	3.08367
1.4	-2.1872	-2.40642
1.4	-1.95375	3.08367
