0.000000000	1.000000000	0.000000000
0.002000000	2.996000000	-1.996000000
0.004000000	1.000000000	0.003992000
0.006000000	3.011952032	-2.007968016
0.008000000	0.999968096	0.008031856
0.010000000	3.027999712	-2.020015824
0.012000000	0.999903905	0.012120015
0.014000000	3.044143679	-2.032143999
0.016000000	0.999807042	0.016256926
0.018000000	3.060384574	-2.044353120
0.020000000	0.999677117	0.020443043
0.022000000	3.076723044	-2.056643770
0.024000000	0.999513736	0.024678826
0.026000000	3.093159741	-2.069016537
0.028000000	0.999316503	0.028964734
0.030000000	3.109695321	-2.081472013
0.032000000	0.999085017	0.033301235
0.034000000	3.126330445	-2.094010796
0.036000000	0.998818873	0.037688798
0.038000000	3.143065780	-2.106633486
0.040000000	0.998517664	0.042127896
0.042000000	3.159901994	-2.119340690
0.044000000	0.998180978	0.046619008
0.046000000	3.176839765	-2.132133017
0.048000000	0.997808399	0.051162615
0.050000000	3.193879772	-2.145011084
0.052000000	0.997399507	0.055759203
0.054000000	3.211022701	-2.157975508
0.056000000	0.996953880	0.060409263
0.058000000	3.228269241	-2.171026916
0.060000000	0.996471089	0.065113290
0.062000000	3.245620088	-2.184165936
0.064000000	0.995950704	0.069871780
0.066000000	3.263075942	-2.197393202
0.068000000	0.995392288	0.074685238
0.070000000	3.280637509	-2.210709353
0.072000000	0.994795404	0.079554171
0.074000000	3.298305498	-2.224115031
0.076000000	0.994159607	0.084479090
0.078000000	3.316080625	-2.237610887
0.080000000	0.993484450	0.089460510
0.082000000	3.333963612	-2.251197572
0.084000000	0.992769482	0.094498953
0.086000000	3.351955183	-2.264875746
0.088000000	0.992014246	0.099594942
0.090000000	3.370056070	-2.278646071
0.092000000	0.991218283	0.104749007
0.094000000	3.388267009	-2.292509217
0.096000000	0.990381129	0.109961681
0.098000000	3.406588743	-2.306465855
0.100000000	0.989502316	0.115233504
0.102000000	3.425022018	-2.320516666
0.104000000	0.988581369	0.120565016
0.106000000	3.443567587	-2.334662331
0.108000000	0.987617814	0.125956766
0.110000000	3.462226208	-2.348903542
0.112000000	0.986611167	0.131409306
0.114000000	3.480998645	-2.363240990
0.116000000	0.985560944	0.136923193
0.118000000	3.499885667	-2.377675377
0.120000000	0.984466654	0.142498987
0.122000000	3.518888049	-2.392207406
0.124000000	0.983327802	0.148137256
0.126000000	3.538006571	-2.406837787
0.128000000	0.982143889	0.153838570
0.130000000	3.557242018	-2.421567236
0.132000000	0.980914411	0.159603505
0.134000000	3.576595183	-2.436396474
0.136000000	0.979638860	0.165432642
0.138000000	3.596066864	-2.451326227
0.140000000	0.978316722	0.171326567
0.142000000	3.615657863	-2.466357227
0.144000000	0.976947480	0.177285871
0.146000000	3.635368990	-2.481490211
0.148000000	0.975530612	0.183311148
0.150000000	3.655201060	-2.496725923
0.152000000	0.974065589	0.189403000
0.154000000	3.675154894	-2.512065110
0.156000000	0.972551880	0.195562033
0.158000000	3.695231318	-2.527508529
0.160000000	0.970988949	0.201788858
0.162000000	3.715431166	-2.543056937
0.164000000	0.969376252	0.208084091
0.166000000	3.735755277	-2.558711103
0.168000000	0.967713244	0.214448353
0.170000000	3.756204496	-2.574471796
0.172000000	0.965999373	0.220882271
0.174000000	3.776779675	-2.590339796
0.176000000	0.964234082	0.227386477
0.178000000	3.797481671	-2.606315885
0.180000000	0.962416809	0.233961609
0.182000000	3.818311347	-2.622400853
0.184000000	0.960546988	0.240608308
0.186000000	3.839269575	-2.638595495
0.188000000	0.958624046	0.247327224
0.190000000	3.860357230	-2.654900614
0.192000000	0.956647407	0.254119010
0.194000000	3.881575196	-2.671317017
0.196000000	0.954616488	0.260984325
0.198000000	3.902924361	-2.687845517
0.200000000	0.952530701	0.267923834
0.202000000	3.924405623	-2.704486935
0.204000000	0.950389454	0.274938208
0.206000000	3.946019882	-2.721242097
0.208000000	0.948192148	0.282028122
0.210000000	3.967768049	-2.738111836
0.212000000	0.945938179	0.289194258
0.214000000	3.989651039	-2.755096990
0.216000000	0.943626938	0.296437304
0.218000000	4.011669774	-2.772198406
0.220000000	0.941257811	0.303757953
0.222000000	4.033825184	-2.789416935
0.224000000	0.938830178	0.311156905
0.226000000	4.056118204	-2.806753435
0.228000000	0.936343412	0.318634864
0.230000000	4.078549777	-2.824208771
0.232000000	0.933796882	0.326192541
0.234000000	4.101120854	-2.841783815
0.236000000	0.931189951	0.333830655
0.238000000	4.123832390	-2.859479445
0.240000000	0.928521977	0.341549927
0.242000000	4.146685350	-2.877296546
0.244000000	0.925792310	0.349351087
0.246000000	4.169680704	-2.895236009
0.248000000	0.923000296	0.357234871
0.250000000	4.192819430	-2.913298733
0.252000000	0.920145275	0.365202020
0.254000000	4.216102513	-2.931485623
0.256000000	0.917226580	0.373253281
0.258000000	4.239530946	-2.949797592
0.260000000	0.914243540	0.381389410
0.262000000	4.263105729	-2.968235557
0.264000000	0.911195476	0.389611167
0.266000000	4.286827867	-2.986800447
0.268000000	0.908081703	0.397919318
0.270000000	4.310698377	-3.005493194
0.272000000	0.904901532	0.406314637
0.274000000	4.334718278	-3.024314739
0.276000000	0.901654266	0.414797903
0.278000000	4.358888602	-3.043266028
0.280000000	0.898339201	0.423369905
0.282000000	4.383210384	-3.062348018
0.284000000	0.894955628	0.432031433
0.286000000	4.407684669	-3.081561670
0.288000000	0.891502833	0.440783289
0.290000000	4.432312510	-3.100907955
0.292000000	0.887980093	0.449626278
0.294000000	4.457094966	-3.120387848
0.296000000	0.884386680	0.458561214
0.298000000	4.482033106	-3.140002334
0.300000000	0.880721859	0.467588918
0.302000000	4.507128005	-3.159752406
0.304000000	0.876984888	0.476710216
0.306000000	4.532380746	-3.179639063
0.308000000	0.873175020	0.485925941
0.310000000	4.557792421	-3.199663312
0.312000000	0.869291500	0.495236936
0.314000000	4.583364130	-3.219826168
0.316000000	0.865333566	0.504644048
0.318000000	4.609096981	-3.240128655
0.320000000	0.861300451	0.514148133
0.322000000	4.634992089	-3.260571802
0.324000000	0.857191379	0.523750052
0.326000000	4.661050579	-3.281156648
0.328000000	0.853005569	0.533450675
0.330000000	4.687273583	-3.301884240
0.332000000	0.848742231	0.543250880
0.334000000	4.713662242	-3.322755632
0.336000000	0.844400570	0.553151551
0.338000000	4.740217705	-3.343771887
0.340000000	0.839979783	0.563153579
0.342000000	4.766941130	-3.364934076
0.344000000	0.835479059	0.573257863
0.346000000	4.793833683	-3.386243276
0.348000000	0.830897583	0.583465311
0.350000000	4.820896539	-3.407700577
0.352000000	0.826234528	0.593776836
0.354000000	4.848130882	-3.429307072
0.356000000	0.821489063	0.604193361
0.358000000	4.875537904	-3.451063867
0.360000000	0.816660350	0.614715815
0.362000000	4.903118807	-3.472972073
0.364000000	0.811747541	0.625345137
0.366000000	4.930874800	-3.495032812
0.368000000	0.806749783	0.636082270
0.370000000	4.958807102	-3.517247213
0.372000000	0.801666213	0.646928170
0.374000000	4.986916942	-3.539616415
0.376000000	0.796495963	0.657883796
0.378000000	5.015205556	-3.562141564
0.380000000	0.791238156	0.668950119
0.382000000	5.043674191	-3.584823816
0.384000000	0.785891907	0.680128116
0.386000000	5.072324103	-3.607664337
0.388000000	0.780456323	0.691418772
0.390000000	5.101156557	-3.630664299
0.392000000	0.774930504	0.702823082
0.394000000	5.130172826	-3.653824886
0.396000000	0.769313542	0.714342048
0.398000000	5.159374194	-3.677147289
0.400000000	0.763604520	0.725976680
0.402000000	5.188761955	-3.700632709
0.404000000	0.757802515	0.737727998
0.406000000	5.218337412	-3.724282356
0.408000000	0.751906592	0.749597028
0.410000000	5.248101877	-3.748097450
0.412000000	0.745915813	0.761584809
0.414000000	5.278056671	-3.772079219
0.416000000	0.739829227	0.773692383
0.418000000	5.308203129	-3.796228903
0.420000000	0.733645878	0.785920806
0.422000000	5.338542590	-3.820547748
0.424000000	0.727364799	0.798271139
0.426000000	5.369076408	-3.845037012
0.428000000	0.720985016	0.810744454
0.430000000	5.399805943	-3.869697963
0.432000000	0.714505546	0.823341830
0.434000000	5.430732569	-3.894531877
0.436000000	0.707925398	0.836064358
0.438000000	5.461857668	-3.919540041
0.440000000	0.701243572	0.848913136
0.442000000	5.493182632	-3.944723751
0.444000000	0.694459058	0.861889271
0.446000000	5.524708864	-3.970084314
0.448000000	0.687570839	0.874993880
0.450000000	5.556437778	-3.995623047
0.452000000	0.680577888	0.888228090
0.454000000	5.588370798	-4.021341276
0.456000000	0.673479169	0.901593035
0.458000000	5.620509357	-4.047240339
0.460000000	0.666273637	0.915089861
0.462000000	5.652854902	-4.073321583
0.464000000	0.658960239	0.928719723
0.466000000	5.685408888	-4.099586366
0.468000000	0.651537911	0.942483784
0.470000000	5.718172782	-4.126036055
0.472000000	0.644005581	0.956383219
0.474000000	5.751148062	-4.152672029
0.476000000	0.636362166	0.970419211
0.478000000	5.784336217	-4.179495678
0.480000000	0.628606576	0.984592954
0.482000000	5.817738747	-4.206508402
0.484000000	0.620737709	0.998905652
0.486000000	5.851357162	-4.233711612
0.488000000	0.612754455	1.013358518
0.490000000	5.885192985	-4.261106729
0.492000000	0.604655694	1.027952776
0.494000000	5.919247750	-4.288695186
0.496000000	0.596440295	1.042689659
0.498000000	5.953523002	-4.316478427
0.500000000	0.588107119	1.057570412
0.502000000	5.988020298	-4.344457907
0.504000000	0.579655017	1.072596290
0.506000000	6.022741205	-4.372635091
0.508000000	0.571082827	1.087768557
0.510000000	6.057687305	-4.401011458
0.512000000	0.562389381	1.103088489
0.514000000	6.092860188	-4.429588495
0.516000000	0.553573498	1.118557373
0.518000000	6.128261460	-4.458367704
0.520000000	0.544633987	1.134176504
0.522000000	6.163892734	-4.487350597
0.524000000	0.535569648	1.149947191
0.526000000	6.199755640	-4.516538696
0.528000000	0.526379270	1.165870752
0.530000000	6.235851818	-4.545933537
0.532000000	0.517061631	1.181948516
0.534000000	6.272182918	-4.575536668
0.536000000	0.507615499	1.198181825
0.538000000	6.308750607	-4.605349647
0.540000000	0.498039630	1.214572030
0.542000000	6.345556562	-4.635374046
0.544000000	0.488332770	1.231120494
0.546000000	6.382602471	-4.665611449
0.548000000	0.478493655	1.247828590
0.550000000	6.419890038	-4.696063450
0.552000000	0.468521009	1.264697706
0.554000000	6.457420977	-4.726731657
0.556000000	0.458413545	1.281729238
0.558000000	6.495197016	-4.757617692
0.560000000	0.448169965	1.298924595
0.562000000	6.533219897	-4.788723186
0.564000000	0.437788959	1.316285198
0.566000000	6.571491373	-4.820049786
0.568000000	0.427269208	1.333812478
0.570000000	6.610013211	-4.851599149
0.572000000	0.416609379	1.351507881
0.574000000	6.648787191	-4.883372947
0.576000000	0.405808128	1.369372862
0.578000000	6.687815108	-4.915372863
0.580000000	0.394864100	1.387408890
0.582000000	6.727098767	-4.947600595
0.584000000	0.383775928	1.405617445
0.586000000	6.766639991	-4.980057853
0.588000000	0.372542233	1.424000021
0.590000000	6.806440614	-5.012746360
0.592000000	0.361161625	1.442558121
0.594000000	6.846502483	-5.045667852
0.596000000	0.349632701	1.461293265
0.598000000	6.886827460	-5.078824081
0.600000000	0.337954045	1.480206983
0.602000000	6.927417422	-5.112216808
0.604000000	0.326124231	1.499300817
0.606000000	6.968274259	-5.145847813
0.608000000	0.314141819	1.518576323
0.610000000	7.009399875	-5.179718886
0.612000000	0.302005357	1.538035070
0.614000000	7.050796188	-5.213831832
0.616000000	0.289713380	1.557678640
0.618000000	7.092465132	-5.248188469
0.620000000	0.277264413	1.577508627
0.622000000	7.134408654	-5.282790632
0.624000000	0.264656964	1.597526640
0.626000000	7.176628717	-5.317640166
0.628000000	0.251889531	1.617734300
0.630000000	7.219127297	-5.352738935
0.632000000	0.238960598	1.638133242
0.634000000	7.261906387	-5.388088813
0.636000000	0.225868637	1.658725114
0.638000000	7.304967993	-5.423691692
0.640000000	0.212612106	1.679511578
0.642000000	7.348314137	-5.459549475
0.644000000	0.199189450	1.700494310
0.646000000	7.391946856	-5.495664084
0.648000000	0.185599099	1.721675000
0.650000000	7.435868203	-5.532037454
0.652000000	0.171839473	1.743055352
0.654000000	7.480080247	-5.568671533
0.656000000	0.157908974	1.764637083
0.658000000	7.524585070	-5.605568287
0.660000000	0.143805995	1.786421925
0.662000000	7.569384771	-5.642729696
0.664000000	0.129528911	1.808411624
0.666000000	7.614481467	-5.680157755
0.668000000	0.115076085	1.830607942
0.670000000	7.659877288	-5.717854476
0.672000000	0.100445866	1.853012654
0.674000000	7.705574381	-5.755821886
0.676000000	0.085636589	1.875627550
0.678000000	7.751574909	-5.794062026
0.680000000	0.070646574	1.898454434
0.682000000	7.797881053	-5.832576954
0.684000000	0.055474126	1.921495127
0.686000000	7.844495008	-5.871368746
0.688000000	0.040117537	1.944751463
0.690000000	7.891418987	-5.910439490
0.692000000	0.024575083	1.968225293
0.694000000	7.938655219	-5.949791294
0.696000000	0.008845027	1.991918481
0.698000000	7.986205951	-5.989426280
0.700000000	-0.007074386	2.015832909
0.702000000	8.034073446	-6.029346588
0.704000000	-0.023184922	2.039970473
0.706000000	8.082259984	-6.069554374
0.708000000	-0.039488366	2.064333085
0.710000000	8.130767863	-6.110051810
0.712000000	-0.055986516	2.088922673
0.714000000	8.179599397	-6.150841086
0.716000000	-0.072681186	2.113741179
0.718000000	8.228756919	-6.191924408
0.720000000	-0.089574206	2.138790565
0.722000000	8.278242779	-6.233304000
0.724000000	-0.106667420	2.164072807
0.726000000	8.328059344	-6.274982103
0.728000000	-0.123962690	2.189589895
0.730000000	8.378209001	-6.316960976
0.732000000	-0.141461892	2.215343840
0.734000000	8.428694153	-6.359242894
0.736000000	-0.159166920	2.241336666
0.738000000	8.479517223	-6.401830151
0.740000000	-0.177079683	2.267570415
0.742000000	8.530680649	-6.444725058
0.744000000	-0.195202106	2.294047147
0.746000000	8.582186892	-6.487929945
0.748000000	-0.213536131	2.320768938
0.750000000	8.634038428	-6.531447159
0.752000000	-0.232083716	2.347737880
0.754000000	8.686237754	-6.575279066
0.756000000	-0.250846837	2.374956083
0.758000000	8.738787384	-6.619428050
0.760000000	-0.269827486	2.402425676
0.762000000	8.791689853	-6.663896514
0.764000000	-0.289027672	2.430148804
0.766000000	8.844947714	-6.708686880
0.768000000	-0.308449421	2.458127629
0.770000000	8.898563539	-6.753801587
0.772000000	-0.328094777	2.486364333
0.774000000	8.952539922	-6.799243095
0.776000000	-0.347965801	2.514861114
0.778000000	9.006879472	-6.845013882
0.780000000	-0.368064571	2.543620190
0.782000000	9.061584823	-6.891116445
0.784000000	-0.388393184	2.572643795
0.786000000	9.116658626	-6.937553302
0.788000000	-0.408953753	2.601934183
0.790000000	9.172103552	-6.984326990
0.792000000	-0.429748411	2.631493627
0.794000000	9.227922293	-7.031440065
0.796000000	-0.450779308	2.661324417
0.798000000	9.284117562	-7.078895102
0.800000000	-0.472048613	2.691428863
0.802000000	9.340692092	-7.126694700
0.804000000	-0.493558512	2.721809294
0.806000000	9.397648636	-7.174841473
0.808000000	-0.515311212	2.752468058
0.810000000	9.454989969	-7.223338059
0.812000000	-0.537308937	2.783407523
0.814000000	9.512718887	-7.272187116
0.816000000	-0.559553930	2.814630075
0.818000000	9.570838206	-7.321391321
0.820000000	-0.582048453	2.846138121
0.822000000	9.629350766	-7.370953374
0.824000000	-0.604794789	2.877934087
0.826000000	9.688259425	-7.420875995
0.828000000	-0.627795238	2.910020420
0.830000000	9.747567066	-7.471161925
0.832000000	-0.651052121	2.942399587
0.834000000	9.807276592	-7.521813926
0.836000000	-0.674567779	2.975074073
0.838000000	9.867390929	-7.572834783
0.840000000	-0.698344571	3.008046386
0.842000000	9.927913025	-7.624227302
0.844000000	-0.722384878	3.041319055
0.846000000	9.988845849	-7.675994310
0.848000000	-0.746691100	3.074894627
0.850000000	10.050192396	-7.728138657
0.852000000	-0.771265657	3.108775673
0.854000000	10.111955680	-7.780663216
0.856000000	-0.796110993	3.142964783
0.858000000	10.174138740	-7.833570879
0.860000000	-0.821229567	3.177464570
0.862000000	10.236744639	-7.886864565
0.864000000	-0.846623864	3.212277667
0.866000000	10.299776460	-7.940547213
0.868000000	-0.872296387	3.247406729
0.870000000	10.363237314	-7.994621785
0.872000000	-0.898249662	3.282854434
0.874000000	10.427130331	-8.049091268
0.876000000	-0.924486234	3.318623480
0.878000000	10.491458668	-8.103958670
0.880000000	-0.951008673	3.354716589
0.882000000	10.556225506	-8.159227023
0.884000000	-0.977819568	3.391136505
0.886000000	10.621434048	-8.214899384
0.888000000	-1.004921531	3.427885994
0.890000000	10.687087524	-8.270978834
0.892000000	-1.032317196	3.464967844
0.894000000	10.753189187	-8.327468474
0.896000000	-1.060009219	3.502384869
0.898000000	10.819742315	-8.384371435
0.900000000	-1.088000279	3.540139902
0.902000000	10.886750212	-8.441690869
0.904000000	-1.116293077	3.578235802
0.906000000	10.954216205	-8.499429952
0.908000000	-1.144890337	3.616675451
0.910000000	11.022143649	-8.557591887
0.912000000	-1.173794808	3.655461754
0.914000000	11.090535924	-8.616179901
0.916000000	-1.203009258	3.694597640
0.918000000	11.159396433	-8.675197247
0.920000000	-1.232536482	3.734086064
0.922000000	11.228728610	-8.734647201
0.924000000	-1.262379298	3.773930002
0.926000000	11.298535910	-8.794533067
0.928000000	-1.292540547	3.814132457
0.930000000	11.368821819	-8.854858174
0.932000000	-1.323023093	3.854696455
0.934000000	11.439589845	-8.915625877
0.936000000	-1.353829827	3.895625048
0.938000000	11.510843527	-8.976839557
0.940000000	-1.384963663	3.936921312
0.942000000	11.582586429	-9.038502622
0.944000000	-1.416427538	3.978588350
0.946000000	11.654822142	-9.100618507
0.948000000	-1.448224416	4.020629288
0.950000000	11.727554285	-9.163190671
0.952000000	-1.480357285	4.063047280
0.954000000	11.800786505	-9.226222604
0.956000000	-1.512829159	4.105845505
0.958000000	11.874522476	-9.289717821
0.960000000	-1.545643076	4.149027167
0.962000000	11.948765901	-9.353679865
0.964000000	-1.578802102	4.192595497
0.966000000	12.023520510	-9.418112306
0.968000000	-1.612309325	4.236553754
0.970000000	12.098790064	-9.483018742
0.972000000	-1.646167862	4.280905221
0.974000000	12.174578349	-9.548402801
0.976000000	-1.680380857	4.325653211
0.978000000	12.250889185	-9.614268137
0.980000000	-1.714951477	4.370801061
0.982000000	12.327726416	-9.680618434
0.984000000	-1.749882919	4.416352138
0.986000000	12.405093918	-9.747457403
0.988000000	-1.785178406	4.462309835
0.990000000	12.482995598	-9.814788788
0.992000000	-1.820841186	4.508677573
0.994000000	12.561435390	-9.882616357
0.996000000	-1.856874537	4.555458802
0.998000000	12.640417260	-9.950943912
