0.000000000	1.000000000	0.000000000	1.000000000	0.000000000
0.001000000	1.998000000	-0.999000000	1.498001998	-0.747504494
0.002000000	1.996002000	-0.998001000	0.750496008	-0.375993267
0.003000000	1.994005998	-0.997002999	0.373009973	-0.186884335
0.004000000	1.992011992	-0.996005996	0.185374782	-0.092875970
0.005000000	1.990019980	-0.995009990	0.092125606	-0.046156521
0.006000000	1.988029960	-0.994014980	0.045783612	-0.022938381
0.007000000	1.986041930	-0.993020965	0.022753057	-0.011399675
0.008000000	1.984055888	-0.992027944	0.011307574	-0.005665290
0.009000000	1.982071832	-0.991035916	0.005619519	-0.002815476
0.010000000	1.980089760	-0.990044880	0.002792729	-0.001399206
0.011000000	1.978109671	-0.989054835	0.001387901	-0.000695362
0.012000000	1.976131561	-0.988065780	0.000689744	-0.000345574
0.013000000	1.974155429	-0.987077715	0.000342782	-0.000171740
0.014000000	1.972181274	-0.986090637	0.000170352	-0.000085349
0.015000000	1.970209093	-0.985104546	0.000084660	-0.000042416
0.016000000	1.968238884	-0.984119442	0.000042073	-0.000021079
0.017000000	1.966270645	-0.983135322	0.000020909	-0.000010476
0.018000000	1.964304374	-0.982152187	0.000010391	-0.000005206
0.019000000	1.962340070	-0.981170035	0.000005164	-0.000002587
0.020000000	1.960377730	-0.980188865	0.000002566	-0.000001286
0.021000000	1.958417352	-0.979208676	0.000001275	-0.000000639
0.022000000	1.956458935	-0.978229467	0.000000634	-0.000000318
0.023000000	1.954502476	-0.977251238	0.000000315	-0.000000158
0.024000000	1.952547973	-0.976273987	0.000000157	-0.000000078
0.025000000	1.950595425	-0.975297713	0.000000078	-0.000000039
0.026000000	1.948644830	-0.974322415	0.000000039	-0.000000019
0.027000000	1.946696185	-0.973348092	0.000000019	-0.000000010
0.028000000	1.944749489	-0.972374744	0.000000010	-0.000000005
0.029000000	1.942804739	-0.971402370	0.000000005	-0.000000002
0.030000000	1.940861935	-0.970430967	0.000000002	-0.000000001
0.031000000	1.938921073	-0.969460536	0.000000001	-0.000000001
0.032000000	1.936982152	-0.968491076	0.000000001	-0.000000000
0.033000000	1.935045169	-0.967522585	0.000000000	-0.000000000
0.034000000	1.933110124	-0.966555062	0.000000000	-0.000000000
0.035000000	1.931177014	-0.965588507	0.000000000	-0.000000000
0.036000000	1.929245837	-0.964622919	0.000000000	-0.000000000
0.037000000	1.927316591	-0.963658296	0.000000000	-0.000000000
0.038000000	1.925389275	-0.962694637	0.000000000	-0.000000000
0.039000000	1.923463885	-0.961731943	0.000000000	-0.000000000
0.040000000	1.921540421	-0.960770211	0.000000000	-0.000000000
0.041000000	1.919618881	-0.959809441	0.000000000	-0.000000000
0.042000000	1.917699262	-0.958849631	0.000000000	-0.000000000
0.043000000	1.915781563	-0.957890781	0.000000000	-0.000000000
0.044000000	1.913865781	-0.956932891	0.000000000	-0.000000000
0.045000000	1.911951916	-0.955975958	0.000000000	-0.000000000
0.046000000	1.910039964	-0.955019982	0.000000000	-0.000000000
0.047000000	1.908129924	-0.954064962	0.000000000	-0.000000000
0.048000000	1.906221794	-0.953110897	0.000000000	-0.000000000
0.049000000	1.904315572	-0.952157786	0.000000000	-0.000000000
0.050000000	1.902411256	-0.951205628	0.000000000	-0.000000000
0.051000000	1.900508845	-0.950254423	0.000000000	-0.000000000
0.052000000	1.898608336	-0.949304168	0.000000000	-0.000000000
0.053000000	1.896709728	-0.948354864	0.000000000	-0.000000000
0.054000000	1.894813018	-0.947406509	0.000000000	-0.000000000
0.055000000	1.892918205	-0.946459103	0.000000000	-0.000000000
0.056000000	1.891025287	-0.945512644	0.000000000	-0.000000000
0.057000000	1.889134262	-0.944567131	0.000000000	-0.000000000
0.058000000	1.887245127	-0.943622564	0.000000000	-0.000000000
0.059000000	1.885357882	-0.942678941	0.000000000	-0.000000000
0.060000000	1.883472524	-0.941736262	0.000000000	-0.000000000
0.061000000	1.881589052	-0.940794526	0.000000000	-0.000000000
0.062000000	1.879707463	-0.939853731	0.000000000	-0.000000000
0.063000000	1.877827755	-0.938913878	0.000000000	-0.000000000
0.064000000	1.875949928	-0.937974964	0.000000000	-0.000000000
0.065000000	1.874073978	-0.937036989	0.000000000	-0.000000000
0.066000000	1.872199904	-0.936099952	0.000000000	-0.000000000
0.067000000	1.870327704	-0.935163852	0.000000000	-0.000000000
0.068000000	1.868457376	-0.934228688	0.000000000	-0.000000000
0.069000000	1.866588919	-0.933294459	0.000000000	-0.000000000
0.070000000	1.864722330	-0.932361165	0.000000000	-0.000000000
0.071000000	1.862857608	-0.931428804	0.000000000	-0.000000000
0.072000000	1.860994750	-0.930497375	0.000000000	-0.000000000
0.073000000	1.859133755	-0.929566878	0.000000000	-0.000000000
0.074000000	1.857274621	-0.928637311	0.000000000	-0.000000000
0.075000000	1.855417347	-0.927708673	0.000000000	-0.000000000
0.076000000	1.853561929	-0.926780965	0.000000000	-0.000000000
0.077000000	1.851708368	-0.925854184	0.000000000	-0.000000000
0.078000000	1.849856659	-0.924928330	0.000000000	-0.000000000
0.079000000	1.848006802	-0.924003401	0.000000000	-0.000000000
0.080000000	1.846158796	-0.923079398	0.000000000	-0.000000000
0.081000000	1.844312637	-0.922156318	0.000000000	-0.000000000
0.082000000	1.842468324	-0.921234162	0.000000000	-0.000000000
0.083000000	1.840625856	-0.920312928	0.000000000	-0.000000000
0.084000000	1.838785230	-0.919392615	0.000000000	-0.000000000
0.085000000	1.836946445	-0.918473222	0.000000000	-0.000000000
0.086000000	1.835109498	-0.917554749	0.000000000	-0.000000000
0.087000000	1.833274389	-0.916637194	0.000000000	-0.000000000
0.088000000	1.831441114	-0.915720557	0.000000000	-0.000000000
0.089000000	1.829609673	-0.914804837	0.000000000	-0.000000000
0.090000000	1.827780064	-0.913890032	0.000000000	-0.000000000
0.091000000	1.825952284	-0.912976142	0.000000000	-0.000000000
0.092000000	1.824126331	-0.912063166	0.000000000	-0.000000000
0.093000000	1.822302205	-0.911151103	0.000000000	-0.000000000
0.094000000	1.820479903	-0.910239951	0.000000000	-0.000000000
0.095000000	1.818659423	-0.909329711	0.000000000	-0.000000000
0.096000000	1.816840764	-0.908420382	0.000000000	-0.000000000
0.097000000	1.815023923	-0.907511961	0.000000000	-0.000000000
0.098000000	1.813208899	-0.906604449	0.000000000	-0.000000000
0.099000000	1.811395690	-0.905697845	0.000000000	-0.000000000
0.100000000	1.809584294	-0.904792147	0.000000000	-0.000000000
0.101000000	1.807774710	-0.903887355	0.000000000	-0.000000000
0.102000000	1.805966935	-0.902983468	0.000000000	-0.000000000
0.103000000	1.804160968	-0.902080484	0.000000000	-0.000000000
0.104000000	1.802356807	-0.901178404	0.000000000	-0.000000000
0.105000000	1.800554451	-0.900277225	0.000000000	-0.000000000
0.106000000	1.798753896	-0.899376948	0.000000000	-0.000000000
0.107000000	1.796955142	-0.898477571	0.000000000	-0.000000000
0.108000000	1.795158187	-0.897579094	0.000000000	-0.000000000
0.109000000	1.793363029	-0.896681514	0.000000000	-0.000000000
0.110000000	1.791569666	-0.895784833	0.000000000	-0.000000000
0.111000000	1.789778096	-0.894889048	0.000000000	-0.000000000
0.112000000	1.787988318	-0.893994159	0.000000000	-0.000000000
0.113000000	1.786200330	-0.893100165	0.000000000	-0.000000000
0.114000000	1.784414129	-0.892207065	0.000000000	-0.000000000
0.115000000	1.782629715	-0.891314858	0.000000000	-0.000000000
0.116000000	1.780847086	-0.890423543	0.000000000	-0.000000000
0.117000000	1.779066238	-0.889533119	0.000000000	-0.000000000
0.118000000	1.777287172	-0.888643586	0.000000000	-0.000000000
0.119000000	1.775509885	-0.887754943	0.000000000	-0.000000000
0.120000000	1.773734375	-0.886867188	0.000000000	-0.000000000
0.121000000	1.771960641	-0.885980320	0.000000000	-0.000000000
0.122000000	1.770188680	-0.885094340	0.000000000	-0.000000000
0.123000000	1.768418491	-0.884209246	0.000000000	-0.000000000
0.124000000	1.766650073	-0.883325036	0.000000000	-0.000000000
0.125000000	1.764883423	-0.882441711	0.000000000	-0.000000000
0.126000000	1.763118539	-0.881559270	0.000000000	-0.000000000
0.127000000	1.761355421	-0.880677710	0.000000000	-0.000000000
0.128000000	1.759594066	-0.879797033	0.000000000	-0.000000000
0.129000000	1.757834471	-0.878917236	0.000000000	-0.000000000
0.130000000	1.756076637	-0.878038318	0.000000000	-0.000000000
0.131000000	1.754320560	-0.877160280	0.000000000	-0.000000000
0.132000000	1.752566240	-0.876283120	0.000000000	-0.000000000
0.133000000	1.750813674	-0.875406837	0.000000000	-0.000000000
0.134000000	1.749062860	-0.874531430	0.000000000	-0.000000000
0.135000000	1.747313797	-0.873656899	0.000000000	-0.000000000
0.136000000	1.745566483	-0.872783242	0.000000000	-0.000000000
0.137000000	1.743820917	-0.871910458	0.000000000	-0.000000000
0.138000000	1.742077096	-0.871038548	0.000000000	-0.000000000
0.139000000	1.740335019	-0.870167509	0.000000000	-0.000000000
0.140000000	1.738594684	-0.869297342	0.000000000	-0.000000000
0.141000000	1.736856089	-0.868428045	0.000000000	-0.000000000
0.142000000	1.735119233	-0.867559616	0.000000000	-0.000000000
0.143000000	1.733384114	-0.866692057	0.000000000	-0.000000000
0.144000000	1.731650730	-0.865825365	0.000000000	-0.000000000
0.145000000	1.729919079	-0.864959539	0.000000000	-0.000000000
0.146000000	1.728189160	-0.864094580	0.000000000	-0.000000000
0.147000000	1.726460971	-0.863230485	0.000000000	-0.000000000
0.148000000	1.724734510	-0.862367255	0.000000000	-0.000000000
0.149000000	1.723009775	-0.861504888	0.000000000	-0.000000000
0.150000000	1.721286765	-0.860643383	0.000000000	-0.000000000
0.151000000	1.719565479	-0.859782739	0.000000000	-0.000000000
0.152000000	1.717845913	-0.858922957	0.000000000	-0.000000000
0.153000000	1.716128067	-0.858064034	0.000000000	-0.000000000
0.154000000	1.714411939	-0.857205970	0.000000000	-0.000000000
0.155000000	1.712697527	-0.856348764	0.000000000	-0.000000000
0.156000000	1.710984830	-0.855492415	0.000000000	-0.000000000
0.157000000	1.709273845	-0.854636922	0.000000000	-0.000000000
0.158000000	1.707564571	-0.853782286	0.000000000	-0.000000000
0.159000000	1.705857006	-0.852928503	0.000000000	-0.000000000
0.160000000	1.704151149	-0.852075575	0.000000000	-0.000000000
0.161000000	1.702446998	-0.851223499	0.000000000	-0.000000000
0.162000000	1.700744551	-0.850372276	0.000000000	-0.000000000
0.163000000	1.699043807	-0.849521903	0.000000000	-0.000000000
0.164000000	1.697344763	-0.848672381	0.000000000	-0.000000000
0.165000000	1.695647418	-0.847823709	0.000000000	-0.000000000
0.166000000	1.693951771	-0.846975885	0.000000000	-0.000000000
0.167000000	1.692257819	-0.846128909	0.000000000	-0.000000000
0.168000000	1.690565561	-0.845282781	0.000000000	-0.000000000
0.169000000	1.688874996	-0.844437498	0.000000000	-0.000000000
0.170000000	1.687186121	-0.843593060	0.000000000	-0.000000000
0.171000000	1.685498934	-0.842749467	0.000000000	-0.000000000
0.172000000	1.683813436	-0.841906718	0.000000000	-0.000000000
0.173000000	1.682129622	-0.841064811	0.000000000	-0.000000000
0.174000000	1.680447492	-0.840223746	0.000000000	-0.000000000
0.175000000	1.678767045	-0.839383522	0.000000000	-0.000000000
0.176000000	1.677088278	-0.838544139	0.000000000	-0.000000000
0.177000000	1.675411190	-0.837705595	0.000000000	-0.000000000
0.178000000	1.673735778	-0.836867889	0.000000000	-0.000000000
0.179000000	1.672062043	-0.836031021	0.000000000	-0.000000000
0.180000000	1.670389981	-0.835194990	0.000000000	-0.000000000
0.181000000	1.668719591	-0.834359795	0.000000000	-0.000000000
0.182000000	1.667050871	-0.833525436	0.000000000	-0.000000000
0.183000000	1.665383820	-0.832691910	0.000000000	-0.000000000
0.184000000	1.663718436	-0.831859218	0.000000000	-0.000000000
0.185000000	1.662054718	-0.831027359	0.000000000	-0.000000000
0.186000000	1.660392663	-0.830196332	0.000000000	-0.000000000
0.187000000	1.658732271	-0.829366135	0.000000000	-0.000000000
0.188000000	1.657073538	-0.828536769	0.000000000	-0.000000000
0.189000000	1.655416465	-0.827708232	0.000000000	-0.000000000
0.190000000	1.653761048	-0.826880524	0.000000000	-0.000000000
0.191000000	1.652107287	-0.826053644	0.000000000	-0.000000000
0.192000000	1.650455180	-0.825227590	0.000000000	-0.000000000
0.193000000	1.648804725	-0.824402362	0.000000000	-0.000000000
0.194000000	1.647155920	-0.823577960	0.000000000	-0.000000000
0.195000000	1.645508764	-0.822754382	0.000000000	-0.000000000
0.196000000	1.643863255	-0.821931628	0.000000000	-0.000000000
0.197000000	1.642219392	-0.821109696	0.000000000	-0.000000000
0.198000000	1.640577173	-0.820288586	0.000000000	-0.000000000
0.199000000	1.638936596	-0.819468298	0.000000000	-0.000000000
0.200000000	1.637297659	-0.818648829	0.000000000	-0.000000000
0.201000000	1.635660361	-0.817830181	0.000000000	-0.000000000
0.202000000	1.634024701	-0.817012350	0.000000000	-0.000000000
0.203000000	1.632390676	-0.816195338	0.000000000	-0.000000000
0.204000000	1.630758286	-0.815379143	0.000000000	-0.000000000
0.205000000	1.629127527	-0.814563764	0.000000000	-0.000000000
0.206000000	1.627498400	-0.813749200	0.000000000	-0.000000000
0.207000000	1.625870901	-0.812935451	0.000000000	-0.000000000
0.208000000	1.624245030	-0.812122515	0.000000000	-0.000000000
0.209000000	1.622620785	-0.811310393	0.000000000	-0.000000000
0.210000000	1.620998165	-0.810499082	0.000000000	-0.000000000
0.211000000	1.619377166	-0.809688583	0.000000000	-0.000000000
0.212000000	1.617757789	-0.808878895	0.000000000	-0.000000000
0.213000000	1.616140032	-0.808070016	0.000000000	-0.000000000
0.214000000	1.614523891	-0.807261946	0.000000000	-0.000000000
0.215000000	1.612909368	-0.806454684	0.000000000	-0.000000000
0.216000000	1.611296458	-0.805648229	0.000000000	-0.000000000
0.217000000	1.609685162	-0.804842581	0.000000000	-0.000000000
0.218000000	1.608075477	-0.804037738	0.000000000	-0.000000000
0.219000000	1.606467401	-0.803233701	0.000000000	-0.000000000
0.220000000	1.604860934	-0.802430467	0.000000000	-0.000000000
0.221000000	1.603256073	-0.801628036	0.000000000	-0.000000000
0.222000000	1.601652817	-0.800826408	0.000000000	-0.000000000
0.223000000	1.600051164	-0.800025582	0.000000000	-0.000000000
0.224000000	1.598451113	-0.799225556	0.000000000	-0.000000000
0.225000000	1.596852662	-0.798426331	0.000000000	-0.000000000
0.226000000	1.595255809	-0.797627904	0.000000000	-0.000000000
0.227000000	1.593660553	-0.796830277	0.000000000	-0.000000000
0.228000000	1.592066893	-0.796033446	0.000000000	-0.000000000
0.229000000	1.590474826	-0.795237413	0.000000000	-0.000000000
0.230000000	1.588884351	-0.794442175	0.000000000	-0.000000000
0.231000000	1.587295467	-0.793647733	0.000000000	-0.000000000
0.232000000	1.585708171	-0.792854086	0.000000000	-0.000000000
0.233000000	1.584122463	-0.792061231	0.000000000	-0.000000000
0.234000000	1.582538340	-0.791269170	0.000000000	-0.000000000
0.235000000	1.580955802	-0.790477901	0.000000000	-0.000000000
0.236000000	1.579374846	-0.789687423	0.000000000	-0.000000000
0.237000000	1.577795471	-0.788897736	0.000000000	-0.000000000
0.238000000	1.576217676	-0.788108838	0.000000000	-0.000000000
0.239000000	1.574641458	-0.787320729	0.000000000	-0.000000000
0.240000000	1.573066817	-0.786533408	0.000000000	-0.000000000
0.241000000	1.571493750	-0.785746875	0.000000000	-0.000000000
0.242000000	1.569922256	-0.784961128	0.000000000	-0.000000000
0.243000000	1.568352334	-0.784176167	0.000000000	-0.000000000
0.244000000	1.566783982	-0.783391991	0.000000000	-0.000000000
0.245000000	1.565217198	-0.782608599	0.000000000	-0.000000000
0.246000000	1.563651980	-0.781825990	0.000000000	-0.000000000
0.247000000	1.562088329	-0.781044164	0.000000000	-0.000000000
0.248000000	1.560526240	-0.780263120	0.000000000	-0.000000000
0.249000000	1.558965714	-0.779482857	0.000000000	-0.000000000
0.250000000	1.557406748	-0.778703374	0.000000000	-0.000000000
0.251000000	1.555849341	-0.777924671	0.000000000	-0.000000000
0.252000000	1.554293492	-0.777146746	0.000000000	-0.000000000
0.253000000	1.552739199	-0.776369599	0.000000000	-0.000000000
0.254000000	1.551186459	-0.775593230	0.000000000	-0.000000000
0.255000000	1.549635273	-0.774817636	0.000000000	-0.000000000
0.256000000	1.548085638	-0.774042819	0.000000000	-0.000000000
0.257000000	1.546537552	-0.773268776	0.000000000	-0.000000000
0.258000000	1.544991015	-0.772495507	0.000000000	-0.000000000
0.259000000	1.543446024	-0.771723012	0.000000000	-0.000000000
0.260000000	1.541902577	-0.770951289	0.000000000	-0.000000000
0.261000000	1.540360675	-0.770180337	0.000000000	-0.000000000
0.262000000	1.538820314	-0.769410157	0.000000000	-0.000000000
0.263000000	1.537281494	-0.768640747	0.000000000	-0.000000000
0.264000000	1.535744212	-0.767872106	0.000000000	-0.000000000
0.265000000	1.534208468	-0.767104234	0.000000000	-0.000000000
0.266000000	1.532674260	-0.766337130	0.000000000	-0.000000000
0.267000000	1.531141585	-0.765570793	0.000000000	-0.000000000
0.268000000	1.529610444	-0.764805222	0.000000000	-0.000000000
0.269000000	1.528080833	-0.764040417	0.000000000	-0.000000000
0.270000000	1.526552753	-0.763276376	0.000000000	-0.000000000
0.271000000	1.525026200	-0.762513100	0.000000000	-0.000000000
0.272000000	1.523501174	-0.761750587	0.000000000	-0.000000000
0.273000000	1.521977673	-0.760988836	0.000000000	-0.000000000
0.274000000	1.520455695	-0.760227847	0.000000000	-0.000000000
0.275000000	1.518935239	-0.759467620	0.000000000	-0.000000000
0.276000000	1.517416304	-0.758708152	0.000000000	-0.000000000
0.277000000	1.515898888	-0.757949444	0.000000000	-0.000000000
0.278000000	1.514382989	-0.757191494	0.000000000	-0.000000000
0.279000000	1.512868606	-0.756434303	0.000000000	-0.000000000
0.280000000	1.511355737	-0.755677869	0.000000000	-0.000000000
0.281000000	1.509844381	-0.754922191	0.000000000	-0.000000000
0.282000000	1.508334537	-0.754167268	0.000000000	-0.000000000
0.283000000	1.506826202	-0.753413101	0.000000000	-0.000000000
0.284000000	1.505319376	-0.752659688	0.000000000	-0.000000000
0.285000000	1.503814057	-0.751907028	0.000000000	-0.000000000
0.286000000	1.502310243	-0.751155121	0.000000000	-0.000000000
0.287000000	1.500807933	-0.750403966	0.000000000	-0.000000000
0.288000000	1.499307125	-0.749653562	0.000000000	-0.000000000
0.289000000	1.497807818	-0.748903909	0.000000000	-0.000000000
0.290000000	1.496310010	-0.748155005	0.000000000	-0.000000000
0.291000000	1.494813700	-0.747406850	0.000000000	-0.000000000
0.292000000	1.493318886	-0.746659443	0.000000000	-0.000000000
0.293000000	1.491825567	-0.745912784	0.000000000	-0.000000000
0.294000000	1.490333742	-0.745166871	0.000000000	-0.000000000
0.295000000	1.488843408	-0.744421704	0.000000000	-0.000000000
0.296000000	1.487354564	-0.743677282	0.000000000	-0.000000000
0.297000000	1.485867210	-0.742933605	0.000000000	-0.000000000
0.298000000	1.484381343	-0.742190671	0.000000000	-0.000000000
0.299000000	1.482896961	-0.741448481	0.000000000	-0.000000000
0.300000000	1.481414064	-0.740707032	0.000000000	-0.000000000
0.301000000	1.479932650	-0.739966325	0.000000000	-0.000000000
0.302000000	1.478452718	-0.739226359	0.000000000	-0.000000000
0.303000000	1.476974265	-0.738487132	0.000000000	-0.000000000
0.304000000	1.475497291	-0.737748645	0.000000000	-0.000000000
0.305000000	1.474021793	-0.737010897	0.000000000	-0.000000000
0.306000000	1.472547772	-0.736273886	0.000000000	-0.000000000
0.307000000	1.471075224	-0.735537612	0.000000000	-0.000000000
0.308000000	1.469604149	-0.734802074	0.000000000	-0.000000000
0.309000000	1.468134544	-0.734067272	0.000000000	-0.000000000
0.310000000	1.466666410	-0.733333205	0.000000000	-0.000000000
0.311000000	1.465199743	-0.732599872	0.000000000	-0.000000000
0.312000000	1.463734544	-0.731867272	0.000000000	-0.000000000
0.313000000	1.462270809	-0.731135405	0.000000000	-0.000000000
0.314000000	1.460808538	-0.730404269	0.000000000	-0.000000000
0.315000000	1.459347730	-0.729673865	0.000000000	-0.000000000
0.316000000	1.457888382	-0.728944191	0.000000000	-0.000000000
0.317000000	1.456430494	-0.728215247	0.000000000	-0.000000000
0.318000000	1.454974063	-0.727487032	0.000000000	-0.000000000
0.319000000	1.453519089	-0.726759545	0.000000000	-0.000000000
0.320000000	1.452065570	-0.726032785	0.000000000	-0.000000000
0.321000000	1.450613504	-0.725306752	0.000000000	-0.000000000
0.322000000	1.449162891	-0.724581445	0.000000000	-0.000000000
0.323000000	1.447713728	-0.723856864	0.000000000	-0.000000000
0.324000000	1.446266014	-0.723133007	0.000000000	-0.000000000
0.325000000	1.444819748	-0.722409874	0.000000000	-0.000000000
0.326000000	1.443374929	-0.721687464	0.000000000	-0.000000000
0.327000000	1.441931554	-0.720965777	0.000000000	-0.000000000
0.328000000	1.440489622	-0.720244811	0.000000000	-0.000000000
0.329000000	1.439049132	-0.719524566	0.000000000	-0.000000000
0.330000000	1.437610083	-0.718805042	0.000000000	-0.000000000
0.331000000	1.436172473	-0.718086237	0.000000000	-0.000000000
0.332000000	1.434736301	-0.717368150	0.000000000	-0.000000000
0.333000000	1.433301564	-0.716650782	0.000000000	-0.000000000
0.334000000	1.431868263	-0.715934131	0.000000000	-0.000000000
0.335000000	1.430436395	-0.715218197	0.000000000	-0.000000000
0.336000000	1.429005958	-0.714502979	0.000000000	-0.000000000
0.337000000	1.427576952	-0.713788476	0.000000000	-0.000000000
0.338000000	1.426149375	-0.713074688	0.000000000	-0.000000000
0.339000000	1.424723226	-0.712361613	0.000000000	-0.000000000
0.340000000	1.423298503	-0.711649251	0.000000000	-0.000000000
0.341000000	1.421875204	-0.710937602	0.000000000	-0.000000000
0.342000000	1.420453329	-0.710226665	0.000000000	-0.000000000
0.343000000	1.419032876	-0.709516438	0.000000000	-0.000000000
0.344000000	1.417613843	-0.708806921	0.000000000	-0.000000000
0.345000000	1.416196229	-0.708098115	0.000000000	-0.000000000
0.346000000	1.414780033	-0.707390016	0.000000000	-0.000000000
0.347000000	1.413365253	-0.706682626	0.000000000	-0.000000000
0.348000000	1.411951887	-0.705975944	0.000000000	-0.000000000
0.349000000	1.410539936	-0.705269968	0.000000000	-0.000000000
0.350000000	1.409129396	-0.704564698	0.000000000	-0.000000000
0.351000000	1.407720266	-0.703860133	0.000000000	-0.000000000
0.352000000	1.406312546	-0.703156273	0.000000000	-0.000000000
0.353000000	1.404906233	-0.702453117	0.000000000	-0.000000000
0.354000000	1.403501327	-0.701750664	0.000000000	-0.000000000
0.355000000	1.402097826	-0.701048913	0.000000000	-0.000000000
0.356000000	1.400695728	-0.700347864	0.000000000	-0.000000000
0.357000000	1.399295032	-0.699647516	0.000000000	-0.000000000
0.358000000	1.397895737	-0.698947869	0.000000000	-0.000000000
0.359000000	1.396497842	-0.698248921	0.000000000	-0.000000000
0.360000000	1.395101344	-0.697550672	0.000000000	-0.000000000
0.361000000	1.393706242	-0.696853121	0.000000000	-0.000000000
0.362000000	1.392312536	-0.696156268	0.000000000	-0.000000000
0.363000000	1.390920224	-0.695460112	0.000000000	-0.000000000
0.364000000	1.389529303	-0.694764652	0.000000000	-0.000000000
0.365000000	1.388139774	-0.694069887	0.000000000	-0.000000000
0.366000000	1.386751634	-0.693375817	0.000000000	-0.000000000
0.367000000	1.385364883	-0.692682441	0.000000000	-0.000000000
0.368000000	1.383979518	-0.691989759	0.000000000	-0.000000000
0.369000000	1.382595538	-0.691297769	0.000000000	-0.000000000
0.370000000	1.381212943	-0.690606471	0.000000000	-0.000000000
0.371000000	1.379831730	-0.689915865	0.000000000	-0.000000000
0.372000000	1.378451898	-0.689225949	0.000000000	-0.000000000
0.373000000	1.377073446	-0.688536723	0.000000000	-0.000000000
0.374000000	1.375696373	-0.687848186	0.000000000	-0.000000000
0.375000000	1.374320676	-0.687160338	0.000000000	-0.000000000
0.376000000	1.372946356	-0.686473178	0.000000000	-0.000000000
0.377000000	1.371573409	-0.685786705	0.000000000	-0.000000000
0.378000000	1.370201836	-0.685100918	0.000000000	-0.000000000
0.379000000	1.368831634	-0.684415817	0.000000000	-0.000000000
0.380000000	1.367462802	-0.683731401	0.000000000	-0.000000000
0.381000000	1.366095340	-0.683047670	0.000000000	-0.000000000
0.382000000	1.364729244	-0.682364622	0.000000000	-0.000000000
0.383000000	1.363364515	-0.681682258	0.000000000	-0.000000000
0.384000000	1.362001151	-0.681000575	0.000000000	-0.000000000
0.385000000	1.360639149	-0.680319575	0.000000000	-0.000000000
0.386000000	1.359278510	-0.679639255	0.000000000	-0.000000000
0.387000000	1.357919232	-0.678959616	0.000000000	-0.000000000
0.388000000	1.356561312	-0.678280656	0.000000000	-0.000000000
0.389000000	1.355204751	-0.677602376	0.000000000	-0.000000000
0.390000000	1.353849546	-0.676924773	0.000000000	-0.000000000
0.391000000	1.352495697	-0.676247848	0.000000000	-0.000000000
0.392000000	1.351143201	-0.675571601	0.000000000	-0.000000000
0.393000000	1.349792058	-0.674896029	0.000000000	-0.000000000
0.394000000	1.348442266	-0.674221133	0.000000000	-0.000000000
0.395000000	1.347093824	-0.673546912	0.000000000	-0.000000000
0.396000000	1.345746730	-0.672873365	0.000000000	-0.000000000
0.397000000	1.344400983	-0.672200492	0.000000000	-0.000000000
0.398000000	1.343056582	-0.671528291	0.000000000	-0.000000000
0.399000000	1.341713526	-0.670856763	0.000000000	-0.000000000
0.400000000	1.340371812	-0.670185906	0.000000000	-0.000000000
0.401000000	1.339031440	-0.669515720	0.000000000	-0.000000000
0.402000000	1.337692409	-0.668846204	0.000000000	-0.000000000
0.403000000	1.336354716	-0.668177358	0.000000000	-0.000000000
0.404000000	1.335018362	-0.667509181	0.000000000	-0.000000000
0.405000000	1.333683343	-0.666841672	0.000000000	-0.000000000
0.406000000	1.332349660	-0.666174830	0.000000000	-0.000000000
0.407000000	1.331017310	-0.665508655	0.000000000	-0.000000000
0.408000000	1.329686293	-0.664843146	0.000000000	-0.000000000
0.409000000	1.328356607	-0.664178303	0.000000000	-0.000000000
0.410000000	1.327028250	-0.663514125	0.000000000	-0.000000000
0.411000000	1.325701222	-0.662850611	0.000000000	-0.000000000
0.412000000	1.324375521	-0.662187760	0.000000000	-0.000000000
0.413000000	1.323051145	-0.661525573	0.000000000	-0.000000000
0.414000000	1.321728094	-0.660864047	0.000000000	-0.000000000
0.415000000	1.320406366	-0.660203183	0.000000000	-0.000000000
0.416000000	1.319085959	-0.659542980	0.000000000	-0.000000000
0.417000000	1.317766874	-0.658883437	0.000000000	-0.000000000
0.418000000	1.316449107	-0.658224553	0.000000000	-0.000000000
0.419000000	1.315132658	-0.657566329	0.000000000	-0.000000000
0.420000000	1.313817525	-0.656908762	0.000000000	-0.000000000
0.421000000	1.312503707	-0.656251854	0.000000000	-0.000000000
0.422000000	1.311191204	-0.655595602	0.000000000	-0.000000000
0.423000000	1.309880012	-0.654940006	0.000000000	-0.000000000
0.424000000	1.308570132	-0.654285066	0.000000000	-0.000000000
0.425000000	1.307261562	-0.653630781	0.000000000	-0.000000000
0.426000000	1.305954301	-0.652977150	0.000000000	-0.000000000
0.427000000	1.304648346	-0.652324173	0.000000000	-0.000000000
0.428000000	1.303343698	-0.651671849	0.000000000	-0.000000000
0.429000000	1.302040354	-0.651020177	0.000000000	-0.000000000
0.430000000	1.300738314	-0.650369157	0.000000000	-0.000000000
0.431000000	1.299437576	-0.649718788	0.000000000	-0.000000000
0.432000000	1.298138138	-0.649069069	0.000000000	-0.000000000
0.433000000	1.296840000	-0.648420000	0.000000000	-0.000000000
0.434000000	1.295543160	-0.647771580	0.000000000	-0.000000000
0.435000000	1.294247617	-0.647123808	0.000000000	-0.000000000
0.436000000	1.292953369	-0.646476685	0.000000000	-0.000000000
0.437000000	1.291660416	-0.645830208	0.000000000	-0.000000000
0.438000000	1.290368755	-0.645184378	0.000000000	-0.000000000
0.439000000	1.289078387	-0.644539193	0.000000000	-0.000000000
0.440000000	1.287789308	-0.643894654	0.000000000	-0.000000000
0.441000000	1.286501519	-0.643250759	0.000000000	-0.000000000
0.442000000	1.285215017	-0.642607509	0.000000000	-0.000000000
0.443000000	1.283929802	-0.641964901	0.000000000	-0.000000000
0.444000000	1.282645873	-0.641322936	0.000000000	-0.000000000
0.445000000	1.281363227	-0.640681613	0.000000000	-0.000000000
0.446000000	1.280081864	-0.640040932	0.000000000	-0.000000000
0.447000000	1.278801782	-0.639400891	0.000000000	-0.000000000
0.448000000	1.277522980	-0.638761490	0.000000000	-0.000000000
0.449000000	1.276245457	-0.638122728	0.000000000	-0.000000000
0.450000000	1.274969211	-0.637484606	0.000000000	-0.000000000
0.451000000	1.273694242	-0.636847121	0.000000000	-0.000000000
0.452000000	1.272420548	-0.636210274	0.000000000	-0.000000000
0.453000000	1.271148127	-0.635574064	0.000000000	-0.000000000
0.454000000	1.269876979	-0.634938490	0.000000000	-0.000000000
0.455000000	1.268607102	-0.634303551	0.000000000	-0.000000000
0.456000000	1.267338495	-0.633669248	0.000000000	-0.000000000
0.457000000	1.266071157	-0.633035578	0.000000000	-0.000000000
0.458000000	1.264805086	-0.632402543	0.000000000	-0.000000000
0.459000000	1.263540281	-0.631770140	0.000000000	-0.000000000
0.460000000	1.262276740	-0.631138370	0.000000000	-0.000000000
0.461000000	1.261014463	-0.630507232	0.000000000	-0.000000000
0.462000000	1.259753449	-0.629876725	0.000000000	-0.000000000
0.463000000	1.258493696	-0.629246848	0.000000000	-0.000000000
0.464000000	1.257235202	-0.628617601	0.000000000	-0.000000000
0.465000000	1.255977967	-0.627988983	0.000000000	-0.000000000
0.466000000	1.254721989	-0.627360994	0.000000000	-0.000000000
0.467000000	1.253467267	-0.626733633	0.000000000	-0.000000000
0.468000000	1.252213799	-0.626106900	0.000000000	-0.000000000
0.469000000	1.250961586	-0.625480793	0.000000000	-0.000000000
0.470000000	1.249710624	-0.624855312	0.000000000	-0.000000000
0.471000000	1.248460913	-0.624230457	0.000000000	-0.000000000
0.472000000	1.247212453	-0.623606226	0.000000000	-0.000000000
0.473000000	1.245965240	-0.622982620	0.000000000	-0.000000000
0.474000000	1.244719275	-0.622359637	0.000000000	-0.000000000
0.475000000	1.243474556	-0.621737278	0.000000000	-0.000000000
0.476000000	1.242231081	-0.621115541	0.000000000	-0.000000000
0.477000000	1.240988850	-0.620494425	0.000000000	-0.000000000
0.478000000	1.239747861	-0.619873931	0.000000000	-0.000000000
0.479000000	1.238508113	-0.619254057	0.000000000	-0.000000000
0.480000000	1.237269605	-0.618634803	0.000000000	-0.000000000
0.481000000	1.236032336	-0.618016168	0.000000000	-0.000000000
0.482000000	1.234796303	-0.617398152	0.000000000	-0.000000000
0.483000000	1.233561507	-0.616780753	0.000000000	-0.000000000
0.484000000	1.232327945	-0.616163973	0.000000000	-0.000000000
0.485000000	1.231095617	-0.615547809	0.000000000	-0.000000000
0.486000000	1.229864522	-0.614932261	0.000000000	-0.000000000
0.487000000	1.228634657	-0.614317329	0.000000000	-0.000000000
0.488000000	1.227406023	-0.613703011	0.000000000	-0.000000000
0.489000000	1.226178617	-0.613089308	0.000000000	-0.000000000
0.490000000	1.224952438	-0.612476219	0.000000000	-0.000000000
0.491000000	1.223727486	-0.611863743	0.000000000	-0.000000000
0.492000000	1.222503758	-0.611251879	0.000000000	-0.000000000
0.493000000	1.221281254	-0.610640627	0.000000000	-0.000000000
0.494000000	1.220059973	-0.610029987	0.000000000	-0.000000000
0.495000000	1.218839913	-0.609419957	0.000000000	-0.000000000
0.496000000	1.217621073	-0.608810537	0.000000000	-0.000000000
0.497000000	1.216403452	-0.608201726	0.000000000	-0.000000000
0.498000000	1.215187049	-0.607593524	0.000000000	-0.000000000
0.499000000	1.213971862	-0.606985931	0.000000000	-0.000000000
0.500000000	1.212757890	-0.606378945	0.000000000	-0.000000000
0.501000000	1.211545132	-0.605772566	0.000000000	-0.000000000
0.502000000	1.210333587	-0.605166793	0.000000000	-0.000000000
0.503000000	1.209123253	-0.604561627	0.000000000	-0.000000000
0.504000000	1.207914130	-0.603957065	0.000000000	-0.000000000
0.505000000	1.206706216	-0.603353108	0.000000000	-0.000000000
0.506000000	1.205499510	-0.602749755	0.000000000	-0.000000000
0.507000000	1.204294010	-0.602147005	0.000000000	-0.000000000
0.508000000	1.203089716	-0.601544858	0.000000000	-0.000000000
0.509000000	1.201886626	-0.600943313	0.000000000	-0.000000000
0.510000000	1.200684740	-0.600342370	0.000000000	-0.000000000
0.511000000	1.199484055	-0.599742027	0.000000000	-0.000000000
0.512000000	1.198284571	-0.599142285	0.000000000	-0.000000000
0.513000000	1.197086286	-0.598543143	0.000000000	-0.000000000
0.514000000	1.195889200	-0.597944600	0.000000000	-0.000000000
0.515000000	1.194693311	-0.597346655	0.000000000	-0.000000000
0.516000000	1.193498617	-0.596749309	0.000000000	-0.000000000
0.517000000	1.192305119	-0.596152559	0.000000000	-0.000000000
0.518000000	1.191112814	-0.595556407	0.000000000	-0.000000000
0.519000000	1.189921701	-0.594960850	0.000000000	-0.000000000
0.520000000	1.188731779	-0.594365890	0.000000000	-0.000000000
0.521000000	1.187543047	-0.593771524	0.000000000	-0.000000000
0.522000000	1.186355504	-0.593177752	0.000000000	-0.000000000
0.523000000	1.185169149	-0.592584574	0.000000000	-0.000000000
0.524000000	1.183983980	-0.591991990	0.000000000	-0.000000000
0.525000000	1.182799996	-0.591399998	0.000000000	-0.000000000
0.526000000	1.181617196	-0.590808598	0.000000000	-0.000000000
0.527000000	1.180435579	-0.590217789	0.000000000	-0.000000000
0.528000000	1.179255143	-0.589627572	0.000000000	-0.000000000
0.529000000	1.178075888	-0.589037944	0.000000000	-0.000000000
0.530000000	1.176897812	-0.588448906	0.000000000	-0.000000000
0.531000000	1.175720914	-0.587860457	0.000000000	-0.000000000
0.532000000	1.174545193	-0.587272597	0.000000000	-0.000000000
0.533000000	1.173370648	-0.586685324	0.000000000	-0.000000000
0.534000000	1.172197277	-0.586098639	0.000000000	-0.000000000
0.535000000	1.171025080	-0.585512540	0.000000000	-0.000000000
0.536000000	1.169854055	-0.584927028	0.000000000	-0.000000000
0.537000000	1.168684201	-0.584342100	0.000000000	-0.000000000
0.538000000	1.167515517	-0.583757758	0.000000000	-0.000000000
0.539000000	1.166348001	-0.583174001	0.000000000	-0.000000000
0.540000000	1.165181653	-0.582590827	0.000000000	-0.000000000
0.541000000	1.164016472	-0.582008236	0.000000000	-0.000000000
0.542000000	1.162852455	-0.581426228	0.000000000	-0.000000000
0.543000000	1.161689603	-0.580844801	0.000000000	-0.000000000
0.544000000	1.160527913	-0.580263957	0.000000000	-0.000000000
0.545000000	1.159367385	-0.579683693	0.000000000	-0.000000000
0.546000000	1.158208018	-0.579104009	0.000000000	-0.000000000
0.547000000	1.157049810	-0.578524905	0.000000000	-0.000000000
0.548000000	1.155892760	-0.577946380	0.000000000	-0.000000000
0.549000000	1.154736867	-0.577368434	0.000000000	-0.000000000
0.550000000	1.153582130	-0.576791065	0.000000000	-0.000000000
0.551000000	1.152428548	-0.576214274	0.000000000	-0.000000000
0.552000000	1.151276120	-0.575638060	0.000000000	-0.000000000
0.553000000	1.150124844	-0.575062422	0.000000000	-0.000000000
0.554000000	1.148974719	-0.574487359	0.000000000	-0.000000000
0.555000000	1.147825744	-0.573912872	0.000000000	-0.000000000
0.556000000	1.146677918	-0.573338959	0.000000000	-0.000000000
0.557000000	1.145531240	-0.572765620	0.000000000	-0.000000000
0.558000000	1.144385709	-0.572192855	0.000000000	-0.000000000
0.559000000	1.143241323	-0.571620662	0.000000000	-0.000000000
0.560000000	1.142098082	-0.571049041	0.000000000	-0.000000000
0.561000000	1.140955984	-0.570477992	0.000000000	-0.000000000
0.562000000	1.139815028	-0.569907514	0.000000000	-0.000000000
0.563000000	1.138675213	-0.569337606	0.000000000	-0.000000000
0.564000000	1.137536538	-0.568768269	0.000000000	-0.000000000
0.565000000	1.136399001	-0.568199501	0.000000000	-0.000000000
0.566000000	1.135262602	-0.567631301	0.000000000	-0.000000000
0.567000000	1.134127340	-0.567063670	0.000000000	-0.000000000
0.568000000	1.132993212	-0.566496606	0.000000000	-0.000000000
0.569000000	1.131860219	-0.565930110	0.000000000	-0.000000000
0.570000000	1.130728359	-0.565364179	0.000000000	-0.000000000
0.571000000	1.129597630	-0.564798815	0.000000000	-0.000000000
0.572000000	1.128468033	-0.564234016	0.000000000	-0.000000000
0.573000000	1.127339565	-0.563669782	0.000000000	-0.000000000
0.574000000	1.126212225	-0.563106113	0.000000000	-0.000000000
0.575000000	1.125086013	-0.562543007	0.000000000	-0.000000000
0.576000000	1.123960927	-0.561980464	0.000000000	-0.000000000
0.577000000	1.122836966	-0.561418483	0.000000000	-0.000000000
0.578000000	1.121714129	-0.560857065	0.000000000	-0.000000000
0.579000000	1.120592415	-0.560296207	0.000000000	-0.000000000
0.580000000	1.119471823	-0.559735911	0.000000000	-0.000000000
0.581000000	1.118352351	-0.559176175	0.000000000	-0.000000000
0.582000000	1.117233998	-0.558616999	0.000000000	-0.000000000
0.583000000	1.116116764	-0.558058382	0.000000000	-0.000000000
0.584000000	1.115000648	-0.557500324	0.000000000	-0.000000000
0.585000000	1.113885647	-0.556942823	0.000000000	-0.000000000
0.586000000	1.112771761	-0.556385881	0.000000000	-0.000000000
0.587000000	1.111658990	-0.555829495	0.000000000	-0.000000000
0.588000000	1.110547331	-0.555273665	0.000000000	-0.000000000
0.589000000	1.109436783	-0.554718392	0.000000000	-0.000000000
0.590000000	1.108327346	-0.554163673	0.000000000	-0.000000000
0.591000000	1.107219019	-0.553609510	0.000000000	-0.000000000
0.592000000	1.106111800	-0.553055900	0.000000000	-0.000000000
0.593000000	1.105005688	-0.552502844	0.000000000	-0.000000000
0.594000000	1.103900683	-0.551950341	0.000000000	-0.000000000
0.595000000	1.102796782	-0.551398391	0.000000000	-0.000000000
0.596000000	1.101693985	-0.550846993	0.000000000	-0.000000000
0.597000000	1.100592291	-0.550296146	0.000000000	-0.000000000
0.598000000	1.099491699	-0.549745849	0.000000000	-0.000000000
0.599000000	1.098392207	-0.549196104	0.000000000	-0.000000000
0.600000000	1.097293815	-0.548646907	0.000000000	-0.000000000
0.601000000	1.096196521	-0.548098261	0.000000000	-0.000000000
0.602000000	1.095100325	-0.547550162	0.000000000	-0.000000000
0.603000000	1.094005224	-0.547002612	0.000000000	-0.000000000
0.604000000	1.092911219	-0.546455610	0.000000000	-0.000000000
0.605000000	1.091818308	-0.545909154	0.000000000	-0.000000000
0.606000000	1.090726490	-0.545363245	0.000000000	-0.000000000
0.607000000	1.089635763	-0.544817882	0.000000000	-0.000000000
0.608000000	1.088546127	-0.544273064	0.000000000	-0.000000000
0.609000000	1.087457581	-0.543728791	0.000000000	-0.000000000
0.610000000	1.086370124	-0.543185062	0.000000000	-0.000000000
0.611000000	1.085283753	-0.542641877	0.000000000	-0.000000000
0.612000000	1.084198470	-0.542099235	0.000000000	-0.000000000
0.613000000	1.083114271	-0.541557136	0.000000000	-0.000000000
0.614000000	1.082031157	-0.541015578	0.000000000	-0.000000000
0.615000000	1.080949126	-0.540474563	0.000000000	-0.000000000
0.616000000	1.079868177	-0.539934088	0.000000000	-0.000000000
0.617000000	1.078788309	-0.539394154	0.000000000	-0.000000000
0.618000000	1.077709520	-0.538854760	0.000000000	-0.000000000
0.619000000	1.076631811	-0.538315905	0.000000000	-0.000000000
0.620000000	1.075555179	-0.537777589	0.000000000	-0.000000000
0.621000000	1.074479624	-0.537239812	0.000000000	-0.000000000
0.622000000	1.073405144	-0.536702572	0.000000000	-0.000000000
0.623000000	1.072331739	-0.536165869	0.000000000	-0.000000000
0.624000000	1.071259407	-0.535629704	0.000000000	-0.000000000
0.625000000	1.070188148	-0.535094074	0.000000000	-0.000000000
0.626000000	1.069117960	-0.534558980	0.000000000	-0.000000000
0.627000000	1.068048842	-0.534024421	0.000000000	-0.000000000
0.628000000	1.066980793	-0.533490396	0.000000000	-0.000000000
0.629000000	1.065913812	-0.532956906	0.000000000	-0.000000000
0.630000000	1.064847898	-0.532423949	0.000000000	-0.000000000
0.631000000	1.063783050	-0.531891525	0.000000000	-0.000000000
0.632000000	1.062719267	-0.531359634	0.000000000	-0.000000000
0.633000000	1.061656548	-0.530828274	0.000000000	-0.000000000
0.634000000	1.060594891	-0.530297446	0.000000000	-0.000000000
0.635000000	1.059534297	-0.529767148	0.000000000	-0.000000000
0.636000000	1.058474762	-0.529237381	0.000000000	-0.000000000
0.637000000	1.057416288	-0.528708144	0.000000000	-0.000000000
0.638000000	1.056358871	-0.528179436	0.000000000	-0.000000000
0.639000000	1.055302512	-0.527651256	0.000000000	-0.000000000
0.640000000	1.054247210	-0.527123605	0.000000000	-0.000000000
0.641000000	1.053192963	-0.526596481	0.000000000	-0.000000000
0.642000000	1.052139770	-0.526069885	0.000000000	-0.000000000
0.643000000	1.051087630	-0.525543815	0.000000000	-0.000000000
0.644000000	1.050036542	-0.525018271	0.000000000	-0.000000000
0.645000000	1.048986506	-0.524493253	0.000000000	-0.000000000
0.646000000	1.047937519	-0.523968760	0.000000000	-0.000000000
0.647000000	1.046889582	-0.523444791	0.000000000	-0.000000000
0.648000000	1.045842692	-0.522921346	0.000000000	-0.000000000
0.649000000	1.044796849	-0.522398425	0.000000000	-0.000000000
0.650000000	1.043752053	-0.521876026	0.000000000	-0.000000000
0.651000000	1.042708301	-0.521354150	0.000000000	-0.000000000
0.652000000	1.041665592	-0.520832796	0.000000000	-0.000000000
0.653000000	1.040623927	-0.520311963	0.000000000	-0.000000000
0.654000000	1.039583303	-0.519791651	0.000000000	-0.000000000
0.655000000	1.038543719	-0.519271860	0.000000000	-0.000000000
0.656000000	1.037505176	-0.518752588	0.000000000	-0.000000000
0.657000000	1.036467671	-0.518233835	0.000000000	-0.000000000
0.658000000	1.035431203	-0.517715601	0.000000000	-0.000000000
0.659000000	1.034395772	-0.517197886	0.000000000	-0.000000000
0.660000000	1.033361376	-0.516680688	0.000000000	-0.000000000
0.661000000	1.032328014	-0.516164007	0.000000000	-0.000000000
0.662000000	1.031295686	-0.515647843	0.000000000	-0.000000000
0.663000000	1.030264391	-0.515132195	0.000000000	-0.000000000
0.664000000	1.029234126	-0.514617063	0.000000000	-0.000000000
0.665000000	1.028204892	-0.514102446	0.000000000	-0.000000000
0.666000000	1.027176687	-0.513588344	0.000000000	-0.000000000
0.667000000	1.026149511	-0.513074755	0.000000000	-0.000000000
0.668000000	1.025123361	-0.512561681	0.000000000	-0.000000000
0.669000000	1.024098238	-0.512049119	0.000000000	-0.000000000
0.670000000	1.023074140	-0.511537070	0.000000000	-0.000000000
0.671000000	1.022051065	-0.511025533	0.000000000	-0.000000000
0.672000000	1.021029014	-0.510514507	0.000000000	-0.000000000
0.673000000	1.020007985	-0.510003993	0.000000000	-0.000000000
0.674000000	1.018987977	-0.509493989	0.000000000	-0.000000000
0.675000000	1.017968989	-0.508984495	0.000000000	-0.000000000
0.676000000	1.016951020	-0.508475510	0.000000000	-0.000000000
0.677000000	1.015934069	-0.507967035	0.000000000	-0.000000000
0.678000000	1.014918135	-0.507459068	0.000000000	-0.000000000
0.679000000	1.013903217	-0.506951609	0.000000000	-0.000000000
0.680000000	1.012889314	-0.506444657	0.000000000	-0.000000000
0.681000000	1.011876425	-0.505938212	0.000000000	-0.000000000
0.682000000	1.010864548	-0.505432274	0.000000000	-0.000000000
0.683000000	1.009853684	-0.504926842	0.000000000	-0.000000000
0.684000000	1.008843830	-0.504421915	0.000000000	-0.000000000
0.685000000	1.007834986	-0.503917493	0.000000000	-0.000000000
0.686000000	1.006827151	-0.503413576	0.000000000	-0.000000000
0.687000000	1.005820324	-0.502910162	0.000000000	-0.000000000
0.688000000	1.004814504	-0.502407252	0.000000000	-0.000000000
0.689000000	1.003809689	-0.501904845	0.000000000	-0.000000000
0.690000000	1.002805880	-0.501402940	0.000000000	-0.000000000
0.691000000	1.001803074	-0.500901537	0.000000000	-0.000000000
0.692000000	1.000801271	-0.500400635	0.000000000	-0.000000000
0.693000000	0.999800469	-0.499900235	0.000000000	-0.000000000
0.694000000	0.998800669	-0.499400334	0.000000000	-0.000000000
0.695000000	0.997801868	-0.498900934	0.000000000	-0.000000000
0.696000000	0.996804066	-0.498402033	0.000000000	-0.000000000
0.697000000	0.995807262	-0.497903631	0.000000000	-0.000000000
0.698000000	0.994811455	-0.497405727	0.000000000	-0.000000000
0.699000000	0.993816644	-0.496908322	0.000000000	-0.000000000
0.700000000	0.992822827	-0.496411413	0.000000000	-0.000000000
0.701000000	0.991830004	-0.495915002	0.000000000	-0.000000000
0.702000000	0.990838174	-0.495419087	0.000000000	-0.000000000
0.703000000	0.989847336	-0.494923668	0.000000000	-0.000000000
0.704000000	0.988857489	-0.494428744	0.000000000	-0.000000000
0.705000000	0.987868631	-0.493934316	0.000000000	-0.000000000
0.706000000	0.986880762	-0.493440381	0.000000000	-0.000000000
0.707000000	0.985893882	-0.492946941	0.000000000	-0.000000000
0.708000000	0.984907988	-0.492453994	0.000000000	-0.000000000
0.709000000	0.983923080	-0.491961540	0.000000000	-0.000000000
0.710000000	0.982939157	-0.491469578	0.000000000	-0.000000000
0.711000000	0.981956218	-0.490978109	0.000000000	-0.000000000
0.712000000	0.980974261	-0.490487131	0.000000000	-0.000000000
0.713000000	0.979993287	-0.489996644	0.000000000	-0.000000000
0.714000000	0.979013294	-0.489506647	0.000000000	-0.000000000
0.715000000	0.978034280	-0.489017140	0.000000000	-0.000000000
0.716000000	0.977056246	-0.488528123	0.000000000	-0.000000000
0.717000000	0.976079190	-0.488039595	0.000000000	-0.000000000
0.718000000	0.975103111	-0.487551555	0.000000000	-0.000000000
0.719000000	0.974128008	-0.487064004	0.000000000	-0.000000000
0.720000000	0.973153880	-0.486576940	0.000000000	-0.000000000
0.721000000	0.972180726	-0.486090363	0.000000000	-0.000000000
0.722000000	0.971208545	-0.485604273	0.000000000	-0.000000000
0.723000000	0.970237336	-0.485118668	0.000000000	-0.000000000
0.724000000	0.969267099	-0.484633550	0.000000000	-0.000000000
0.725000000	0.968297832	-0.484148916	0.000000000	-0.000000000
0.726000000	0.967329534	-0.483664767	0.000000000	-0.000000000
0.727000000	0.966362205	-0.483181102	0.000000000	-0.000000000
0.728000000	0.965395842	-0.482697921	0.000000000	-0.000000000
0.729000000	0.964430447	-0.482215223	0.000000000	-0.000000000
0.730000000	0.963466016	-0.481733008	0.000000000	-0.000000000
0.731000000	0.962502550	-0.481251275	0.000000000	-0.000000000
0.732000000	0.961540048	-0.480770024	0.000000000	-0.000000000
0.733000000	0.960578508	-0.480289254	0.000000000	-0.000000000
0.734000000	0.959617929	-0.479808965	0.000000000	-0.000000000
0.735000000	0.958658311	-0.479329156	0.000000000	-0.000000000
0.736000000	0.957699653	-0.478849826	0.000000000	-0.000000000
0.737000000	0.956741953	-0.478370977	0.000000000	-0.000000000
0.738000000	0.955785211	-0.477892606	0.000000000	-0.000000000
0.739000000	0.954829426	-0.477414713	0.000000000	-0.000000000
0.740000000	0.953874597	-0.476937298	0.000000000	-0.000000000
0.741000000	0.952920722	-0.476460361	0.000000000	-0.000000000
0.742000000	0.951967801	-0.475983901	0.000000000	-0.000000000
0.743000000	0.951015833	-0.475507917	0.000000000	-0.000000000
0.744000000	0.950064818	-0.475032409	0.000000000	-0.000000000
0.745000000	0.949114753	-0.474557376	0.000000000	-0.000000000
0.746000000	0.948165638	-0.474082819	0.000000000	-0.000000000
0.747000000	0.947217472	-0.473608736	0.000000000	-0.000000000
0.748000000	0.946270255	-0.473135127	0.000000000	-0.000000000
0.749000000	0.945323985	-0.472661992	0.000000000	-0.000000000
0.750000000	0.944378661	-0.472189330	0.000000000	-0.000000000
0.751000000	0.943434282	-0.471717141	0.000000000	-0.000000000
0.752000000	0.942490848	-0.471245424	0.000000000	-0.000000000
0.753000000	0.941548357	-0.470774178	0.000000000	-0.000000000
0.754000000	0.940606809	-0.470303404	0.000000000	-0.000000000
0.755000000	0.939666202	-0.469833101	0.000000000	-0.000000000
0.756000000	0.938726536	-0.469363268	0.000000000	-0.000000000
0.757000000	0.937787809	-0.468893905	0.000000000	-0.000000000
0.758000000	0.936850021	-0.468425011	0.000000000	-0.000000000
0.759000000	0.935913171	-0.467956586	0.000000000	-0.000000000
0.760000000	0.934977258	-0.467488629	0.000000000	-0.000000000
0.761000000	0.934042281	-0.467021140	0.000000000	-0.000000000
0.762000000	0.933108238	-0.466554119	0.000000000	-0.000000000
0.763000000	0.932175130	-0.466087565	0.000000000	-0.000000000
0.764000000	0.931242955	-0.465621478	0.000000000	-0.000000000
0.765000000	0.930311712	-0.465155856	0.000000000	-0.000000000
0.766000000	0.929381400	-0.464690700	0.000000000	-0.000000000
0.767000000	0.928452019	-0.464226010	0.000000000	-0.000000000
0.768000000	0.927523567	-0.463761784	0.000000000	-0.000000000
0.769000000	0.926596043	-0.463298022	0.000000000	-0.000000000
0.770000000	0.925669447	-0.462834724	0.000000000	-0.000000000
0.771000000	0.924743778	-0.462371889	0.000000000	-0.000000000
0.772000000	0.923819034	-0.461909517	0.000000000	-0.000000000
0.773000000	0.922895215	-0.461447608	0.000000000	-0.000000000
0.774000000	0.921972320	-0.460986160	0.000000000	-0.000000000
0.775000000	0.921050348	-0.460525174	0.000000000	-0.000000000
0.776000000	0.920129297	-0.460064649	0.000000000	-0.000000000
0.777000000	0.919209168	-0.459604584	0.000000000	-0.000000000
0.778000000	0.918289959	-0.459144979	0.000000000	-0.000000000
0.779000000	0.917371669	-0.458685834	0.000000000	-0.000000000
0.780000000	0.916454297	-0.458227149	0.000000000	-0.000000000
0.781000000	0.915537843	-0.457768921	0.000000000	-0.000000000
0.782000000	0.914622305	-0.457311153	0.000000000	-0.000000000
0.783000000	0.913707683	-0.456853841	0.000000000	-0.000000000
0.784000000	0.912793975	-0.456396988	0.000000000	-0.000000000
0.785000000	0.911881181	-0.455940591	0.000000000	-0.000000000
0.786000000	0.910969300	-0.455484650	0.000000000	-0.000000000
0.787000000	0.910058331	-0.455029165	0.000000000	-0.000000000
0.788000000	0.909148272	-0.454574136	0.000000000	-0.000000000
0.789000000	0.908239124	-0.454119562	0.000000000	-0.000000000
0.790000000	0.907330885	-0.453665442	0.000000000	-0.000000000
0.791000000	0.906423554	-0.453211777	0.000000000	-0.000000000
0.792000000	0.905517130	-0.452758565	0.000000000	-0.000000000
0.793000000	0.904611613	-0.452305807	0.000000000	-0.000000000
0.794000000	0.903707002	-0.451853501	0.000000000	-0.000000000
0.795000000	0.902803295	-0.451401647	0.000000000	-0.000000000
0.796000000	0.901900491	-0.450950246	0.000000000	-0.000000000
0.797000000	0.900998591	-0.450499295	0.000000000	-0.000000000
0.798000000	0.900097592	-0.450048796	0.000000000	-0.000000000
0.799000000	0.899197495	-0.449598747	0.000000000	-0.000000000
0.800000000	0.898298297	-0.449149149	0.000000000	-0.000000000
0.801000000	0.897399999	-0.448699999	0.000000000	-0.000000000
0.802000000	0.896502599	-0.448251299	0.000000000	-0.000000000
0.803000000	0.895606096	-0.447803048	0.000000000	-0.000000000
0.804000000	0.894710490	-0.447355245	0.000000000	-0.000000000
0.805000000	0.893815780	-0.446907890	0.000000000	-0.000000000
0.806000000	0.892921964	-0.446460982	0.000000000	-0.000000000
0.807000000	0.892029042	-0.446014521	0.000000000	-0.000000000
0.808000000	0.891137013	-0.445568506	0.000000000	-0.000000000
0.809000000	0.890245876	-0.445122938	0.000000000	-0.000000000
0.810000000	0.889355630	-0.444677815	0.000000000	-0.000000000
0.811000000	0.888466274	-0.444233137	0.000000000	-0.000000000
0.812000000	0.887577808	-0.443788904	0.000000000	-0.000000000
0.813000000	0.886690230	-0.443345115	0.000000000	-0.000000000
0.814000000	0.885803540	-0.442901770	0.000000000	-0.000000000
0.815000000	0.884917737	-0.442458868	0.000000000	-0.000000000
0.816000000	0.884032819	-0.442016409	0.000000000	-0.000000000
0.817000000	0.883148786	-0.441574393	0.000000000	-0.000000000
0.818000000	0.882265637	-0.441132819	0.000000000	-0.000000000
0.819000000	0.881383372	-0.440691686	0.000000000	-0.000000000
0.820000000	0.880501988	-0.440250994	0.000000000	-0.000000000
0.821000000	0.879621486	-0.439810743	0.000000000	-0.000000000
0.822000000	0.878741865	-0.439370932	0.000000000	-0.000000000
0.823000000	0.877863123	-0.438931561	0.000000000	-0.000000000
0.824000000	0.876985260	-0.438492630	0.000000000	-0.000000000
0.825000000	0.876108275	-0.438054137	0.000000000	-0.000000000
0.826000000	0.875232166	-0.437616083	0.000000000	-0.000000000
0.827000000	0.874356934	-0.437178467	0.000000000	-0.000000000
0.828000000	0.873482577	-0.436741289	0.000000000	-0.000000000
0.829000000	0.872609095	-0.436304547	0.000000000	-0.000000000
0.830000000	0.871736485	-0.435868243	0.000000000	-0.000000000
0.831000000	0.870864749	-0.435432374	0.000000000	-0.000000000
0.832000000	0.869993884	-0.434996942	0.000000000	-0.000000000
0.833000000	0.869123890	-0.434561945	0.000000000	-0.000000000
0.834000000	0.868254766	-0.434127383	0.000000000	-0.000000000
0.835000000	0.867386512	-0.433693256	0.000000000	-0.000000000
0.836000000	0.866519125	-0.433259563	0.000000000	-0.000000000
0.837000000	0.865652606	-0.432826303	0.000000000	-0.000000000
0.838000000	0.864786953	-0.432393477	0.000000000	-0.000000000
0.839000000	0.863922166	-0.431961083	0.000000000	-0.000000000
0.840000000	0.863058244	-0.431529122	0.000000000	-0.000000000
0.841000000	0.862195186	-0.431097593	0.000000000	-0.000000000
0.842000000	0.861332991	-0.430666495	0.000000000	-0.000000000
0.843000000	0.860471658	-0.430235829	0.000000000	-0.000000000
0.844000000	0.859611186	-0.429805593	0.000000000	-0.000000000
0.845000000	0.858751575	-0.429375788	0.000000000	-0.000000000
0.846000000	0.857892823	-0.428946412	0.000000000	-0.000000000
0.847000000	0.857034931	-0.428517465	0.000000000	-0.000000000
0.848000000	0.856177896	-0.428088948	0.000000000	-0.000000000
0.849000000	0.855321718	-0.427660859	0.000000000	-0.000000000
0.850000000	0.854466396	-0.427233198	0.000000000	-0.000000000
0.851000000	0.853611930	-0.426805965	0.000000000	-0.000000000
0.852000000	0.852758318	-0.426379159	0.000000000	-0.000000000
0.853000000	0.851905559	-0.425952780	0.000000000	-0.000000000
0.854000000	0.851053654	-0.425526827	0.000000000	-0.000000000
0.855000000	0.850202600	-0.425101300	0.000000000	-0.000000000
0.856000000	0.849352398	-0.424676199	0.000000000	-0.000000000
0.857000000	0.848503045	-0.424251523	0.000000000	-0.000000000
0.858000000	0.847654542	-0.423827271	0.000000000	-0.000000000
0.859000000	0.846806888	-0.423403444	0.000000000	-0.000000000
0.860000000	0.845960081	-0.422980040	0.000000000	-0.000000000
0.861000000	0.845114121	-0.422557060	0.000000000	-0.000000000
0.862000000	0.844269007	-0.422134503	0.000000000	-0.000000000
0.863000000	0.843424738	-0.421712369	0.000000000	-0.000000000
0.864000000	0.842581313	-0.421290656	0.000000000	-0.000000000
0.865000000	0.841738732	-0.420869366	0.000000000	-0.000000000
0.866000000	0.840896993	-0.420448496	0.000000000	-0.000000000
0.867000000	0.840056096	-0.420028048	0.000000000	-0.000000000
0.868000000	0.839216040	-0.419608020	0.000000000	-0.000000000
0.869000000	0.838376824	-0.419188412	0.000000000	-0.000000000
0.870000000	0.837538447	-0.418769223	0.000000000	-0.000000000
0.871000000	0.836700908	-0.418350454	0.000000000	-0.000000000
0.872000000	0.835864207	-0.417932104	0.000000000	-0.000000000
0.873000000	0.835028343	-0.417514172	0.000000000	-0.000000000
0.874000000	0.834193315	-0.417096657	0.000000000	-0.000000000
0.875000000	0.833359122	-0.416679561	0.000000000	-0.000000000
0.876000000	0.832525763	-0.416262881	0.000000000	-0.000000000
0.877000000	0.831693237	-0.415846618	0.000000000	-0.000000000
0.878000000	0.830861544	-0.415430772	0.000000000	-0.000000000
0.879000000	0.830030682	-0.415015341	0.000000000	-0.000000000
0.880000000	0.829200651	-0.414600326	0.000000000	-0.000000000
0.881000000	0.828371451	-0.414185725	0.000000000	-0.000000000
0.882000000	0.827543079	-0.413771540	0.000000000	-0.000000000
0.883000000	0.826715536	-0.413357768	0.000000000	-0.000000000
0.884000000	0.825888821	-0.412944410	0.000000000	-0.000000000
0.885000000	0.825062932	-0.412531466	0.000000000	-0.000000000
0.886000000	0.824237869	-0.412118934	0.000000000	-0.000000000
0.887000000	0.823413631	-0.411706815	0.000000000	-0.000000000
0.888000000	0.822590217	-0.411295109	0.000000000	-0.000000000
0.889000000	0.821767627	-0.410883814	0.000000000	-0.000000000
0.890000000	0.820945859	-0.410472930	0.000000000	-0.000000000
0.891000000	0.820124914	-0.410062457	0.000000000	-0.000000000
0.892000000	0.819304789	-0.409652394	0.000000000	-0.000000000
0.893000000	0.818485484	-0.409242742	0.000000000	-0.000000000
0.894000000	0.817666998	-0.408833499	0.000000000	-0.000000000
0.895000000	0.816849331	-0.408424666	0.000000000	-0.000000000
0.896000000	0.816032482	-0.408016241	0.000000000	-0.000000000
0.897000000	0.815216450	-0.407608225	0.000000000	-0.000000000
0.898000000	0.814401233	-0.407200617	0.000000000	-0.000000000
0.899000000	0.813586832	-0.406793416	0.000000000	-0.000000000
0.900000000	0.812773245	-0.406386623	0.000000000	-0.000000000
0.901000000	0.811960472	-0.405980236	0.000000000	-0.000000000
0.902000000	0.811148511	-0.405574256	0.000000000	-0.000000000
0.903000000	0.810337363	-0.405168681	0.000000000	-0.000000000
0.904000000	0.809527025	-0.404763513	0.000000000	-0.000000000
0.905000000	0.808717498	-0.404358749	0.000000000	-0.000000000
0.906000000	0.807908781	-0.403954390	0.000000000	-0.000000000
0.907000000	0.807100872	-0.403550436	0.000000000	-0.000000000
0.908000000	0.806293771	-0.403146886	0.000000000	-0.000000000
0.909000000	0.805487478	-0.402743739	0.000000000	-0.000000000
0.910000000	0.804681990	-0.402340995	0.000000000	-0.000000000
0.911000000	0.803877308	-0.401938654	0.000000000	-0.000000000
0.912000000	0.803073431	-0.401536715	0.000000000	-0.000000000
0.913000000	0.802270357	-0.401135179	0.000000000	-0.000000000
0.914000000	0.801468087	-0.400734043	0.000000000	-0.000000000
0.915000000	0.800666619	-0.400333309	0.000000000	-0.000000000
0.916000000	0.799865952	-0.399932976	0.000000000	-0.000000000
0.917000000	0.799066086	-0.399533043	0.000000000	-0.000000000
0.918000000	0.798267020	-0.399133510	0.000000000	-0.000000000
0.919000000	0.797468753	-0.398734377	0.000000000	-0.000000000
0.920000000	0.796671284	-0.398335642	0.000000000	-0.000000000
0.921000000	0.795874613	-0.397937307	0.000000000	-0.000000000
0.922000000	0.795078739	-0.397539369	0.000000000	-0.000000000
0.923000000	0.794283660	-0.397141830	0.000000000	-0.000000000
0.924000000	0.793489376	-0.396744688	0.000000000	-0.000000000
0.925000000	0.792695887	-0.396347943	0.000000000	-0.000000000
0.926000000	0.791903191	-0.395951595	0.000000000	-0.000000000
0.927000000	0.791111288	-0.395555644	0.000000000	-0.000000000
0.928000000	0.790320176	-0.395160088	0.000000000	-0.000000000
0.929000000	0.789529856	-0.394764928	0.000000000	-0.000000000
0.930000000	0.788740326	-0.394370163	0.000000000	-0.000000000
0.931000000	0.787951586	-0.393975793	0.000000000	-0.000000000
0.932000000	0.787163634	-0.393581817	0.000000000	-0.000000000
0.933000000	0.786376471	-0.393188235	0.000000000	-0.000000000
0.934000000	0.785590094	-0.392795047	0.000000000	-0.000000000
0.935000000	0.784804504	-0.392402252	0.000000000	-0.000000000
0.936000000	0.784019700	-0.392009850	0.000000000	-0.000000000
0.937000000	0.783235680	-0.391617840	0.000000000	-0.000000000
0.938000000	0.782452444	-0.391226222	0.000000000	-0.000000000
0.939000000	0.781669992	-0.390834996	0.000000000	-0.000000000
0.940000000	0.780888322	-0.390444161	0.000000000	-0.000000000
0.941000000	0.780107434	-0.390053717	0.000000000	-0.000000000
0.942000000	0.779327326	-0.389663663	0.000000000	-0.000000000
0.943000000	0.778547999	-0.389273999	0.000000000	-0.000000000
0.944000000	0.777769451	-0.388884725	0.000000000	-0.000000000
0.945000000	0.776991681	-0.388495841	0.000000000	-0.000000000
0.946000000	0.776214690	-0.388107345	0.000000000	-0.000000000
0.947000000	0.775438475	-0.387719238	0.000000000	-0.000000000
0.948000000	0.774663037	-0.387331518	0.000000000	-0.000000000
0.949000000	0.773888374	-0.386944187	0.000000000	-0.000000000
0.950000000	0.773114485	-0.386557243	0.000000000	-0.000000000
0.951000000	0.772341371	-0.386170685	0.000000000	-0.000000000
0.952000000	0.771569029	-0.385784515	0.000000000	-0.000000000
0.953000000	0.770797460	-0.385398730	0.000000000	-0.000000000
0.954000000	0.770026663	-0.385013331	0.000000000	-0.000000000
0.955000000	0.769256636	-0.384628318	0.000000000	-0.000000000
0.956000000	0.768487380	-0.384243690	0.000000000	-0.000000000
0.957000000	0.767718892	-0.383859446	0.000000000	-0.000000000
0.958000000	0.766951173	-0.383475587	0.000000000	-0.000000000
0.959000000	0.766184222	-0.383092111	0.000000000	-0.000000000
0.960000000	0.765418038	-0.382709019	0.000000000	-0.000000000
0.961000000	0.764652620	-0.382326310	0.000000000	-0.000000000
0.962000000	0.763887967	-0.381943984	0.000000000	-0.000000000
0.963000000	0.763124079	-0.381562040	0.000000000	-0.000000000
0.964000000	0.762360955	-0.381180478	0.000000000	-0.000000000
0.965000000	0.761598594	-0.380799297	0.000000000	-0.000000000
0.966000000	0.760836996	-0.380418498	0.000000000	-0.000000000
0.967000000	0.760076159	-0.380038079	0.000000000	-0.000000000
0.968000000	0.759316082	-0.379658041	0.000000000	-0.000000000
0.969000000	0.758556766	-0.379278383	0.000000000	-0.000000000
0.970000000	0.757798210	-0.378899105	0.000000000	-0.000000000
0.971000000	0.757040411	-0.378520206	0.000000000	-0.000000000
0.972000000	0.756283371	-0.378141685	0.000000000	-0.000000000
0.973000000	0.755527088	-0.377763544	0.000000000	-0.000000000
0.974000000	0.754771561	-0.377385780	0.000000000	-0.000000000
0.975000000	0.754016789	-0.377008394	0.000000000	-0.000000000
0.976000000	0.753262772	-0.376631386	0.000000000	-0.000000000
0.977000000	0.752509509	-0.376254755	0.000000000	-0.000000000
0.978000000	0.751757000	-0.375878500	0.000000000	-0.000000000
0.979000000	0.751005243	-0.375502621	0.000000000	-0.000000000
0.980000000	0.750254238	-0.375127119	0.000000000	-0.000000000
0.981000000	0.749503983	-0.374751992	0.000000000	-0.000000000
0.982000000	0.748754479	-0.374377240	0.000000000	-0.000000000
0.983000000	0.748005725	-0.374002862	0.000000000	-0.000000000
0.984000000	0.747257719	-0.373628860	0.000000000	-0.000000000
0.985000000	0.746510462	-0.373255231	0.000000000	-0.000000000
0.986000000	0.745763951	-0.372881976	0.000000000	-0.000000000
0.987000000	0.745018187	-0.372509094	0.000000000	-0.000000000
0.988000000	0.744273169	-0.372136584	0.000000000	-0.000000000
0.989000000	0.743528896	-0.371764448	0.000000000	-0.000000000
0.990000000	0.742785367	-0.371392683	0.000000000	-0.000000000
0.991000000	0.742042581	-0.371021291	0.000000000	-0.000000000
0.992000000	0.741300539	-0.370650269	0.000000000	-0.000000000
0.993000000	0.740559238	-0.370279619	0.000000000	-0.000000000
0.994000000	0.739818679	-0.369909340	0.000000000	-0.000000000
0.995000000	0.739078860	-0.369539430	0.000000000	-0.000000000
0.996000000	0.738339782	-0.369169891	0.000000000	-0.000000000
0.997000000	0.737601442	-0.368800721	0.000000000	-0.000000000
0.998000000	0.736863840	-0.368431920	0.000000000	-0.000000000
0.999000000	0.736126977	-0.368063488	0.000000000	-0.000000000
