-3.129	0.001953	0.7511
-3.117	0.2465	0.245
-3.105	-0.2458	-0.001946
-3.093	-0.001957	-0.00194
-3.08	-0.001962	-0.001933
-3.068	-0.001965	-0.001926
-3.056	-0.001969	-0.001919
-3.043	-0.001972	-0.001912
-3.031	-0.001974	-0.001904
-3.019	-0.001976	-0.001897
-3.007	-0.001978	-0.001889
-2.994	-0.001979	-0.001881
-2.982	-0.001979	-0.001873
-2.97	-0.001979	-0.001865
-2.958	-0.001979	-0.001857
-2.945	-0.001978	-0.001848
-2.933	-0.001976	-0.00184
-2.921	-0.001975	-0.001831
-2.908	-0.001972	-0.001823
-2.896	-0.001969	-0.001814
-2.884	-0.001966	-0.001805
-2.872	-0.001962	-0.001796
-2.859	-0.001958	-0.001787
-2.847	-0.001953	-0.001778
-2.835	-0.001948	-0.001769
-2.823	-0.001942	-0.001759
-2.81	-0.001936	-0.00175
-2.798	-0.001929	-0.00174
-2.786	-0.001922	-0.001731
-2.773	-0.001914	-0.001721
-2.761	-0.001906	-0.001712
-2.749	-0.001898	-0.001702
-2.737	-0.001888	-0.001692
-2.724	-0.001879	-0.001683
-2.712	-0.001869	-0.001673
-2.7	-0.001859	-0.001663
-2.688	-0.001848	-0.001653
-2.675	-0.001836	-0.001643
-2.663	-0.001825	-0.001633
-2.651	-0.001813	-0.001623
-2.638	-0.0018	-0.001613
-2.626	-0.001787	-0.001603
-2.614	-0.001773	-0.001594
-2.602	-0.001759	-0.001584
-2.589	-0.001745	-0.001574
-2.577	-0.00173	-0.001564
-2.565	-0.001715	-0.001554
-2.553	-0.001699	-0.001544
-2.54	-0.001683	-0.001534
-2.528	-0.001667	-0.001524
-2.516	-0.00165	-0.001514
-2.503	-0.001633	-0.001504
-2.491	-0.001615	-0.001494
-2.479	-0.001597	-0.001485
-2.467	-0.001579	-0.001475
-2.454	-0.00156	-0.001465
-2.442	-0.001541	-0.001455
-2.43	-0.001522	-0.001446
-2.418	-0.001502	-0.001436
-2.405	-0.001482	-0.001427
-2.393	-0.001461	-0.001417
-2.381	-0.00144	-0.001408
-2.368	-0.001419	-0.001398
-2.356	-0.001398	-0.001389
-2.344	-0.001376	-0.00138
-2.332	-0.001354	-0.001371
-2.319	-0.001331	-0.001361
-2.307	-0.001308	-0.001352
-2.295	-0.001285	-0.001343
-2.283	-0.001262	-0.001334
-2.27	-0.001238	-0.001326
-2.258	-0.001214	-0.001317
-2.246	-0.00119	-0.001308
-2.233	-0.001165	-0.0013
-2.221	-0.00114	-0.001291
-2.209	-0.001115	-0.001283
-2.197	-0.00109	-0.001274
-2.184	-0.001064	-0.001266
-2.172	-0.001039	-0.001258
-2.16	-0.001013	-0.00125
-2.148	-0.0009864	-0.001242
-2.135	-0.0009599	-0.001234
-2.123	-0.0009332	-0.001226
-2.111	-0.0009062	-0.001219
-2.098	-0.0008791	-0.001211
-2.086	-0.0008518	-0.001203
-2.074	-0.0008244	-0.001196
-2.062	-0.0007967	-0.001189
-2.049	-0.0007689	-0.001182
-2.037	-0.0007409	-0.001174
-2.025	-0.0007127	-0.001167
-2.013	-0.0006844	-0.001161
-2	-0.0006559	-0.001154
-1.988	-0.0006273	-0.001147
-1.976	-0.0005986	-0.00114
-1.963	-0.0005698	-0.001134
-1.951	-0.0005408	-0.001128
-1.939	-0.0005117	-0.001121
-1.927	-0.0004826	-0.001115
-1.914	-0.0004533	-0.001109
-1.902	-0.000424	-0.001103
-1.89	-0.0003945	-0.001097
-1.878	-0.000365	-0.001091
-1.865	-0.0003355	-0.001086
-1.853	-0.0003058	-0.00108
-1.841	-0.0002761	-0.001075
-1.829	-0.0002464	-0.001069
-1.816	-0.0002167	-0.001064
-1.804	-0.0001869	-0.001059
-1.792	-0.0001571	-0.001054
-1.779	-0.0001272	-0.001049
-1.767	-9.74e-05	-0.001044
-1.755	-6.756e-05	-0.001039
-1.743	-3.773e-05	-0.001034
-1.73	-7.904e-06	-0.00103
-1.718	2.19e-05	-0.001025
-1.706	5.167e-05	-0.001021
-1.694	8.142e-05	-0.001016
-1.681	0.0001111	-0.001012
-1.669	0.0001408	-0.001008
-1.657	0.0001704	-0.001004
-1.644	0.0001999	-0.0009995
-1.632	0.0002294	-0.0009955
-1.62	0.0002588	-0.0009916
-1.608	0.0002881	-0.0009877
-1.595	0.0003174	-0.000984
-1.583	0.0003465	-0.0009803
-1.571	0.0003756	-0.0009766
-1.559	0.0004045	-0.000973
-1.546	0.0004334	-0.0009695
-1.534	0.0004621	-0.000966
-1.522	0.0004907	-0.0009626
-1.509	0.0005191	-0.0009593
-1.497	0.0005474	-0.000956
-1.485	0.0005756	-0.0009527
-1.473	0.0006037	-0.0009495
-1.46	0.0006315	-0.0009463
-1.448	0.0006593	-0.0009432
-1.436	0.0006868	-0.0009401
-1.424	0.0007142	-0.000937
-1.411	0.0007414	-0.000934
-1.399	0.0007684	-0.000931
-1.387	0.0007953	-0.000928
-1.374	0.0008219	-0.000925
-1.362	0.0008484	-0.0009221
-1.35	0.0008746	-0.0009192
-1.338	0.0009006	-0.0009162
-1.325	0.0009264	-0.0009133
-1.313	0.000952	-0.0009104
-1.301	0.0009774	-0.0009075
-1.289	0.001003	-0.0009046
-1.276	0.001027	-0.0009017
-1.264	0.001052	-0.0008988
-1.252	0.001077	-0.0008959
-1.239	0.001101	-0.000893
-1.227	0.001125	-0.00089
-1.215	0.001148	-0.0008871
-1.203	0.001172	-0.0008841
-1.19	0.001195	-0.0008811
-1.178	0.001218	-0.000878
-1.166	0.001241	-0.000875
-1.154	0.001263	-0.0008718
-1.141	0.001285	-0.0008687
-1.129	0.001307	-0.0008655
-1.117	0.001328	-0.0008622
-1.104	0.001349	-0.0008589
-1.092	0.00137	-0.0008556
-1.08	0.001391	-0.0008522
-1.068	0.001411	-0.0008487
-1.055	0.001431	-0.0008452
-1.043	0.001451	-0.0008416
-1.031	0.00147	-0.0008379
-1.019	0.00149	-0.0008341
-1.006	0.001508	-0.0008303
-0.994	0.001527	-0.0008264
-0.9817	0.001545	-0.0008224
-0.9695	0.001563	-0.0008183
-0.9572	0.00158	-0.0008141
-0.9449	0.001598	-0.0008099
-0.9327	0.001615	-0.0008055
-0.9204	0.001631	-0.000801
-0.9081	0.001647	-0.0007964
-0.8958	0.001663	-0.0007918
-0.8836	0.001679	-0.000787
-0.8713	0.001694	-0.0007821
-0.859	0.001709	-0.000777
-0.8468	0.001723	-0.0007719
-0.8345	0.001738	-0.0007666
-0.8222	0.001752	-0.0007612
-0.8099	0.001765	-0.0007557
-0.7977	0.001778	-0.00075
-0.7854	0.001791	-0.0007442
-0.7731	0.001804	-0.0007383
-0.7609	0.001816	-0.0007322
-0.7486	0.001828	-0.000726
-0.7363	0.001839	-0.0007196
-0.724	0.001851	-0.0007131
-0.7118	0.001861	-0.0007064
-0.6995	0.001872	-0.0006996
-0.6872	0.001882	-0.0006926
-0.675	0.001892	-0.0006854
-0.6627	0.001901	-0.0006781
-0.6504	0.001911	-0.0006706
-0.6381	0.001919	-0.000663
-0.6259	0.001928	-0.0006552
-0.6136	0.001936	-0.0006472
-0.6013	0.001944	-0.000639
-0.589	0.001951	-0.0006307
-0.5768	0.001958	-0.0006222
-0.5645	0.001965	-0.0006135
-0.5522	0.001972	-0.0006046
-0.54	0.001978	-0.0005955
-0.5277	0.001984	-0.0005863
-0.5154	0.001989	-0.0005769
-0.5031	0.001994	-0.0005672
-0.4909	0.001999	-0.0005574
-0.4786	0.002004	-0.0005474
-0.4663	0.002008	-0.0005372
-0.4541	0.002012	-0.0005268
-0.4418	0.002015	-0.0005162
-0.4295	0.002019	-0.0005054
-0.4172	0.002022	-0.0004944
-0.405	0.002024	-0.0004832
-0.3927	0.002027	-0.0004718
-0.3804	0.002029	-0.0004603
-0.3682	0.00203	-0.0004484
-0.3559	0.002032	-0.0004364
-0.3436	0.002033	-0.0004242
-0.3313	0.002034	-0.0004118
-0.3191	0.002034	-0.0003992
-0.3068	0.002035	-0.0003864
-0.2945	0.002035	-0.0003734
-0.2823	0.002034	-0.0003602
-0.27	0.002034	-0.0003467
-0.2577	0.002033	-0.0003331
-0.2454	0.002032	-0.0003192
-0.2332	0.002031	-0.0003052
-0.2209	0.002029	-0.0002909
-0.2086	0.002027	-0.0002765
-0.1963	0.002025	-0.0002618
-0.1841	0.002023	-0.0002469
-0.1718	0.00202	-0.0002319
-0.1595	0.002017	-0.0002166
-0.1473	0.002014	-0.0002011
-0.135	0.002011	-0.0001854
-0.1227	0.002007	-0.0001695
-0.1104	0.002003	-0.0001535
-0.09817	0.001999	-0.0001372
-0.0859	0.001995	-0.0001207
-0.07363	0.00199	-0.000104
-0.06136	0.001986	-8.718e-05
-0.04909	0.001981	-7.012e-05
-0.03682	0.001976	-5.287e-05
-0.02454	0.00197	-3.544e-05
-0.01227	0.001965	-1.78e-05
0	0.001959	0
0.01227	0.001953	2.396e-05
0.02454	0.001947	5.398e-05
0.03682	0.00194	8.409e-05
0.04909	0.001933	0.0001143
0.06136	0.001925	0.0001446
0.07363	0.001917	0.0001749
0.0859	0.001908	0.0002053
0.09817	0.001899	0.0002358
0.1104	0.001889	0.0002664
0.1227	0.001879	0.0002969
0.135	0.001869	0.0003275
0.1473	0.001858	0.0003582
0.1595	0.001847	0.0003888
0.1718	0.001835	0.0004195
0.1841	0.001822	0.0004502
0.1963	0.00181	0.0004808
0.2086	0.001796	0.0005115
0.2209	0.001783	0.0005421
0.2332	0.001769	0.0005727
0.2454	0.001754	0.0006033
0.2577	0.001739	0.0006338
0.27	0.001724	0.0006643
0.2823	0.001708	0.0006947
0.2945	0.001692	0.000725
0.3068	0.001675	0.0007553
0.3191	0.001658	0.0007854
0.3313	0.001641	0.0008155
0.3436	0.001623	0.0008455
0.3559	0.001605	0.0008754
0.3682	0.001587	0.0009052
0.3804	0.001568	0.0009348
0.3927	0.001549	0.0009643
0.405	0.001529	0.0009937
0.4172	0.001509	0.001023
0.4295	0.001488	0.001052
0.4418	0.001468	0.001081
0.4541	0.001447	0.00111
0.4663	0.001425	0.001138
0.4786	0.001404	0.001167
0.4909	0.001382	0.001195
0.5031	0.001359	0.001223
0.5154	0.001337	0.001251
0.5277	0.001314	0.001278
0.54	0.00129	0.001306
0.5522	0.001267	0.001333
0.5645	0.001243	0.00136
0.5768	0.001219	0.001387
0.589	0.001194	0.001413
0.6013	0.00117	0.001439
0.6136	0.001145	0.001465
0.6259	0.001119	0.001491
0.6381	0.001094	0.001517
0.6504	0.001068	0.001542
0.6627	0.001042	0.001567
0.675	0.001016	0.001591
0.6872	0.0009899	0.001616
0.6995	0.0009633	0.00164
0.7118	0.0009366	0.001663
0.724	0.0009096	0.001687
0.7363	0.0008824	0.00171
0.7486	0.0008551	0.001733
0.7609	0.0008276	0.001755
0.7731	0.0008	0.001777
0.7854	0.0007722	0.001799
0.7977	0.0007442	0.001821
0.8099	0.0007161	0.001842
0.8222	0.0006879	0.001863
0.8345	0.0006595	0.001883
0.8468	0.0006311	0.001903
0.859	0.0006025	0.001923
0.8713	0.0005738	0.001942
0.8836	0.0005451	0.001961
0.8958	0.0005162	0.00198
0.9081	0.0004873	0.001998
0.9204	0.0004583	0.002016
0.9327	0.0004293	0.002033
0.9449	0.0004002	0.002051
0.9572	0.0003711	0.002067
0.9695	0.0003419	0.002084
0.9817	0.0003127	0.002099
0.994	0.0002835	0.002115
1.006	0.0002543	0.00213
1.019	0.0002251	0.002145
1.031	0.0001959	0.002159
1.043	0.0001667	0.002173
1.055	0.0001376	0.002186
1.068	0.0001085	0.002199
1.08	7.938e-05	0.002212
1.092	5.036e-05	0.002224
1.104	2.14e-05	0.002236
1.117	-7.5e-06	0.002247
1.129	-3.632e-05	0.002258
1.141	-6.506e-05	0.002269
1.154	-9.37e-05	0.002279
1.166	-0.0001222	0.002289
1.178	-0.0001507	0.002298
1.19	-0.000179	0.002307
1.203	-0.0002072	0.002315
1.215	-0.0002352	0.002323
1.227	-0.0002632	0.00233
1.239	-0.0002909	0.002337
1.252	-0.0003185	0.002344
1.264	-0.000346	0.00235
1.276	-0.0003732	0.002356
1.289	-0.0004003	0.002361
1.301	-0.0004272	0.002366
1.313	-0.0004539	0.00237
1.325	-0.0004804	0.002374
1.338	-0.0005067	0.002378
1.35	-0.0005327	0.002381
1.362	-0.0005586	0.002383
1.374	-0.0005842	0.002386
1.387	-0.0006095	0.002387
1.399	-0.0006347	0.002389
1.411	-0.0006595	0.00239
1.424	-0.0006841	0.00239
1.436	-0.0007084	0.00239
1.448	-0.0007324	0.00239
1.46	-0.0007562	0.002389
1.473	-0.0007796	0.002388
1.485	-0.0008028	0.002386
1.497	-0.0008257	0.002384
1.509	-0.0008482	0.002381
1.522	-0.0008704	0.002378
1.534	-0.0008923	0.002375
1.546	-0.0009139	0.002371
1.559	-0.0009351	0.002367
1.571	-0.000956	0.002363
1.583	-0.0009765	0.002358
1.595	-0.0009967	0.002352
1.608	-0.001016	0.002346
1.62	-0.001036	0.00234
1.632	-0.001055	0.002333
1.644	-0.001074	0.002326
1.657	-0.001092	0.002319
1.669	-0.00111	0.002311
1.681	-0.001127	0.002303
1.694	-0.001145	0.002294
1.706	-0.001161	0.002286
1.718	-0.001178	0.002276
1.73	-0.001193	0.002267
1.743	-0.001209	0.002257
1.755	-0.001224	0.002246
1.767	-0.001239	0.002235
1.779	-0.001253	0.002224
1.792	-0.001267	0.002213
1.804	-0.00128	0.002201
1.816	-0.001293	0.002189
1.829	-0.001305	0.002176
1.841	-0.001317	0.002163
1.853	-0.001329	0.00215
1.865	-0.00134	0.002137
1.878	-0.00135	0.002123
1.89	-0.00136	0.002109
1.902	-0.00137	0.002095
1.914	-0.001379	0.00208
1.927	-0.001388	0.002065
1.939	-0.001396	0.002049
1.951	-0.001404	0.002034
1.963	-0.001411	0.002018
1.976	-0.001418	0.002002
1.988	-0.001424	0.001985
2	-0.00143	0.001969
2.013	-0.001435	0.001952
2.025	-0.00144	0.001934
2.037	-0.001444	0.001917
2.049	-0.001448	0.001899
2.062	-0.001452	0.001881
2.074	-0.001454	0.001863
2.086	-0.001457	0.001844
2.098	-0.001459	0.001826
2.111	-0.00146	0.001807
2.123	-0.001461	0.001788
2.135	-0.001461	0.001768
2.148	-0.001461	0.001749
2.16	-0.00146	0.001729
2.172	-0.001459	0.001709
2.184	-0.001458	0.001689
2.197	-0.001455	0.001669
2.209	-0.001453	0.001648
2.221	-0.00145	0.001628
2.233	-0.001446	0.001607
2.246	-0.001442	0.001586
2.258	-0.001437	0.001565
2.27	-0.001432	0.001544
2.283	-0.001426	0.001522
2.295	-0.00142	0.001501
2.307	-0.001414	0.001479
2.319	-0.001406	0.001457
2.332	-0.001399	0.001436
2.344	-0.001391	0.001414
2.356	-0.001382	0.001391
2.368	-0.001373	0.001369
2.381	-0.001364	0.001347
2.393	-0.001354	0.001325
2.405	-0.001343	0.001302
2.418	-0.001332	0.00128
2.43	-0.001321	0.001257
2.442	-0.001309	0.001234
2.454	-0.001297	0.001212
2.467	-0.001284	0.001189
2.479	-0.001271	0.001166
2.491	-0.001257	0.001143
2.503	-0.001243	0.00112
2.516	-0.001228	0.001097
2.528	-0.001213	0.001074
2.54	-0.001198	0.001052
2.553	-0.001182	0.001029
2.565	-0.001165	0.001006
2.577	-0.001149	0.0009826
2.589	-0.001131	0.0009596
2.602	-0.001114	0.0009366
2.614	-0.001096	0.0009137
2.626	-0.001077	0.0008908
2.638	-0.001059	0.0008678
2.651	-0.001039	0.000845
2.663	-0.00102	0.0008221
2.675	-0.0009999	0.0007993
2.688	-0.0009795	0.0007766
2.7	-0.0009588	0.0007538
2.712	-0.0009377	0.0007312
2.724	-0.0009163	0.0007086
2.737	-0.0008945	0.0006861
2.749	-0.0008723	0.0006636
2.761	-0.0008498	0.0006412
2.773	-0.000827	0.0006189
2.786	-0.0008038	0.0005967
2.798	-0.0007803	0.0005745
2.81	-0.0007565	0.0005525
2.823	-0.0007324	0.0005305
2.835	-0.0007079	0.0005087
2.847	-0.0006832	0.0004869
2.859	-0.0006582	0.0004653
2.872	-0.0006329	0.0004438
2.884	-0.0006073	0.0004224
2.896	-0.0005814	0.0004011
2.908	-0.0005553	0.0003799
2.921	-0.0005289	0.0003589
2.933	-0.0005022	0.000338
2.945	-0.0004753	0.0003172
2.958	-0.0004482	0.0002966
2.97	-0.0004209	0.0002761
2.982	-0.0003933	0.0002558
2.994	-0.0003655	0.0002356
3.007	-0.0003375	0.0002156
3.019	-0.0003093	0.0001957
3.031	-0.0002809	0.0001759
3.043	-0.0002523	0.0001564
3.056	-0.0002236	0.000137
3.068	-0.0001946	0.0001178
3.08	-0.0001655	9.869e-05
3.093	-0.0001363	7.981e-05
3.105	-0.0001069	6.109e-05
3.117	-7.737e-05	4.255e-05
3.129	-0.247	0.25
3.142	0.2561	-0.2485
