0.00000	101.06000	0.00000	-0.00000	5.34372	100.00000	0.00000	1000.00000	0.00000
0.10000	100.97400	0.52008	-1.66311	4.92751	99.99995	0.09578	999.99954	0.95785
0.20000	100.74573	0.96727	-2.79631	3.96870	99.99982	0.19157	999.99817	1.91570
0.30000	100.43424	1.31126	-3.35184	2.92287	99.99959	0.28735	999.99587	2.87354
0.40000	100.08804	1.55655	-3.52522	2.01225	99.99927	0.38314	999.99266	3.83139
0.50000	99.73606	1.71962	-3.48999	1.27720	99.99885	0.47892	999.98853	4.78923
0.60000	99.39351	1.81709	-3.34922	0.69499	99.99835	0.57471	999.98349	5.74706
0.70000	99.06789	1.86261	-3.15755	0.23272	99.99775	0.67049	999.97752	6.70490
0.80000	98.76274	1.86669	-2.94308	-0.13784	99.99706	0.76627	999.97064	7.66272
0.90000	98.47954	1.83737	-2.72025	-0.43818	99.99628	0.86205	999.96284	8.62054
1.00100	98.21623	1.78017	-2.49417	-0.68635	99.99540	0.95879	999.95403	9.58793
1.10200	97.97563	1.70019	-2.27080	-0.89091	99.99443	1.05553	999.94429	10.55530
1.20300	97.75737	1.60138	-2.05185	-1.06061	99.99336	1.15227	999.93361	11.52267
1.30400	97.56098	1.48690	-1.83792	-1.20193	99.99220	1.24900	999.92200	12.49003
1.40500	97.38594	1.35938	-1.62904	-1.31974	99.99094	1.34574	999.90945	13.45738
1.50600	97.23176	1.22098	-1.42490	-1.41771	99.98960	1.44247	999.89596	14.42471
1.60700	97.09797	1.07357	-1.22506	-1.49866	99.98815	1.53920	999.88154	15.39203
1.70800	96.98417	0.91876	-1.02897	-1.56474	99.98662	1.63593	999.86618	16.35934
1.80900	96.89001	0.75794	-0.83604	-1.61759	99.98499	1.73266	999.84988	17.32663
1.91000	96.81520	0.59241	-0.64570	-1.65845	99.98327	1.82939	999.83265	18.29390
2.01100	96.75951	0.42331	-0.45735	-1.68825	99.98145	1.92612	999.81449	19.26116
2.11200	96.72277	0.25173	-0.27041	-1.70762	99.97954	2.02284	999.79539	20.22840
2.21300	96.70486	0.07870	-0.08431	-1.71699	99.97753	2.11956	999.77535	21.19562
2.31400	96.70573	-0.09477	0.10154	-1.71653	99.97544	2.21628	999.75437	22.16282
2.41500	96.72538	-0.26770	0.28769	-1.70625	99.97325	2.31300	999.73247	23.13000
2.51600	96.76388	-0.43910	0.47474	-1.68593	99.97096	2.40972	999.70962	24.09716
2.61700	96.82133	-0.60791	0.66325	-1.65514	99.96858	2.50643	999.68584	25.06429
2.71800	96.89792	-0.77306	0.85380	-1.61321	99.96611	2.60314	999.66113	26.03140
2.81900	96.99389	-0.93337	1.04700	-1.55919	99.96355	2.69985	999.63547	26.99849
2.92000	97.10952	-1.08757	1.24341	-1.49181	99.96089	2.79656	999.60889	27.96555
3.02100	97.24518	-1.23421	1.44363	-1.40938	99.95814	2.89326	999.58136	28.93259
3.12200	97.40128	-1.37168	1.64819	-1.30970	99.95529	2.98996	999.55291	29.89960
3.22300	97.57828	-1.49810	1.85753	-1.18989	99.95235	3.08666	999.52351	30.86658
3.32400	97.77667	-1.61124	2.07193	-1.04617	99.94932	3.18335	999.49318	31.83353
3.42500	97.99698	-1.70845	2.29133	-0.87354	99.94619	3.28005	999.46192	32.80046
3.52600	98.23967	-1.78650	2.51505	-0.66534	99.94297	3.37673	999.42972	33.76735
3.62700	98.50510	-1.84135	2.74123	-0.41259	99.93966	3.47342	999.39659	34.73421
3.72800	98.79335	-1.86793	2.96586	-0.10303	99.93625	3.57010	999.36251	35.70104
3.82900	99.10389	-1.85969	3.18084	0.28015	99.93275	3.66678	999.32751	36.66783
3.93000	99.43503	-1.80810	3.37017	0.75981	99.92916	3.76346	999.29157	37.63459
4.03000	99.77927	-1.70333	3.50158	1.35911	99.92551	3.85917	999.25506	38.59174
4.13000	100.13157	-1.53105	3.51789	2.11517	99.92176	3.95489	999.21764	39.54886
4.23000	100.47540	-1.27436	3.30816	3.04698	99.91793	4.05059	999.17930	40.50594
4.33000	100.77964	-0.91741	2.69052	4.09936	99.91400	4.14630	999.14004	41.46299
4.43000	100.99343	-0.45860	1.47989	5.01862	99.90999	4.24200	999.09987	42.41999
4.53000	101.05864	0.06602	-0.21977	5.33688	99.90588	4.33770	999.05878	43.37696
4.63000	100.95236	0.58038	-1.83744	4.82796	99.90168	4.43339	999.01677	44.33389
4.73000	100.71056	1.01551	-2.89299	3.83710	99.89738	4.52908	998.97385	45.29078
4.83000	100.39257	1.34663	-3.38975	2.80105	99.89300	4.62476	998.93001	46.24762
4.93000	100.04444	1.58080	-3.52946	1.91208	99.88852	4.72044	998.88525	47.20443
5.03000	99.69301	1.73491	-3.47684	1.19764	99.88396	4.81612	998.83958	48.16119
5.13000	99.35224	1.82529	-3.32753	0.63199	99.87930	4.91179	998.79299	49.11790
5.23000	99.02902	1.86517	-3.13188	0.18245	99.87455	5.00746	998.74548	50.07457
5.33000	98.72653	1.86473	-2.91579	-0.17839	99.86971	5.10312	998.69706	51.03120
5.43000	98.44609	1.83175	-2.69253	-0.47126	99.86477	5.19878	998.64772	51.98777
5.53000	98.18804	1.77223	-2.46887	-0.71135	99.85975	5.29443	998.59747	52.94430
5.63000	97.95222	1.69087	-2.24812	-0.90980	99.85463	5.39008	998.54630	53.90079
5.73000	97.73826	1.59139	-2.03181	-1.07482	99.84942	5.48572	998.49421	54.85722
5.83000	97.54569	1.47681	-1.82044	-1.21252	99.84412	5.58136	998.44121	55.81360
5.93000	97.37401	1.34964	-1.61401	-1.32751	99.83873	5.67699	998.38729	56.76993
6.03000	97.22274	1.21195	-1.41220	-1.42328	99.83325	5.77262	998.33245	57.72621
6.13000	97.09143	1.06553	-1.21457	-1.50252	99.82767	5.86824	998.27670	58.68243
6.23000	96.97970	0.91193	-1.02058	-1.56728	99.82200	5.96386	998.22003	59.63861
6.33000	96.88721	0.75251	-0.82967	-1.61913	99.81625	6.05947	998.16245	60.59472
6.43000	96.81368	0.58849	-0.64128	-1.65927	99.81040	6.15508	998.10395	61.55078
6.53000	96.75889	0.42101	-0.45483	-1.68858	99.80445	6.25068	998.04454	62.50679
6.63000	96.72267	0.25112	-0.26975	-1.70767	99.79842	6.34627	997.98421	63.46274
6.73000	96.70492	0.07981	-0.08549	-1.71696	99.79230	6.44186	997.92296	64.41863
6.83000	96.70557	-0.09195	0.09852	-1.71662	99.78608	6.53745	997.86080	65.37446
6.93000	96.72463	-0.26320	0.28282	-1.70665	99.77977	6.63302	997.79773	66.33023
7.03000	96.76216	-0.43295	0.46797	-1.68684	99.77337	6.72859	997.73373	67.28593
7.13000	96.81827	-0.60022	0.65454	-1.65679	99.76688	6.82416	997.66883	68.24158
7.23000	96.89313	-0.76395	0.84310	-1.61586	99.76030	6.91972	997.60300	69.19717
7.33000	96.98698	-0.92300	1.03420	-1.56314	99.75363	7.01527	997.53627	70.15269
7.43000	97.10008	-1.07615	1.22843	-1.49741	99.74686	7.11081	997.46861	71.10815
7.53000	97.23278	-1.22200	1.42634	-1.41708	99.74000	7.20635	997.40004	72.06354
7.63000	97.38549	-1.35900	1.62846	-1.32004	99.73306	7.30189	997.33056	73.01886
7.73000	97.55863	-1.48536	1.83524	-1.20357	99.72602	7.39741	997.26016	73.97412
7.83000	97.75270	-1.59895	2.04696	-1.06410	99.71888	7.49293	997.18885	74.92931
7.93000	97.96819	-1.69726	2.26362	-0.89694	99.71166	7.58844	997.11662	75.88444
8.03000	98.20557	-1.77721	2.48463	-0.69584	99.70435	7.68395	997.04348	76.83949
8.13100	98.46792	-1.83547	2.71065	-0.44973	99.69687	7.78040	996.96867	77.80402
8.23200	98.75310	-1.86621	2.93585	-0.14871	99.68929	7.87685	996.89294	78.76848
8.33300	99.06069	-1.86312	3.15284	0.22334	99.68163	7.97329	996.81627	79.73286
8.43400	99.38922	-1.81798	3.34702	0.68838	99.67387	8.06972	996.73866	80.69717
8.53500	99.73509	-1.71997	3.48971	1.27537	99.66601	8.16614	996.66013	81.66141
8.63600	100.09058	-1.55510	3.52489	2.01817	99.65807	8.26256	996.58066	82.62557
8.73700	100.44000	-1.30621	3.34612	2.94001	99.65003	8.35896	996.50026	83.58965
8.83800	100.75330	-0.95643	2.77382	3.99756	99.64189	8.45537	996.41893	84.55365
8.93900	100.98009	-0.50170	1.60887	4.95587	99.63367	8.55176	996.33666	85.51757
9.04000	101.05980	0.02522	-0.08401	5.34272	99.62535	8.64814	996.25346	86.48142
9.14100	100.96425	0.54814	-1.74493	4.88242	99.61693	8.74452	996.16933	87.44518
9.24200	100.72675	0.99370	-2.84998	3.89722	99.60843	8.84089	996.08427	88.40886
9.34300	100.40827	1.33353	-3.37617	2.84650	99.59983	8.93725	995.99827	89.37246
9.44400	100.05728	1.57379	-3.52852	1.94130	99.59113	9.03360	995.91135	90.33597
9.54500	99.70219	1.73173	-3.47977	1.21444	99.58235	9.12994	995.82349	91.29940
9.64600	99.35770	1.82425	-3.33045	0.64025	99.57347	9.22627	995.73470	92.26275
9.74700	99.03102	1.86506	-3.13322	0.18502	99.56450	9.32260	995.64497	93.22601
9.84800	98.72549	1.86467	-2.91499	-0.17956	99.55543	9.41892	995.55432	94.18918
9.94900	98.44243	1.83111	-2.68948	-0.47485	99.54627	9.51523	995.46273	95.15226
10.05000	98.18222	1.77055	-2.46361	-0.71647	99.53702	9.61153	995.37021	96.11525
10.15100	97.94468	1.68780	-2.24078	-0.91584	99.52768	9.70782	995.27676	97.07816
10.25200	97.72943	1.58669	-2.02249	-1.08135	99.51824	9.80410	995.18238	98.04097
10.35300	97.53597	1.47030	-1.80925	-1.21922	99.50871	9.90037	995.08707	99.00369
10.45400	97.36379	1.34118	-1.60104	-1.33414	99.49908	9.99663	994.99082	99.96632
10.55500	97.21240	1.20146	-1.39752	-1.42965	99.48936	10.09289	994.89365	100.92886
10.65600	97.08135	1.05295	-1.19822	-1.50846	99.47955	10.18913	994.79554	101.89130
10.75700	96.97024	0.89724	-1.00259	-1.57266	99.46965	10.28536	994.69650	102.85364
10.85800	96.87872	0.73571	-0.81005	-1.62382	99.45965	10.38159	994.59653	103.81589
10.95900	96.80652	0.56963	-0.62001	-1.66313	99.44956	10.47780	994.49563	104.77804
11.06000	96.75341	0.40013	-0.43189	-1.69148	99.43938	10.57401	994.39380	105.74010
11.16100	96.71923	0.22829	-0.24510	-1.70948	99.42910	10.67020	994.29104	106.70205
11.26200	96.70388	0.05515	-0.05906	-1.71750	99.41873	10.76639	994.18735	107.66390
11.36300	96.70730	-0.11831	0.12679	-1.71572	99.40827	10.86257	994.08273	108.62566
11.46400	96.72950	-0.29109	0.31304	-1.70409	99.39772	10.95873	993.97717	109.58731
11.56500	96.77056	-0.46220	0.50024	-1.68238	99.38707	11.05489	993.87069	110.54886
11.66600	96.83060	-0.63058	0.68900	-1.65012	99.37633	11.15103	993.76328	111.51031
11.76700	96.90981	-0.79514	0.87988	-1.60661	99.36549	11.24716	993.65493	112.47165
11.86800	97.00843	-0.95470	1.07347	-1.55086	99.35457	11.34329	993.54566	113.43289
11.96900	97.12677	-1.10796	1.27038	-1.48154	99.34355	11.43940	993.43546	114.39402
12.07000	97.26518	-1.25346	1.47115	-1.39691	99.33243	11.53550	993.32433	115.35504
12.17100	97.42409	-1.38954	1.67634	-1.29469	99.32123	11.63160	993.21226	116.31596
12.27200	97.60396	-1.51429	1.88635	-1.17187	99.30993	11.72768	993.09927	117.27676
12.37300	97.80530	-1.62544	2.10145	-1.02455	99.29853	11.82375	992.98535	118.23746
12.47400	98.02862	-1.72025	2.32150	-0.84752	99.28705	11.91980	992.87050	119.19804
12.57500	98.27438	-1.79541	2.54569	-0.63386	99.27547	12.01585	992.75472	120.15852
12.67600	98.54292	-1.84675	2.77196	-0.37420	99.26380	12.11189	992.63801	121.11888
12.77700	98.83425	-1.86902	2.99588	-0.05574	99.25204	12.20791	992.52037	122.07913
12.87800	99.14772	-1.85545	3.20856	0.33905	99.24018	12.30393	992.40180	123.03927
12.97900	99.48142	-1.79717	3.39246	0.83397	99.22823	12.39993	992.28231	123.99928
13.08000	99.83090	-1.68258	3.51317	1.45980	99.21619	12.49592	992.16188	124.95919
13.18100	100.18677	-1.49674	3.50369	2.25006	99.20405	12.59190	992.04053	125.91897
13.28200	100.53016	-1.22199	3.23916	3.21816	99.19182	12.68786	991.91825	126.87864
13.38300	100.82586	-0.84312	2.52239	4.28360	99.17950	12.78382	991.79504	127.83819
13.48400	101.01842	-0.36350	1.18691	5.13826	99.16709	12.87976	991.67090	128.79762
13.58500	101.05087	0.17094	-0.56689	5.29792	99.15458	12.97569	991.54583	129.75693
13.68600	100.91143	0.67855	-2.10852	4.64502	99.14198	13.07161	991.41984	130.71612
13.78700	100.64606	1.09634	-3.04197	3.60545	99.12929	13.16752	991.29292	131.67519
13.88800	100.31489	1.40778	-3.44571	2.58359	99.11651	13.26341	991.16507	132.63413
13.98900	99.96070	1.62395	-3.52982	1.72743	99.10363	13.35929	991.03629	133.59295
14.09000	99.60743	1.76262	-3.44641	1.04527	99.09066	13.45516	990.90658	134.55164
14.19100	99.26726	1.83992	-3.28029	0.50650	99.07760	13.55102	990.77595	135.51021
14.29200	98.94609	1.86864	-3.07543	0.07832	99.06444	13.64686	990.64439	136.46865
14.39300	98.64656	1.85857	-2.85425	-0.26565	99.05119	13.74270	990.51190	137.42696
14.49400	98.36969	1.81715	-2.62814	-0.54506	99.03785	13.83851	990.37849	138.38515
14.59500	98.11565	1.75015	-2.40286	-0.77425	99.02441	13.93432	990.24415	139.34320
14.69600	97.88419	1.66209	-2.18116	-0.96373	99.01089	14.03011	990.10888	140.30113
14.79700	97.67489	1.55656	-1.96422	-1.12121	98.99727	14.12589	989.97269	141.25892
14.89800	97.48725	1.43648	-1.75236	-1.25245	98.98356	14.22166	989.83556	142.21658
14.99900	97.32075	1.30430	-1.54546	-1.36180	98.96975	14.31741	989.69752	143.17411
15.10000	97.17491	1.16203	-1.34313	-1.45255	98.95585	14.41315	989.55854	144.13150
15.20100	97.04929	1.01142	-1.14488	-1.52722	98.94186	14.50888	989.41864	145.08876
15.30200	96.94352	0.85400	-0.95015	-1.58775	98.92778	14.60459	989.27782	146.04588
15.40300	96.85727	0.69112	-0.75835	-1.63559	98.91361	14.70029	989.13607	147.00287
15.50400	96.79026	0.52400	-0.56889	-1.67186	98.89934	14.79597	988.99339	147.95972
15.60500	96.74229	0.35377	-0.38118	-1.69736	98.88498	14.89164	988.84978	148.91643
15.70600	96.71322	0.18148	-0.19465	-1.71262	98.87053	14.98730	988.70526	149.87300
15.80700	96.70295	0.00815	-0.00872	-1.71798	98.85598	15.08294	988.55980	150.82943
15.90800	96.71146	-0.16522	0.17718	-1.71355	98.84134	15.17857	988.41342	151.78572
16.00900	96.73876	-0.33765	0.36363	-1.69922	98.82661	15.27419	988.26612	152.74187
16.10900	96.78440	-0.50645	0.54933	-1.67500	98.81194	15.36884	988.11936	153.68841
16.20900	96.84868	-0.67230	0.73670	-1.64029	98.79717	15.46348	987.97170	154.63481
16.30900	96.93181	-0.83413	0.92630	-1.59433	98.78231	15.55811	987.82313	155.58106
16.40900	97.03403	-0.99076	1.11870	-1.53609	98.76737	15.65272	987.67365	156.52718
16.50900	97.15566	-1.14089	1.31447	-1.46420	98.75233	15.74731	987.52327	157.47315
16.60900	97.29706	-1.28308	1.51416	-1.37685	98.73720	15.84190	987.37198	158.41897
16.70900	97.45864	-1.41567	1.71827	-1.27170	98.72198	15.93647	987.21979	159.36466
16.80900	97.64087	-1.53673	1.92719	-1.14567	98.70667	16.03102	987.06669	160.31019
16.90900	97.84425	-1.64398	2.14109	-0.99475	98.69127	16.12556	986.91268	161.25558
17.00900	98.06925	-1.73467	2.35977	-0.81363	98.67578	16.22008	986.75777	162.20082
17.10900	98.31633	-1.80546	2.58228	-0.59521	98.66020	16.31459	986.60195	163.14591
17.20900	98.58576	-1.85216	2.80632	-0.32993	98.64452	16.40908	986.44523	164.09085
17.30900	98.87749	-1.86946	3.02710	-0.00474	98.62876	16.50356	986.28760	165.03564
17.40900	99.19076	-1.85052	3.23507	0.39817	98.61291	16.59803	986.12907	165.98028
17.50900	99.52347	-1.78644	3.41158	0.90284	98.59696	16.69248	985.96964	166.92477
17.60900	99.87086	-1.66554	3.52030	1.53991	98.58093	16.78691	985.80929	167.86910
17.70900	100.22300	-1.47296	3.49108	2.34140	98.56480	16.88133	985.64805	168.81328
17.80900	100.56027	-1.19141	3.19520	3.31543	98.54859	16.97573	985.48590	169.75730
17.90900	100.84659	-0.80696	2.43616	4.36867	98.53228	17.07012	985.32285	170.70117
18.00900	101.02672	-0.32553	1.06713	5.17860	98.51589	17.16449	985.15889	171.64488
18.10900	101.04692	0.20458	-0.67714	5.27818	98.49940	17.25884	984.99403	172.58844
18.20900	100.89995	0.70332	-2.17419	4.59492	98.48283	17.35318	984.82826	173.53184
18.30900	100.63273	1.11196	-3.06881	3.55910	98.46616	17.44751	984.66159	174.47507
18.40900	100.30330	1.41641	-3.45258	2.55217	98.44940	17.54182	984.49402	175.41815
18.50900	99.95237	1.62801	-3.52934	1.70960	98.43255	17.63611	984.32554	176.36107
18.60900	99.60274	1.76403	-3.44458	1.03714	98.41562	17.73038	984.15616	177.30382
18.70900	99.26608	1.84010	-3.27961	0.50480	98.39859	17.82464	983.98588	178.24641
18.80900	98.94806	1.86860	-3.07680	0.08075	98.38147	17.91888	983.81470	179.18884
18.90900	98.65125	1.85900	-2.85790	-0.26062	98.36426	18.01311	983.64261	180.13111
19.00900	98.37664	1.81858	-2.63406	-0.53844	98.34696	18.10732	983.46962	181.07320
19.10900	98.12441	1.75296	-2.41093	-0.76674	98.32957	18.20151	983.29573	182.01514
19.20900	97.89433	1.66654	-2.19125	-0.95577	98.31209	18.29569	983.12093	182.95690
19.30900	97.68600	1.56286	-1.97620	-1.11315	98.29452	18.38985	982.94524	183.89850
19.40900	97.49893	1.44478	-1.76614	-1.24453	98.27686	18.48399	982.76864	184.83993
19.50900	97.33261	1.31467	-1.56095	-1.35421	98.25911	18.57812	982.59114	185.78119
19.60900	97.18659	1.17455	-1.36028	-1.44545	98.24127	18.67223	982.41274	186.72228
19.70900	97.06042	1.02612	-1.16365	-1.52073	98.22334	18.76632	982.23344	187.66320
19.80900	96.95374	0.87087	-0.97052	-1.58199	98.20532	18.86039	982.05323	188.60394
19.90900	96.86622	0.71014	-0.78032	-1.63069	98.18721	18.95445	981.87213	189.54451
20.00900	96.79760	0.54511	-0.59249	-1.66793	98.16901	19.04849	981.69012	190.48491
20.10900	96.74766	0.37691	-0.40645	-1.69452	98.15072	19.14251	981.50722	191.42514
20.20900	96.71627	0.20655	-0.22164	-1.71103	98.13234	19.23652	981.32341	192.36518
20.30900	96.70331	0.03502	-0.03750	-1.71779	98.11387	19.33051	981.13870	193.30506
20.40900	96.70876	-0.13669	0.14653	-1.71495	98.09531	19.42447	980.95310	194.24475
20.50900	96.73263	-0.30764	0.33100	-1.70245	98.07666	19.51843	980.76659	195.18427
20.60900	96.77500	-0.47685	0.51647	-1.68002	98.05792	19.61236	980.57918	196.12360
20.70900	96.83598	-0.64330	0.70350	-1.64720	98.03909	19.70628	980.39088	197.06276
20.80900	96.91577	-0.80592	0.89266	-1.60329	98.02017	19.80017	980.20167	198.00174
20.90900	97.01460	-0.96356	1.08453	-1.54731	98.00116	19.89405	980.01156	198.94053
21.00900	97.13278	-1.11494	1.27967	-1.47795	97.98206	19.98791	979.82056	199.87914
21.10900	97.27066	-1.25864	1.47863	-1.39348	97.96287	20.08176	979.62866	200.81757
21.20900	97.42865	-1.39306	1.68193	-1.29167	97.94359	20.17558	979.43585	201.75582
21.30900	97.60721	-1.51630	1.88997	-1.16958	97.92422	20.26939	979.24215	202.69387
21.40900	97.80681	-1.62617	2.10300	-1.02340	97.90476	20.36317	979.04755	203.63175
21.50900	98.02797	-1.72001	2.32088	-0.84806	97.88521	20.45694	978.85206	204.56943
21.60900	98.27113	-1.79459	2.54283	-0.63684	97.86557	20.55069	978.65566	205.50693
21.70900	98.53661	-1.84589	2.76686	-0.38065	97.84584	20.64442	978.45837	206.44424
21.80900	98.82443	-1.86882	2.98873	-0.06717	97.82602	20.73814	978.26017	207.38136
21.90900	99.13401	-1.85685	3.19997	0.32048	97.80611	20.83183	978.06109	208.31830
22.00900	99.46353	-1.80150	3.38401	0.80514	97.78611	20.92550	977.86110	209.25503
22.10900	99.80886	-1.69161	3.50854	1.41642	97.76602	21.01916	977.66022	210.19158
22.20900	100.16123	-1.51289	3.51099	2.18704	97.74584	21.11279	977.45844	211.12794
22.30900	100.50319	-1.24828	3.27481	3.13295	97.72558	21.20641	977.25576	212.06410
22.40900	100.80203	-0.88243	2.61290	4.18768	97.70522	21.30001	977.05219	213.00006
22.50900	101.00538	-0.41600	1.34998	5.07546	97.68477	21.39358	976.84772	213.93584
22.60900	101.05616	0.11102	-0.36912	5.32437	97.66423	21.48714	976.64235	214.87141
22.70900	100.93636	0.62083	-1.95113	4.75566	97.64361	21.58068	976.43609	215.80679
22.80900	100.68588	1.04752	-2.95397	3.74702	97.62289	21.67420	976.22893	216.74197
22.90900	100.36386	1.36993	-3.41253	2.71926	97.60209	21.76769	976.02087	217.67695
23.00900	100.01464	1.59666	-3.53070	1.84524	97.58119	21.86117	975.81192	218.61173
23.10900	99.66370	1.74480	-3.46704	1.14462	97.56021	21.95463	975.60208	219.54631
23.20900	99.32422	1.83045	-3.31232	0.59000	97.53913	22.04807	975.39134	220.48069
23.30900	99.00266	1.86657	-3.11418	0.14891	97.51797	22.14149	975.17971	221.41486
23.40900	98.70201	1.86312	-2.89709	-0.20549	97.49672	22.23488	974.96718	222.34884
23.50900	98.42345	1.82769	-2.67360	-0.49337	97.47538	22.32826	974.75375	223.28261
23.60900	98.16728	1.76616	-2.45009	-0.72957	97.45394	22.42162	974.53943	224.21617
23.70900	97.93333	1.68313	-2.22968	-0.92491	97.43242	22.51495	974.32422	225.14953
23.80900	97.72119	1.58227	-2.01378	-1.08742	97.41081	22.60827	974.10812	226.08268
23.90900	97.53041	1.46654	-1.80283	-1.22304	97.38911	22.70156	973.89112	227.01563
24.00900	97.36046	1.33841	-1.59680	-1.33629	97.36732	22.79484	973.67322	227.94837
24.10900	97.21089	1.19992	-1.39537	-1.43057	97.34544	22.88809	973.45443	228.88089
24.20900	97.08125	1.05284	-1.19806	-1.50852	97.32348	22.98132	973.23475	229.81321
24.30900	96.97116	0.89869	-1.00436	-1.57213	97.30142	23.07453	973.01418	230.74532
24.40900	96.88028	0.73884	-0.81369	-1.62295	97.27927	23.16772	972.79272	231.67721
24.50900	96.80834	0.57449	-0.62548	-1.66215	97.25704	23.26089	972.57036	232.60889
24.60900	96.75512	0.40677	-0.43917	-1.69057	97.23471	23.35404	972.34711	233.54036
24.70900	96.72046	0.23671	-0.25418	-1.70883	97.21230	23.44716	972.12297	234.47162
24.80900	96.70426	0.06533	-0.06996	-1.71730	97.18979	23.54027	971.89793	235.40266
24.90900	96.70646	-0.10643	0.11405	-1.71615	97.16720	23.63335	971.67200	236.33348
25.00900	96.72708	-0.27758	0.29840	-1.70536	97.14452	23.72641	971.44519	237.26409
25.10900	96.76617	-0.44717	0.48365	-1.68471	97.12175	23.81945	971.21748	238.19448
25.20900	96.82386	-0.61418	0.67037	-1.65377	97.09889	23.91246	970.98888	239.12465
25.30900	96.90032	-0.77756	0.85912	-1.61188	97.07594	24.00546	970.75939	240.05460
25.40900	96.99577	-0.93617	1.05046	-1.55812	97.05290	24.09843	970.52901	240.98433
25.50900	97.11051	-1.08875	1.24498	-1.49123	97.02977	24.19138	970.29773	241.91384
25.60900	97.24489	-1.23392	1.44323	-1.40957	97.00656	24.28431	970.06557	242.84313
25.70900	97.39930	-1.37010	1.64573	-1.31101	96.98325	24.37722	969.83252	243.77219
25.80900	97.57419	-1.49546	1.85292	-1.19275	96.95986	24.47010	969.59858	244.70104
25.90900	97.77005	-1.60787	2.06506	-1.05114	96.93637	24.56297	969.36375	245.62965
26.00900	97.98737	-1.70476	2.28212	-0.88138	96.91280	24.65580	969.12803	246.55804
26.10900	98.22662	-1.78300	2.50345	-0.67707	96.88914	24.74862	968.89142	247.48621
26.20900	98.48815	-1.83874	2.72733	-0.42961	96.86539	24.84141	968.65392	248.41415
26.30900	98.77205	-1.86710	2.95004	-0.12731	96.84155	24.93419	968.41553	249.34186
26.40900	99.07787	-1.86184	3.16406	0.24578	96.81763	25.02693	968.17625	250.26934
26.50900	99.40410	-1.81486	3.35466	0.71138	96.79361	25.11966	967.93609	251.19659
26.60900	99.74710	-1.71554	3.49312	1.29791	96.76950	25.21236	967.69504	252.12361
26.70900	100.09918	-1.55015	3.52367	2.03830	96.74531	25.30504	967.45310	253.05040
26.80900	100.44482	-1.30196	3.34125	2.95440	96.72103	25.39770	967.21027	253.97696
26.90900	100.75452	-0.95467	2.77014	4.00224	96.69666	25.49033	966.96655	254.90329
27.00900	100.97918	-0.50446	1.61708	4.95166	96.67220	25.58294	966.72195	255.82938
27.10900	101.05991	0.01689	-0.05626	5.34327	96.64765	25.67552	966.47646	256.75523
27.20900	100.96867	0.53562	-1.70856	4.90281	96.62301	25.76809	966.23008	257.68086
27.30900	100.73685	0.97977	-2.82187	3.93511	96.59828	25.86062	965.98282	258.60624
27.40900	100.42363	1.32045	-3.36206	2.89149	96.57347	25.95314	965.73467	259.53139
27.50900	100.07690	1.56287	-3.52658	1.98638	96.54856	26.04563	965.48564	260.45630
27.60900	99.72504	1.72363	-3.48676	1.25664	96.52357	26.13810	965.23572	261.38097
27.70900	99.38293	1.81927	-3.34374	0.67872	96.49849	26.23054	964.98491	262.30540
27.80900	99.05792	1.86333	-3.15101	0.21975	96.47332	26.32296	964.73322	263.22959
27.90900	98.75346	1.86624	-2.93611	-0.14830	96.44806	26.41535	964.48064	264.15354
28.00900	98.47096	1.83598	-2.71316	-0.44671	96.42272	26.50772	964.22718	265.07724
28.10900	98.21085	1.77869	-2.48935	-0.69114	96.39728	26.60007	963.97283	266.00070
28.20900	97.97300	1.69917	-2.26826	-0.89304	96.37176	26.69239	963.71760	266.92392
28.30900	97.75705	1.60122	-2.05151	-1.06085	96.34615	26.78469	963.46149	267.84690
28.40900	97.56253	1.48793	-1.83968	-1.20085	96.32045	26.87696	963.20449	268.76962
28.50900	97.38895	1.36182	-1.63280	-1.31777	96.29466	26.96921	962.94661	269.69211
28.60900	97.23582	1.22502	-1.43059	-1.41519	96.26878	27.06143	962.68784	270.61434
28.70900	97.10269	1.07934	-1.23259	-1.49586	96.24282	27.15363	962.42819	271.53632
28.80900	96.98918	0.92634	-1.03829	-1.56188	96.21677	27.24581	962.16766	272.45806
28.90900	96.89493	0.76740	-0.84713	-1.61486	96.19062	27.33795	961.90624	273.37955
29.00900	96.81967	0.60376	-0.65853	-1.65604	96.16439	27.43008	961.64395	274.30078
29.10900	96.76316	0.43655	-0.47192	-1.68631	96.13808	27.52218	961.38077	275.22177
29.20900	96.72523	0.26684	-0.28674	-1.70633	96.11167	27.61425	961.11670	276.14250
29.30900	96.70578	0.09561	-0.10243	-1.71651	96.08518	27.70630	960.85176	277.06298
29.40900	96.70474	-0.07614	0.08158	-1.71705	96.05859	27.79832	960.58594	277.98320
29.50900	96.72210	-0.24748	0.26583	-1.70797	96.03192	27.89032	960.31923	278.90317
29.60900	96.75793	-0.41741	0.45088	-1.68909	96.00516	27.98229	960.05164	279.82288
29.70900	96.81233	-0.58495	0.63730	-1.66001	95.97832	28.07423	959.78317	280.74234
29.80900	96.88546	-0.74905	0.82565	-1.62011	95.95138	28.16615	959.51382	281.66154
29.90900	96.97754	-0.90859	1.01649	-1.56851	95.92436	28.25805	959.24359	282.58048
30.00900	97.08886	-1.06233	1.21041	-1.50405	95.89725	28.34992	958.97248	283.49916
30.10900	97.21974	-1.20891	1.40796	-1.42513	95.87005	28.44176	958.70050	284.41758
30.20900	97.37059	-1.34680	1.60968	-1.32974	95.84276	28.53357	958.42763	285.33574
30.30900	97.54183	-1.47422	1.81601	-1.21519	95.81539	28.62536	958.15388	286.25364
30.40900	97.73396	-1.58909	2.02727	-1.07801	95.78793	28.71713	957.87925	287.17127
30.50900	97.94745	-1.68892	2.24349	-0.91363	95.76037	28.80886	957.60374	288.08865
30.60900	98.18280	-1.77071	2.46415	-0.71597	95.73274	28.90058	957.32736	289.00575
30.70900	98.44038	-1.83074	2.68778	-0.47686	95.70501	28.99226	957.05010	289.92260
30.80900	98.72035	-1.86434	2.91111	-0.18526	95.67720	29.08392	956.77196	290.83917
30.90900	99.02238	-1.86554	3.12746	0.17395	95.64929	29.17555	956.49294	291.75548
31.00900	99.34519	-1.82661	3.32376	0.62136	95.62130	29.26715	956.21304	292.67153
31.10900	99.68564	-1.73743	3.47446	1.18421	95.59323	29.35873	955.93227	293.58730
31.20900	100.03695	-1.58483	3.52991	1.89517	95.56506	29.45028	955.65062	294.50280
31.30900	100.38538	-1.35254	3.39572	2.78041	95.53681	29.54180	955.36809	295.41804
31.40900	100.70441	-1.02361	2.90869	3.81450	95.50847	29.63330	955.08468	296.33300
31.50900	100.94843	-0.59058	1.86640	4.81013	95.48004	29.72477	954.80040	297.24769
31.60900	101.05814	-0.07732	0.25734	5.33433	95.45152	29.81621	954.51525	298.16211
31.70900	100.99653	0.44796	-1.44763	5.03331	95.42292	29.90763	954.22921	299.07626
31.80900	100.78533	0.90870	-2.67144	4.12161	95.39423	29.99901	953.94231	299.99013
31.90900	100.48241	1.26789	-3.30005	3.06847	95.36545	30.09037	953.65452	300.90372
32.00900	100.13902	1.52655	-3.51629	2.13310	95.33659	30.18170	953.36587	301.81704
32.11000	99.78320	1.70181	-3.50254	1.36665	95.30734	30.27392	953.07343	302.73921
32.21100	99.43544	1.80802	-3.37035	0.76045	95.27801	30.36611	952.78011	303.66110
32.31200	99.10428	1.85967	-3.18107	0.28067	95.24859	30.45827	952.48589	304.58270
32.41300	98.79371	1.86796	-2.96612	-0.10261	95.21908	30.55040	952.19079	305.50402
32.51400	98.50544	1.84141	-2.74149	-0.41225	95.18948	30.64251	951.89479	306.42506
32.61500	98.23998	1.78659	-2.51531	-0.66506	95.15979	30.73458	951.59790	307.34580
32.71600	97.99726	1.70857	-2.29159	-0.87330	95.13001	30.82663	951.30012	308.26626
32.81700	97.77693	1.61138	-2.07219	-1.04597	95.10014	30.91864	951.00145	309.18643
32.91800	97.57851	1.49826	-1.85778	-1.18972	95.07019	31.01063	950.70189	310.10631
33.01900	97.40149	1.37186	-1.64844	-1.30956	95.04014	31.10259	950.40144	311.02590
33.12000	97.24536	1.23440	-1.44388	-1.40927	95.01001	31.19452	950.10010	311.94520
33.22100	97.10968	1.08777	-1.24365	-1.49171	94.97979	31.28642	949.79787	312.86421
33.32200	96.99402	0.93358	-1.04723	-1.55911	94.94947	31.37829	949.49475	313.78292
33.42300	96.89803	0.77327	-0.85404	-1.61315	94.91907	31.47013	949.19074	314.70134
33.52400	96.82141	0.60813	-0.66348	-1.65509	94.88858	31.56195	948.88585	315.61947
33.62500	96.76393	0.43932	-0.47497	-1.68590	94.85801	31.65373	948.58006	316.53730
33.72600	96.72542	0.26793	-0.28792	-1.70623	94.82734	31.74548	948.27339	317.45483
33.82700	96.70574	0.09500	-0.10176	-1.71653	94.79658	31.83721	947.96584	318.37207
33.92800	96.70485	-0.07848	0.08408	-1.71699	94.76574	31.92890	947.65739	319.28901
34.02900	96.72274	-0.25150	0.27019	-1.70764	94.73481	32.02057	947.34806	320.20565
34.13000	96.75946	-0.42308	0.45712	-1.68828	94.70378	32.11220	947.03784	321.12199
34.23100	96.81512	-0.59218	0.64547	-1.65850	94.67267	32.20380	946.72673	322.03803
34.33200	96.88991	-0.75773	0.83581	-1.61765	94.64147	32.29538	946.41474	322.95377
34.43300	96.98404	-0.91855	1.02873	-1.56481	94.61019	32.38692	946.10186	323.86921
34.53400	97.09782	-1.07337	1.22482	-1.49875	94.57881	32.47843	945.78810	324.78434
34.63500	97.23158	-1.22079	1.42466	-1.41782	94.54735	32.56992	945.47345	325.69917
34.73600	97.38574	-1.35920	1.62879	-1.31988	94.51579	32.66137	945.15792	326.61370
34.83700	97.56076	-1.48674	1.83767	-1.20210	94.48415	32.75279	944.84150	327.52791
34.93800	97.75712	-1.60124	2.05159	-1.06081	94.45242	32.84418	944.52420	328.44183
35.03900	97.97535	-1.70007	2.27054	-0.89115	94.42060	32.93554	944.20602	329.35543
35.14000	98.21592	-1.78008	2.49390	-0.68663	94.38869	33.02687	943.88695	330.26873
35.24100	98.47921	-1.83731	2.71998	-0.43852	94.35670	33.11817	943.56699	331.18172
35.34200	98.76533	-1.86680	2.94502	-0.13492	94.32462	33.20944	943.24616	332.09440
35.44300	99.07382	-1.86215	3.16143	0.24048	94.29244	33.30068	942.92444	333.00676
35.54400	99.40316	-1.81506	3.35419	0.70992	94.26018	33.39188	942.60184	333.91882
35.64500	99.74961	-1.71460	3.49382	1.30265	94.22784	33.48306	942.27835	334.83056
35.74600	100.10524	-1.54663	3.52273	2.05256	94.19540	33.57420	941.95399	335.74199
35.84700	100.45389	-1.29389	3.33182	2.98165	94.16287	33.66531	941.62874	336.65311
35.94800	100.76477	-0.93971	2.73857	4.04161	94.13026	33.75639	941.30261	337.56391
36.04900	100.98665	-0.48101	1.54728	4.98665	94.09756	33.84744	940.97560	338.47439
36.15000	101.05930	0.04745	-0.15800	5.34018	94.06477	33.93846	940.64771	339.38456
36.25100	100.95687	0.56839	-1.80321	4.84854	94.03189	34.02944	940.31894	340.29441
36.35200	100.71483	1.00983	-2.88188	3.85287	93.99893	34.12039	939.98929	341.20394
36.45300	100.39420	1.34529	-3.38837	2.80573	93.96588	34.21132	939.65876	342.11315
36.55400	100.04260	1.58180	-3.52956	1.90792	93.93274	34.30220	939.32735	343.02204
36.65500	99.68773	1.73673	-3.47511	1.18801	93.89951	34.39306	938.99507	343.93061
36.75600	99.34387	1.82688	-3.32302	0.61938	93.86619	34.48389	938.66190	344.83886
36.85700	99.01801	1.86580	-3.12451	0.16839	93.83279	34.57468	938.32785	345.74679
36.95800	98.71338	1.86390	-2.90578	-0.19295	93.79929	34.66544	937.99293	346.65439
37.05900	98.43127	1.82912	-2.68015	-0.48576	93.76571	34.75617	937.65713	347.56167
37.16000	98.17199	1.76756	-2.45436	-0.72544	93.73204	34.84686	937.32045	348.46862
37.26100	97.93538	1.68399	-2.23169	-0.92327	93.69829	34.93752	936.98289	349.37525
37.36200	97.72104	1.58219	-2.01361	-1.08753	93.66445	35.02815	936.64446	350.28155
37.46300	97.52846	1.46523	-1.80058	-1.22437	93.63051	35.11875	936.30515	351.18752
37.56400	97.35715	1.33563	-1.59257	-1.33843	93.59650	35.20932	935.96496	352.09316
37.66500	97.20661	1.19552	-1.38923	-1.43320	93.56239	35.29985	935.62390	352.99848
37.76600	97.07638	1.04668	-1.19010	-1.51138	93.52820	35.39035	935.28196	353.90346
37.86700	96.96608	0.89071	-0.99460	-1.57501	93.49391	35.48081	934.93914	354.80811
37.96800	96.87537	0.72897	-0.80218	-1.62566	93.45955	35.57124	934.59546	355.71243
38.06900	96.80396	0.56272	-0.61224	-1.66451	93.42509	35.66164	934.25089	356.61642
38.17000	96.75163	0.39311	-0.42418	-1.69242	93.39055	35.75201	933.90545	357.52007
38.27100	96.71823	0.22120	-0.23743	-1.71000	93.35591	35.84234	933.55914	358.42339
38.37200	96.70365	0.04802	-0.05141	-1.71762	93.32120	35.93264	933.21196	359.32637
38.47300	96.70784	-0.12543	0.13444	-1.71543	93.28639	36.02290	932.86390	360.22902
38.57400	96.73082	-0.29816	0.32072	-1.70340	93.25150	36.11313	932.51497	361.13133
38.67500	96.77266	-0.46918	0.50798	-1.68126	93.21652	36.20333	932.16516	362.03330
38.77600	96.83348	-0.63742	0.69681	-1.64856	93.18145	36.29349	931.81448	362.93494
38.87700	96.91349	-0.80181	0.88779	-1.60456	93.14629	36.38362	931.46293	363.83623
38.97800	97.01291	-0.96113	1.08151	-1.54829	93.11105	36.47372	931.11051	364.73718
39.07900	97.13206	-1.11410	1.27856	-1.47838	93.07572	36.56378	930.75722	365.63779
39.18000	97.27131	-1.25925	1.47951	-1.39308	93.04031	36.65381	930.40306	366.53806
39.28100	97.43107	-1.39491	1.68489	-1.29007	93.00480	36.74380	930.04802	367.43799
39.38200	97.61182	-1.51914	1.89511	-1.16633	92.96921	36.83376	929.69212	368.33757
39.48300	97.81406	-1.62968	2.11042	-1.01789	92.93353	36.92368	929.33534	369.23681
39.58400	98.03829	-1.72375	2.33066	-0.83951	92.89777	37.01357	928.97770	370.13570
39.68500	98.28499	-1.79801	2.55499	-0.62416	92.86192	37.10342	928.61918	371.03425
39.78600	98.55447	-1.84827	2.78127	-0.36235	92.82598	37.19324	928.25980	371.93244
39.88700	98.84672	-1.86921	3.00496	-0.04113	92.78995	37.28303	927.89955	372.83029
39.98800	99.16108	-1.85399	3.21688	0.35726	92.75384	37.37278	927.53843	373.72780
40.08900	99.49555	-1.79365	3.39901	0.85692	92.71764	37.46249	927.17644	374.62495
40.19000	99.84552	-1.67644	3.51598	1.48889	92.68136	37.55217	926.81358	375.52175
40.29100	100.20133	-1.48730	3.49896	2.28651	92.64499	37.64182	926.44986	376.41820
40.39200	100.54359	-1.20851	3.22012	3.26129	92.60853	37.73143	926.08527	377.31429
40.49300	100.83627	-0.82521	2.48004	4.32612	92.57198	37.82100	925.71981	378.21004
40.59400	101.02322	-0.34206	1.11949	5.16156	92.53535	37.91054	925.35349	379.10543
40.69500	101.04836	0.19296	-0.63914	5.28539	92.49863	38.00005	924.98630	380.00046
40.79600	100.90255	0.69780	-2.15965	4.60621	92.46182	38.08951	924.61824	380.89514
40.89700	100.63335	1.11125	-3.06759	3.56121	92.42493	38.17895	924.24932	381.78947
40.99800	100.30053	1.41846	-3.45416	2.54472	92.38795	38.26834	923.87953	382.68343
41.09900	99.94601	1.63107	-3.52891	1.69606	92.35089	38.35770	923.50888	383.57704
41.20000	99.59310	1.76692	-3.44078	1.02049	92.31374	38.44703	923.13737	384.47029
41.30100	99.25363	1.84199	-3.27241	0.48689	92.27650	38.53632	922.76499	385.36318
41.40200	98.93332	1.86895	-3.06653	0.06266	92.23917	38.62557	922.39174	386.25571
41.50300	98.63471	1.85745	-2.84497	-0.27831	92.20176	38.71479	922.01764	387.14787
41.60400	98.35878	1.81487	-2.61882	-0.55539	92.16427	38.80397	921.64267	388.03968
41.70500	98.10567	1.74693	-2.39365	-0.78277	92.12668	38.89311	921.26684	388.93112
41.80600	97.87514	1.65807	-2.17213	-0.97079	92.08901	38.98222	920.89014	389.82219
41.90700	97.66674	1.55189	-1.95539	-1.12709	92.05126	39.07129	920.51259	390.71291
42.00800	97.47998	1.43128	-1.74375	-1.25735	92.01342	39.16033	920.13417	391.60325
42.10900	97.31434	1.29864	-1.53704	-1.36588	91.97549	39.24932	919.75489	392.49323
42.21000	97.16934	1.15599	-1.33490	-1.45592	91.93748	39.33828	919.37475	393.38285
42.31100	97.04455	1.00508	-1.13680	-1.52998	91.89938	39.42721	918.99375	394.27209
42.41200	96.93959	0.84741	-0.94220	-1.58995	91.86119	39.51610	918.61189	395.16097
42.51300	96.85413	0.68433	-0.75051	-1.63730	91.82292	39.60495	918.22917	396.04947
42.61400	96.78791	0.51706	-0.56113	-1.67312	91.78456	39.69376	917.84560	396.93761
42.71500	96.74072	0.34672	-0.37349	-1.69818	91.74612	39.78254	917.46116	397.82537
42.81600	96.71243	0.17437	-0.18699	-1.71304	91.70759	39.87128	917.07586	398.71276
42.91700	96.70293	0.00102	-0.00108	-1.71799	91.66897	39.95998	916.68971	399.59978
43.01800	96.71221	-0.17233	0.18484	-1.71315	91.63027	40.04864	916.30269	400.48642
43.11900	96.74029	-0.34470	0.37132	-1.69842	91.59148	40.13727	915.91482	401.37269
43.22000	96.78725	-0.51507	0.55895	-1.67347	91.55261	40.22586	915.52609	402.25859
43.32100	96.85325	-0.68238	0.74830	-1.63779	91.51365	40.31441	915.13651	403.14410
43.42200	96.93849	-0.84551	0.93997	-1.59058	91.47461	40.40292	914.74607	404.02924
43.52300	97.04322	-1.00325	1.13454	-1.53076	91.43548	40.49140	914.35477	404.91400
43.62400	97.16778	-1.15426	1.33259	-1.45688	91.39626	40.57984	913.96262	405.79839
43.72500	97.31254	-1.29701	1.53469	-1.36703	91.35696	40.66824	913.56961	406.68239
43.82600	97.47794	-1.42978	1.74134	-1.25874	91.31757	40.75660	913.17575	407.56601
43.92700	97.66446	-1.55054	1.95293	-1.12875	91.27810	40.84493	912.78103	408.44925
44.02800	97.87261	-1.65691	2.16961	-0.97278	91.23855	40.93321	912.38546	409.33211
44.12900	98.10288	-1.74598	2.39108	-0.78517	91.19890	41.02146	911.98903	410.21459
44.23000	98.35573	-1.81420	2.61623	-0.55830	91.15918	41.10967	911.59175	411.09668
44.33100	98.63140	-1.85709	2.84240	-0.28185	91.11936	41.19784	911.19362	411.97839
44.43200	98.92975	-1.86899	3.06407	0.05828	91.07946	41.28597	910.79463	412.85971
44.53300	99.24983	-1.84253	3.27023	0.48143	91.03948	41.37406	910.39479	413.74064
44.63400	99.58911	-1.76808	3.43923	1.01361	90.99941	41.46212	909.99410	414.62119
44.73500	99.94192	-1.63302	3.52865	1.68736	90.95926	41.55013	909.59256	415.50135
44.83600	100.29653	-1.42138	3.45646	2.53395	90.91902	41.63811	909.19017	416.38112
44.93700	100.62979	-1.11536	3.07460	3.54893	90.87869	41.72605	908.78693	417.26050
45.03800	100.90004	-0.70312	2.17369	4.59533	90.83828	41.81395	908.38283	418.13949
45.13900	101.04761	-0.19906	0.65914	5.28166	90.79779	41.90181	907.97789	419.01809
45.24000	101.02450	0.33610	-1.10060	5.16780	90.75721	41.98963	907.57209	419.89630
45.34100	100.83913	0.82021	-2.46804	4.33787	90.71654	42.07741	907.16545	420.77411
45.44200	100.54732	1.20474	-3.21464	3.27331	90.67580	42.16515	906.75795	421.65153
45.54300	100.20539	1.48466	-3.49753	2.29672	90.63496	42.25286	906.34961	422.52856
45.64400	99.84961	1.67473	-3.51669	1.49706	90.59404	42.34052	905.94042	423.40519
45.74500	99.49950	1.79267	-3.40078	0.86338	90.55304	42.42814	905.53038	424.28142
45.84600	99.16482	1.85359	-3.21916	0.36240	90.51195	42.51573	905.11950	425.15726
45.94700	98.85022	1.86928	-3.00746	-0.03701	90.47078	42.60327	904.70777	426.03269
46.04800	98.55771	1.84872	-2.78386	-0.35900	90.42952	42.69077	904.29519	426.90773
46.14900	98.28797	1.79877	-2.55757	-0.62140	90.38818	42.77824	903.88176	427.78237
46.25000	98.04101	1.72476	-2.33321	-0.83723	90.34675	42.86566	903.46749	428.65661
46.35100	97.81652	1.63089	-2.11292	-1.01599	90.30524	42.95305	903.05237	429.53045
46.45200	97.61404	1.52054	-1.89756	-1.16474	90.26364	43.04039	902.63641	430.40389
46.55300	97.43304	1.39645	-1.68728	-1.28874	90.22196	43.12769	902.21960	431.27692
46.65400	97.27304	1.26091	-1.48185	-1.39198	90.18020	43.21496	901.80195	432.14956
46.75500	97.13356	1.11586	-1.28086	-1.47747	90.13835	43.30218	901.38346	433.02178
46.85600	97.01418	0.96298	-1.08377	-1.54755	90.09641	43.38936	900.96412	433.89360
46.95700	96.91453	0.80372	-0.89001	-1.60398	90.05439	43.47650	900.54394	434.76502
47.05800	96.83430	0.63939	-0.69900	-1.64811	90.01229	43.56360	900.12291	435.63602
47.15900	96.77325	0.47118	-0.51016	-1.68094	89.97010	43.65066	899.70104	436.50662
47.26000	96.73120	0.30019	-0.32288	-1.70320	89.92783	43.73768	899.27833	437.37682
47.36100	96.70800	0.12747	-0.13660	-1.71535	89.88548	43.82466	898.85478	438.24660
47.46200	96.70359	-0.04597	0.04926	-1.71765	89.84304	43.91160	898.43039	439.11597
47.56300	96.71795	-0.21916	0.23527	-1.71015	89.80052	43.99849	898.00516	439.98493
47.66400	96.75114	-0.39109	0.42201	-1.69269	89.75791	44.08535	897.57908	440.85348
47.76500	96.80324	-0.56074	0.61005	-1.66490	89.71522	44.17216	897.15217	441.72162
47.86600	96.87443	-0.72703	0.79997	-1.62618	89.67244	44.25893	896.72442	442.58934
47.96700	96.96492	-0.88883	0.99236	-1.57568	89.62958	44.34566	896.29582	443.45665
48.06800	97.07499	-1.04488	1.18782	-1.51221	89.58664	44.43235	895.86639	444.32354
48.16900	97.20498	-1.19381	1.38691	-1.43421	89.54361	44.51900	895.43612	445.19002
48.27000	97.35529	-1.33404	1.59020	-1.33964	89.50050	44.60561	895.00501	446.05608
48.37100	97.52636	-1.46377	1.79816	-1.22583	89.45731	44.69217	894.57307	446.92173
48.47200	97.71869	-1.58089	2.01113	-1.08928	89.41403	44.77870	894.14028	447.78695
48.57300	97.93278	-1.68288	2.22916	-0.92537	89.37067	44.86518	893.70666	448.65176
48.67400	98.16913	-1.76669	2.45179	-0.72797	89.32722	44.95161	893.27221	449.51614
48.77500	98.42815	-1.82853	2.67756	-0.48882	89.28369	45.03801	892.83691	450.38011
48.87600	98.71000	-1.86365	2.90323	-0.19670	89.24008	45.12437	892.40079	451.24365
48.97700	99.01438	-1.86597	3.12210	0.16375	89.19638	45.21068	891.96382	452.10678
49.07800	99.34000	-1.82757	3.32096	0.61357	89.15260	45.29695	891.52603	452.96948
49.17900	99.68369	-1.73809	3.47382	1.18068	89.10874	45.38318	891.08739	453.83175
49.28000	100.03851	-1.58399	3.52984	1.89868	89.06479	45.46936	890.64793	454.69360
49.38100	100.39027	-1.34852	3.39170	2.79443	89.02076	45.55550	890.20763	455.55503
49.48200	100.71149	-1.01427	2.89061	3.84054	88.97665	45.64160	889.76649	456.41602
49.58300	100.95477	-0.57398	1.81924	4.83898	88.93245	45.72766	889.32453	457.27660
49.68400	101.05910	-0.05362	0.17855	5.33921	88.88817	45.81367	888.88173	458.13674
49.78500	100.98843	0.47524	-1.52997	4.99501	88.84381	45.89965	888.43810	458.99645
49.88600	100.76793	0.93503	-2.72855	4.05382	88.79936	45.98557	887.99364	459.85574
49.98700	100.45775	1.29044	-3.32768	2.99328	88.75483	46.07146	887.54834	460.71459
50.08800	100.10932	1.54426	-3.52202	2.06220	88.71022	46.15730	887.10222	461.57302
50.18900	99.75367	1.71311	-3.49489	1.31032	88.66553	46.24310	886.65527	462.43101
50.29000	99.40705	1.81425	-3.35614	0.71598	88.62075	46.32886	886.20748	463.28857
50.39100	99.07750	1.86189	-3.16379	0.24531	88.57589	46.41457	885.75887	464.14569
50.49200	98.76876	1.86697	-2.94756	-0.13103	88.53094	46.50024	885.30943	465.00238
50.59300	98.48238	1.83784	-2.72257	-0.43535	88.48592	46.58586	884.85916	465.85864
50.69400	98.21883	1.78090	-2.49648	-0.68402	88.44081	46.67145	884.40806	466.71446
50.79500	97.97800	1.70114	-2.27308	-0.88898	88.39561	46.75698	883.95613	467.56984
50.89600	97.75952	1.60250	-2.05408	-1.05900	88.35034	46.84248	883.50338	468.42478
50.99700	97.56291	1.48818	-1.84010	-1.20059	88.30498	46.92793	883.04980	469.27929
51.09800	97.38765	1.36078	-1.63117	-1.31862	88.25954	47.01334	882.59539	470.13336
51.19900	97.23325	1.22248	-1.42699	-1.41678	88.21402	47.09870	882.14016	470.98698
51.30000	97.09925	1.07516	-1.22711	-1.49789	88.16841	47.18402	881.68410	471.84017
51.40100	96.98525	0.92041	-1.03098	-1.56412	88.12272	47.26929	881.22722	472.69291
51.50200	96.89089	0.75965	-0.83802	-1.61710	88.07695	47.35452	880.76951	473.54522
51.60300	96.81588	0.59416	-0.64766	-1.65808	88.03110	47.43971	880.31098	474.39708
51.70400	96.75999	0.42509	-0.45929	-1.68799	87.98516	47.52485	879.85162	475.24849
51.80500	96.72305	0.25354	-0.27235	-1.70747	87.93914	47.60995	879.39144	476.09946
51.90600	96.70495	0.08052	-0.08623	-1.71694	87.89304	47.69500	878.93044	476.94999
52.00700	96.70563	-0.09295	0.09961	-1.71659	87.84686	47.78001	878.46861	477.80007
52.10800	96.72508	-0.26590	0.28576	-1.70641	87.80060	47.86497	878.00596	478.64970
52.20900	96.76338	-0.43731	0.47280	-1.68620	87.75425	47.94989	877.54249	479.49888
52.31000	96.82064	-0.60616	0.66129	-1.65552	87.70782	48.03476	877.07820	480.34761
52.41100	96.89703	-0.77135	0.85182	-1.61371	87.66131	48.11959	876.61309	481.19590
52.51200	96.99279	-0.93172	1.04498	-1.55982	87.61472	48.20437	876.14716	482.04373
52.61300	97.10822	-1.08599	1.24137	-1.49259	87.56804	48.28911	875.68040	482.89112
52.71400	97.24368	-1.23272	1.44154	-1.41033	87.52128	48.37380	875.21283	483.73805
52.81500	97.39956	-1.37029	1.64605	-1.31084	87.47444	48.45845	874.74444	484.58453
52.91600	97.57634	-1.49683	1.85535	-1.19126	87.42752	48.54306	874.27523	485.43055
53.01700	97.77451	-1.61013	2.06970	-1.04780	87.38052	48.62761	873.80520	486.27612
53.11800	97.99459	-1.70752	2.28905	-0.87550	87.33344	48.71212	873.33436	487.12124
53.21900	98.23705	-1.78579	2.51273	-0.66771	87.28627	48.79659	872.86269	487.96590
53.32000	98.50225	-1.84091	2.73890	-0.41548	87.23902	48.88101	872.39021	488.81010
53.42100	98.79026	-1.86781	2.96359	-0.10657	87.19169	48.96538	871.91692	489.65385
53.52200	99.10058	-1.85997	3.17874	0.27574	87.14428	49.04971	871.44280	490.49714
53.62300	99.43152	-1.80888	3.36846	0.75427	87.09679	49.13400	870.96788	491.33996
53.72400	99.77913	-1.70337	3.50157	1.35883	87.04921	49.21823	870.49213	492.18233
53.82500	100.13495	-1.52900	3.51721	2.12328	87.00156	49.30242	870.01557	493.02424
53.92600	100.48188	-1.26836	3.30069	3.06688	86.95382	49.38657	869.53820	493.86569
54.02700	100.78757	-0.90521	2.66380	4.13046	86.90600	49.47067	869.06001	494.70667
54.12800	100.99918	-0.43866	1.41939	5.04588	86.85810	49.55472	868.58102	495.54719
54.22900	101.05733	0.09249	-0.30767	5.33029	86.81012	49.63873	868.10120	496.38725
54.33000	100.94116	0.60902	-1.91819	4.77722	86.76206	49.72268	867.62058	497.22684
54.43100	100.69024	1.04197	-2.94356	3.76280	86.71391	49.80660	867.13914	498.06597
54.53200	100.36550	1.36863	-3.41128	2.72387	86.66569	49.89046	866.65689	498.90463
54.63300	100.01281	1.59763	-3.53072	1.84117	86.61738	49.97428	866.17383	499.74283
54.73400	99.65844	1.74654	-3.46519	1.13519	86.56900	50.05806	865.68996	500.58055
54.83500	99.31589	1.83193	-3.30771	0.57763	86.52053	50.14178	865.20528	501.41781
54.93600	98.99172	1.86708	-3.10676	0.13511	86.47198	50.22546	864.71979	502.25460
55.03700	98.68894	1.86217	-2.88706	-0.21979	86.42335	50.30909	864.23349	503.09092
55.13800	98.40873	1.82494	-2.66122	-0.50763	86.37464	50.39268	863.74638	503.92677
55.23900	98.15136	1.76137	-2.43560	-0.74344	86.32585	50.47621	863.25847	504.76214
55.34000	97.91663	1.67614	-2.21328	-0.93818	86.27697	50.55970	862.76974	505.59705
55.44100	97.70412	1.57297	-1.99561	-1.09994	86.22802	50.64315	862.28021	506.43148
55.54200	97.51334	1.45486	-1.78301	-1.23471	86.17899	50.72654	861.78987	507.26543
55.64300	97.34378	1.32431	-1.57541	-1.34704	86.12987	50.80989	861.29872	508.09892
55.74400	97.19495	1.18340	-1.37244	-1.44033	86.08068	50.89319	860.80677	508.93192
55.84500	97.06641	1.03391	-1.17363	-1.51722	86.03140	50.97645	860.31401	509.76445
55.94600	96.95776	0.87740	-0.97842	-1.57972	85.98205	51.05965	859.82045	510.59651
56.04700	96.86867	0.71524	-0.78623	-1.62934	85.93261	51.14281	859.32608	511.42808
56.14800	96.79886	0.54867	-0.59646	-1.66725	85.88309	51.22592	858.83091	512.25918
56.24900	96.74812	0.37883	-0.40854	-1.69428	85.83349	51.30898	858.33494	513.08980
56.35000	96.71629	0.20677	-0.22187	-1.71101	85.78382	51.39199	857.83816	513.91993
56.45100	96.70328	0.03354	-0.03589	-1.71781	85.73406	51.47496	857.34058	514.74959
56.55200	96.70904	-0.13989	0.14998	-1.71481	85.68422	51.55788	856.84219	515.57876
56.65300	96.73359	-0.31252	0.33632	-1.70194	85.63430	51.64075	856.34300	516.40745
56.75400	96.77701	-0.48335	0.52369	-1.67895	85.58430	51.72357	855.84302	517.23566
56.85500	96.83943	-0.65131	0.71267	-1.64533	85.53422	51.80634	855.34223	518.06339
56.95600	96.92105	-0.81532	0.90386	-1.60035	85.48406	51.88906	854.84064	518.89063
57.05700	97.02210	-0.97417	1.09784	-1.54299	85.43383	51.97174	854.33825	519.71738
57.15800	97.14292	-1.12654	1.29519	-1.47187	85.38351	52.05436	853.83506	520.54365
57.25900	97.28387	-1.27096	1.49649	-1.38519	85.33311	52.13694	853.33107	521.36943
57.36000	97.44536	-1.40575	1.70226	-1.28057	85.28263	52.21947	852.82629	522.19472
57.46100	97.62789	-1.52893	1.91291	-1.15494	85.23207	52.30195	852.32070	523.01952
57.56200	97.83194	-1.63820	2.12864	-1.00422	85.18143	52.38438	851.81432	523.84384
57.66300	98.05804	-1.73076	2.34927	-0.82305	85.13071	52.46677	851.30714	524.66766
57.76400	98.30663	-1.80319	2.57387	-0.60422	85.07992	52.54910	850.79916	525.49099
57.86500	98.57802	-1.85122	2.80016	-0.33800	85.02904	52.63138	850.29039	526.31383
57.96600	98.87216	-1.86943	3.02329	-0.01109	84.97808	52.71362	849.78082	527.13618
58.06700	99.18830	-1.85081	3.23358	0.39475	84.92705	52.79580	849.27046	527.95804
58.16800	99.52429	-1.78621	3.41196	0.90419	84.87593	52.87794	848.75930	528.77940
58.26900	99.87522	-1.66362	3.52099	1.54878	84.82473	52.96003	848.24735	529.60026
58.37000	100.23082	-1.46768	3.48801	2.36141	84.77346	53.04206	847.73460	530.42063
58.47100	100.57060	-1.18061	3.17906	3.34933	84.72211	53.12405	847.22106	531.24051
58.57200	100.85683	-0.78833	2.39070	4.41126	84.67067	53.20599	846.70673	532.05988
58.67300	101.03208	-0.29831	0.98043	5.20488	84.61916	53.28788	846.19160	532.87876
58.77400	101.04236	0.23746	-0.78423	5.25552	84.56757	53.36971	845.67568	533.69714
58.87500	100.88389	0.73635	-2.25996	4.52569	84.51590	53.45150	845.15897	534.51502
58.97600	100.60724	1.14094	-3.11686	3.47177	84.46415	53.53324	844.64147	535.33240
59.07700	100.27131	1.43961	-3.46975	2.46679	84.41232	53.61493	844.12318	536.14928
59.17800	99.91624	1.64513	-3.52626	1.63333	84.36041	53.69657	843.60410	536.96566
59.27900	99.56411	1.77533	-3.42899	0.97095	84.30842	53.77815	843.08423	537.78153
59.38000	99.22608	1.84594	-3.25623	0.44767	84.25636	53.85969	842.56357	538.59690
59.48100	98.90751	1.86935	-3.04841	0.03129	84.20421	53.94118	842.04213	539.41177
59.58200	98.61078	1.85499	-2.82614	-0.30367	84.15199	54.02261	841.51989	540.22613
59.68300	98.33676	1.81010	-2.59991	-0.57613	84.09969	54.10400	840.99687	541.03999
59.78400	98.08555	1.74025	-2.37497	-0.79986	84.04731	54.18533	840.47306	541.85334
59.88500	97.85689	1.64983	-2.15382	-0.98497	83.99485	54.26662	839.94846	542.66618
59.98600	97.65032	1.54234	-1.93751	-1.13890	83.94231	54.34785	839.42307	543.47852
60.08700	97.46534	1.42063	-1.72629	-1.26720	83.88969	54.42903	838.89691	544.29035
60.18800	97.30144	1.28708	-1.51999	-1.37407	83.83700	54.51017	838.36995	545.10166
60.28900	97.15815	1.14369	-1.31820	-1.46269	83.78422	54.59125	837.84221	545.91247
60.39000	97.03503	0.99215	-1.12042	-1.53550	83.73137	54.67228	837.31369	546.72277
60.49100	96.93171	0.83398	-0.92608	-1.59437	83.67844	54.75326	836.78438	547.53255
60.59200	96.84786	0.67051	-0.73461	-1.64072	83.62543	54.83418	836.25429	548.34182
60.69300	96.78324	0.50294	-0.54540	-1.67561	83.57234	54.91506	835.72342	549.15058
60.79400	96.73764	0.33240	-0.35787	-1.69981	83.51918	54.99588	835.19177	549.95883
60.89500	96.71091	0.15992	-0.17145	-1.71383	83.46593	55.07666	834.65933	550.76656
60.99600	96.70299	-0.01346	0.01445	-1.71796	83.41261	55.15738	834.12611	551.57377
61.09700	96.71383	-0.18678	0.20039	-1.71230	83.35921	55.23805	833.59211	552.38047
61.19800	96.74349	-0.35902	0.38695	-1.69673	83.30573	55.31867	833.05734	553.18665
61.29900	96.79204	-0.52917	0.57470	-1.67091	83.25218	55.39923	832.52178	553.99232
61.40000	96.85963	-0.69618	0.76422	-1.63430	83.19854	55.47975	831.98544	554.79746
61.50100	96.94649	-0.85891	0.95611	-1.58609	83.14483	55.56021	831.44833	555.60209
61.60200	97.05287	-1.01614	1.15094	-1.52515	83.09104	55.64062	830.91043	556.40620
61.70300	97.17910	-1.16651	1.34931	-1.45002	83.03718	55.72098	830.37176	557.20978
61.80400	97.32557	-1.30850	1.55177	-1.35874	82.98323	55.80128	829.83231	558.01284
61.90500	97.49271	-1.44035	1.75883	-1.24877	82.92921	55.88154	829.29209	558.81539
62.00600	97.68102	-1.56001	1.97084	-1.11679	82.87511	55.96174	828.75108	559.61741
62.10700	97.89099	-1.66505	2.18794	-0.95842	82.82093	56.04189	828.20931	560.41890
62.20800	98.12314	-1.75253	2.40978	-0.76784	82.76668	56.12199	827.66675	561.21987
62.30900	98.37789	-1.81881	2.63514	-0.53727	82.71234	56.20203	827.12343	562.02032
62.41000	98.65547	-1.85936	2.86121	-0.25610	82.65793	56.28202	826.57933	562.82023
62.51100	98.95568	-1.86836	3.08211	0.09015	82.60345	56.36196	826.03445	563.61963
62.61200	99.27750	-1.83830	3.28619	0.52131	82.54888	56.44185	825.48880	564.41849
62.71300	99.61818	-1.75931	3.45056	1.06400	82.49424	56.52168	824.94238	565.21683
62.81400	99.97171	-1.61851	3.53035	1.75115	82.43952	56.60146	824.39519	566.01464
62.91500	100.32563	-1.39966	3.43904	2.61295	82.38472	56.68119	823.84723	566.81191
63.01600	100.65552	-1.08502	3.02216	3.63870	82.32985	56.76087	823.29849	567.60866
63.11700	100.91795	-0.66399	2.06942	4.67374	82.27490	56.84049	822.74899	568.40488
63.21800	101.05256	-0.15437	0.51239	5.30635	82.21987	56.92006	822.19871	569.20056
63.31900	101.01464	0.37952	-1.23698	5.11994	82.16477	56.99957	821.64767	569.99571
63.42000	100.81794	0.85646	-2.55343	4.25147	82.10959	57.07903	821.09585	570.79033
63.52100	100.52002	1.23200	-3.25292	3.18593	82.05433	57.15844	820.54327	571.58441
63.62200	100.17583	1.50373	-3.50694	2.22292	81.99899	57.23780	819.98992	572.37796
63.72300	99.81995	1.68712	-3.51089	1.43818	81.94358	57.31710	819.43580	573.17098
63.82400	99.47085	1.79976	-3.38745	0.81691	81.88809	57.39635	818.88092	573.96345
63.92500	99.13773	1.85650	-3.20228	0.32552	81.83253	57.47554	818.32526	574.75539
64.02600	98.82492	1.86885	-2.98905	-0.06659	81.77688	57.55468	817.76885	575.54679
64.12600	98.53706	1.84597	-2.76720	-0.38017	81.72172	57.63298	817.21718	576.32983
64.22600	98.27155	1.79472	-2.54318	-0.63643	81.66648	57.71123	816.66477	577.11234
64.32600	98.02835	1.72018	-2.32123	-0.84772	81.61116	57.78943	816.11161	577.89431
64.42600	97.80716	1.62637	-2.10335	-1.02311	81.55577	57.86758	815.55770	578.67576
64.52600	97.60752	1.51653	-1.89032	-1.16934	81.50030	57.94567	815.00304	579.45668
64.62600	97.42893	1.39331	-1.68226	-1.29146	81.44476	58.02371	814.44764	580.23706
64.72600	97.27091	1.25891	-1.47896	-1.39331	81.38915	58.10169	813.89148	581.01691
64.82600	97.13300	1.11522	-1.27999	-1.47780	81.33346	58.17962	813.33458	581.79623
64.92600	97.01479	0.96385	-1.08485	-1.54719	81.27769	58.25750	812.77694	582.57502
65.02600	96.91592	0.80623	-0.89299	-1.60320	81.22185	58.33533	812.21855	583.35327
65.12600	96.83610	0.64362	-0.70382	-1.64713	81.16594	58.41310	811.65941	584.13098
65.22600	96.77508	0.47717	-0.51679	-1.67997	81.10995	58.49082	811.09953	584.90816
65.32600	96.73269	0.30797	-0.33131	-1.70241	81.05389	58.56848	810.53890	585.68480
65.42600	96.70879	0.13702	-0.14684	-1.71494	80.99775	58.64609	809.97753	586.46091
65.52600	96.70331	-0.03470	0.03719	-1.71780	80.94154	58.72365	809.41542	587.23648
65.62600	96.71623	-0.20622	0.22133	-1.71105	80.88526	58.80115	808.85256	588.01150
65.72600	96.74759	-0.37658	0.40614	-1.69456	80.82890	58.87860	808.28897	588.78599
65.82600	96.79750	-0.54479	0.59218	-1.66799	80.77246	58.95599	807.72463	589.55994
65.92600	96.86609	-0.70982	0.78000	-1.63077	80.71595	59.03334	807.15955	590.33335
66.02600	96.95358	-0.87057	0.97020	-1.58209	80.65937	59.11062	806.59373	591.10622
66.12600	97.06023	-1.02582	1.16332	-1.52086	80.60272	59.18785	806.02717	591.87854
66.22600	97.18636	-1.17427	1.35995	-1.44560	80.54599	59.26503	805.45987	592.65032
66.32600	97.33235	-1.31441	1.56061	-1.35440	80.48918	59.34216	804.89183	593.42156
66.42600	97.49863	-1.44454	1.76580	-1.24475	80.43230	59.41923	804.32305	594.19225
66.52600	97.68567	-1.56264	1.97586	-1.11341	80.37535	59.49624	803.75353	594.96240
66.62600	97.89397	-1.66635	2.19090	-0.95608	80.31833	59.57320	803.18328	595.73200
66.72600	98.12401	-1.75280	2.41058	-0.76710	80.26123	59.65011	802.61229	596.50106
66.82600	98.37620	-1.81847	2.63371	-0.53888	80.20406	59.72696	802.04056	597.26956
66.92600	98.65078	-1.85893	2.85756	-0.26114	80.14681	59.80375	801.46810	598.03752
67.02600	98.94755	-1.86858	3.07648	0.08011	80.08949	59.88049	800.89491	598.80494
67.12600	99.26555	-1.84016	3.27934	0.50402	80.03210	59.95718	800.32097	599.57180
67.22600	99.60218	-1.76418	3.44440	1.03617	79.97463	60.03381	799.74631	600.33811
67.32600	99.95180	-1.62826	3.52934	1.70839	79.91709	60.11039	799.17091	601.10387
67.42600	100.30275	-1.41680	3.45294	2.55070	79.85948	60.18691	798.59477	601.86908
67.52600	100.63225	-1.11251	3.06979	3.55744	79.80179	60.26337	798.01791	602.63374
67.62600	100.89961	-0.70403	2.17610	4.59345	79.74403	60.33978	797.44031	603.39784
67.72600	101.04681	-0.20539	0.67985	5.27766	79.68620	60.41614	796.86198	604.16139
67.82600	101.02689	0.32473	-1.06455	5.17941	79.62829	60.49244	796.28292	604.92439
67.92600	100.84697	0.80628	-2.43447	4.37024	79.57031	60.56868	795.70313	605.68683
68.02600	100.56078	1.19090	-3.19439	3.31707	79.51226	60.64487	795.12260	606.44872
68.12600	100.22356	1.47260	-3.49083	2.34282	79.45414	60.72100	794.54135	607.21005
68.22600	99.87142	1.66532	-3.52035	1.54106	79.39594	60.79708	793.95937	607.97082
68.32600	99.52402	1.78631	-3.41179	0.90376	79.33767	60.87310	793.37666	608.73103
68.42600	99.19129	1.85048	-3.23535	0.39891	79.27932	60.94907	792.79323	609.49069
68.52600	98.87799	1.86948	-3.02742	-0.00414	79.22091	61.02498	792.20906	610.24978
68.62600	98.58622	1.85224	-2.80666	-0.32943	79.16242	61.10083	791.62417	611.00832
68.72600	98.31676	1.80559	-2.58263	-0.59480	79.10386	61.17663	791.03856	611.76630
68.82600	98.06964	1.73484	-2.36012	-0.81328	79.04522	61.25237	790.45221	612.52371
68.92600	97.84460	1.64417	-2.14144	-0.99446	78.98651	61.32806	789.86515	613.28057
69.02600	97.64120	1.53695	-1.92753	-1.14542	78.92774	61.40369	789.27735	614.03686
69.12600	97.45893	1.41592	-1.71861	-1.27149	78.86888	61.47926	788.68884	614.79258
69.22600	97.29731	1.28335	-1.51449	-1.37668	78.80996	61.55477	788.09960	615.54775
69.32600	97.15588	1.14117	-1.31480	-1.46405	78.75096	61.63023	787.50963	616.30234
69.42600	97.03422	0.99105	-1.11902	-1.53597	78.69189	61.70564	786.91895	617.05638
69.52600	96.93197	0.83443	-0.92662	-1.59423	78.63275	61.78098	786.32754	617.80984
69.62600	96.84881	0.67262	-0.73702	-1.64021	78.57354	61.85627	785.73541	618.56274
69.72600	96.78449	0.50677	-0.54965	-1.67494	78.51426	61.93151	785.14256	619.31508
69.82600	96.73882	0.33798	-0.36394	-1.69918	78.45490	62.00668	784.54899	620.06684
69.92600	96.71166	0.16726	-0.17934	-1.71343	78.39547	62.08180	783.95470	620.81804
70.02600	96.70294	-0.00439	0.00473	-1.71799	78.33597	62.15687	783.35969	621.56866
70.12600	96.71261	-0.17602	0.18881	-1.71294	78.27640	62.23187	782.76396	622.31872
70.22600	96.74072	-0.34665	0.37346	-1.69819	78.21675	62.30682	782.16751	623.06820
70.32600	96.78734	-0.51532	0.55924	-1.67343	78.15703	62.38171	781.57035	623.81711
70.42600	96.85262	-0.68099	0.74672	-1.63814	78.09725	62.45655	780.97247	624.56545
70.52600	96.93676	-0.84257	0.93645	-1.59156	78.03739	62.53132	780.37387	625.31322
70.62600	97.04001	-0.99889	1.12901	-1.53263	77.97746	62.60604	779.77456	626.06041
70.72600	97.16268	-1.14864	1.32498	-1.45997	77.91745	62.68070	779.17453	626.80703
70.82600	97.30514	-1.29037	1.52490	-1.37175	77.85738	62.75531	778.57378	627.55308
70.92600	97.46780	-1.42239	1.72926	-1.26557	77.79723	62.82985	777.97232	628.29855
71.02600	97.65115	-1.54278	1.93844	-1.13833	77.73702	62.90434	777.37015	629.04344
71.12600	97.85566	-1.64922	2.15261	-0.98595	77.67673	62.97878	776.76727	629.78775
71.22600	98.08183	-1.73895	2.37153	-0.80304	77.61637	63.05315	776.16367	630.53149
71.32600	98.33009	-1.80857	2.59419	-0.58240	77.55594	63.12746	775.55936	631.27465
71.42600	98.60072	-1.85385	2.81822	-0.31429	77.49543	63.20172	774.95434	632.01723
71.52600	98.89362	-1.86941	3.03861	0.01453	77.43486	63.27592	774.34860	632.75923
71.62600	99.20800	-1.84833	3.24549	0.42219	77.37422	63.35006	773.74216	633.50065
71.72600	99.54164	-1.78154	3.41953	0.93309	77.31350	63.42415	773.13501	634.24148
71.82600	99.88959	-1.65724	3.52308	1.57815	77.25271	63.49817	772.52714	634.98174
71.92600	100.24156	-1.46036	3.48356	2.38907	77.19186	63.57214	771.91857	635.72141
72.02600	100.57720	-1.17361	3.16843	3.37114	77.13093	63.64605	771.30929	636.46050
72.12600	100.85940	-0.78356	2.37893	4.42204	77.06993	63.71990	770.69931	637.19901
72.22600	101.03216	-0.29789	0.97909	5.20527	77.00886	63.79369	770.08861	637.93693
72.32600	101.04307	0.23262	-0.76853	5.25906	76.94772	63.86743	769.47721	638.67427
72.42600	100.88821	0.72764	-2.23755	4.54420	76.88651	63.94110	768.86511	639.41102
72.52600	100.61632	1.13076	-3.10022	3.50266	76.82523	64.01472	768.25229	640.14718
72.62600	100.28490	1.42987	-3.46276	2.50282	76.76388	64.08828	767.63878	640.88276
72.72600	99.93359	1.63700	-3.52792	1.66975	76.70246	64.16177	767.02456	641.61774
72.82600	99.58444	1.76948	-3.43730	1.00560	76.64096	64.23521	766.40963	642.35214
72.92600	99.24866	1.84273	-3.26950	0.47978	76.57940	64.30860	765.79400	643.08595
73.02600	98.93173	1.86899	-3.06541	0.06072	76.51777	64.38192	765.17767	643.81917
73.12600	98.63608	1.85759	-2.84604	-0.27684	76.45606	64.45518	764.56064	644.55180
73.22600	98.36266	1.81570	-2.62213	-0.55171	76.39429	64.52838	763.94291	645.28384
73.32600	98.11162	1.74887	-2.39914	-0.77768	76.33245	64.60153	763.32447	646.01529
73.42600	97.88272	1.66146	-2.17968	-0.96487	76.27053	64.67461	762.70533	646.74614
73.52600	97.67553	1.55694	-1.96490	-1.12073	76.20855	64.74764	762.08550	647.47640
73.62600	97.48957	1.43817	-1.75511	-1.25087	76.14650	64.82061	761.46497	648.20607
73.72600	97.32435	1.30748	-1.55017	-1.35949	76.08437	64.89351	760.84373	648.93514
73.82600	97.17939	1.16688	-1.34973	-1.44982	76.02218	64.96636	760.22180	649.66362
73.92600	97.05427	1.01805	-1.15330	-1.52432	75.95992	65.03915	759.59917	650.39149
74.02600	96.94861	0.86248	-0.96034	-1.58488	75.89758	65.11188	758.97585	651.11878
74.12600	96.86210	0.70149	-0.77029	-1.63294	75.83518	65.18455	758.35183	651.84546
74.22600	96.79448	0.53627	-0.58257	-1.66960	75.77271	65.25716	757.72711	652.57155
74.32600	96.74553	0.36792	-0.39661	-1.69564	75.71017	65.32970	757.10170	653.29704
74.42600	96.71511	0.19748	-0.21185	-1.71163	75.64756	65.40219	756.47559	654.02193
74.52600	96.70314	0.02592	-0.02772	-1.71788	75.58488	65.47462	755.84879	654.74622
74.62600	96.70957	-0.14578	0.15631	-1.71453	75.52213	65.54699	755.22129	655.46991
74.72600	96.73442	-0.31666	0.34082	-1.70151	75.45931	65.61930	754.59310	656.19300
74.82600	96.77777	-0.48575	0.52636	-1.67854	75.39642	65.69155	753.96422	656.91548
74.92600	96.83974	-0.65203	0.71350	-1.64516	75.33347	65.76374	753.33465	657.63736
75.02600	96.92054	-0.81441	0.90279	-1.60064	75.27044	65.83586	752.70439	658.35864
75.12600	97.02039	-0.97175	1.09481	-1.54398	75.20734	65.90793	752.07344	659.07932
75.22600	97.13961	-1.12276	1.29014	-1.47386	75.14418	65.97994	751.44179	659.79939
75.32600	97.27855	-1.26602	1.48932	-1.38854	75.08095	66.05189	750.80946	660.51885
75.42600	97.43762	-1.39989	1.69287	-1.28573	75.01764	66.12377	750.17644	661.23771
75.52600	97.61728	-1.52248	1.90118	-1.16247	74.95427	66.19560	749.54273	661.95597
75.62600	97.81802	-1.63157	2.11447	-1.01487	74.89083	66.26736	748.90833	662.67361
75.72600	98.04034	-1.72448	2.33260	-0.83782	74.82732	66.33906	748.27324	663.39065
75.82600	98.28468	-1.79793	2.55472	-0.62445	74.76375	66.41071	747.63747	664.10708
75.92600	98.55135	-1.84785	2.77877	-0.36557	74.70010	66.48229	747.00101	664.82290
76.02600	98.84035	-1.86911	3.00035	-0.04861	74.63639	66.55381	746.36387	665.53811
76.12600	99.15105	-1.85507	3.21066	0.34357	74.57260	66.62527	745.72604	666.25270
76.22600	99.48156	-1.79712	3.39254	0.83417	74.50875	66.69667	745.08753	666.96669
76.32600	99.82753	-1.68397	3.51252	1.45312	74.44483	66.76801	744.44834	667.68007
76.42600	100.17990	-1.50112	3.50581	2.23300	74.38085	66.83928	743.80846	668.39283
76.52600	100.52055	-1.23146	3.25226	3.18763	74.31679	66.91050	743.16790	669.10498
76.62600	100.81580	-0.85999	2.56168	4.24287	74.25267	66.98165	742.52666	669.81652
76.72600	101.01234	-0.38889	1.26620	5.10889	74.18847	67.05274	741.88473	670.52744
76.82600	101.05394	0.13934	-0.46274	5.31326	74.12421	67.12377	741.24213	671.23774
76.92600	100.92580	0.64602	-2.02050	4.70844	74.05988	67.19474	740.59884	671.94743
77.02600	100.67006	1.06732	-2.99036	3.69023	73.99549	67.26565	739.95488	672.65651
77.12600	100.34567	1.38427	-3.42563	2.66830	73.93102	67.33650	739.31024	673.36496
77.22600	99.99586	1.60638	-3.53081	1.80376	73.86649	67.40728	738.66491	674.07280
77.32600	99.64528	1.75081	-3.46051	1.11175	73.80189	67.47800	738.01892	674.78002
77.42600	99.30663	1.83354	-3.30257	0.56396	73.73722	67.54866	737.37224	675.48662
77.52600	98.98613	1.86733	-3.10295	0.12809	73.67249	67.61926	736.72489	676.19261
77.62600	98.68663	1.86200	-2.88528	-0.22231	73.60769	67.68980	736.07686	676.89797
77.72600	98.40927	1.82505	-2.66167	-0.50711	73.54282	67.76027	735.42815	677.60271
77.82600	98.15429	1.76227	-2.43827	-0.74089	73.47788	67.83068	734.77878	678.30683
77.92600	97.92151	1.67821	-2.21807	-0.93431	73.41287	67.90103	734.12872	679.01032
78.02600	97.71052	1.57649	-2.00243	-1.09524	73.34780	67.97132	733.47800	679.71320
78.12600	97.52085	1.46005	-1.79175	-1.22958	73.28266	68.04154	732.82660	680.41544
78.22600	97.35201	1.33131	-1.58598	-1.34174	73.21745	68.11171	732.17453	681.11707
78.32600	97.20351	1.19232	-1.38478	-1.43510	73.15218	68.18181	731.52178	681.81807
78.42600	97.07491	1.04483	-1.18768	-1.51224	73.08684	68.25184	730.86837	682.51845
78.52600	96.96585	0.89035	-0.99415	-1.57514	73.02143	68.32182	730.21428	683.21819
78.62600	96.87598	0.73023	-0.80363	-1.62532	72.95595	68.39173	729.55953	683.91732
78.72600	96.80504	0.56567	-0.61554	-1.66392	72.89041	68.46158	728.90410	684.61581
78.82600	96.75281	0.39780	-0.42931	-1.69179	72.82480	68.53137	728.24801	685.31368
78.92600	96.71914	0.22765	-0.24438	-1.70952	72.75912	68.60109	727.59125	686.01091
79.02600	96.70391	0.05622	-0.06018	-1.71748	72.69338	68.67075	726.93382	686.70752
79.12600	96.70710	-0.11552	0.12383	-1.71582	72.62757	68.74035	726.27573	687.40350
79.22600	96.72869	-0.28662	0.30822	-1.70452	72.56170	68.80988	725.61696	688.09885
79.32600	96.76877	-0.45610	0.49353	-1.68334	72.49575	68.87936	724.95754	688.79356
79.42600	96.82745	-0.62294	0.68034	-1.65183	72.42974	68.94876	724.29744	689.48765
79.52600	96.90491	-0.78610	0.86921	-1.60934	72.36367	69.01811	723.63668	690.18110
79.62600	97.00138	-0.94441	1.06072	-1.55491	72.29753	69.08739	722.97526	690.87392
79.72600	97.11716	-1.09664	1.25542	-1.48728	72.23132	69.15661	722.31318	691.56610
79.82600	97.25259	-1.24138	1.45388	-1.40479	72.16504	69.22577	721.65043	692.25765
79.92600	97.40808	-1.37703	1.65662	-1.30526	72.09870	69.29486	720.98702	692.94857
80.02600	97.58407	-1.50177	1.86407	-1.18586	72.03230	69.36388	720.32295	693.63884
80.12600	97.78106	-1.61342	2.07649	-1.04289	71.96582	69.43285	719.65822	694.32849
80.22600	97.99953	-1.70940	2.29379	-0.87147	71.89928	69.50175	718.99283	695.01749
80.32600	98.23996	-1.78655	2.51532	-0.66510	71.83268	69.57059	718.32678	695.70586
80.42600	98.50268	-1.84096	2.73926	-0.41505	71.76601	69.63936	717.66006	696.39359
80.52600	98.78777	-1.86771	2.96175	-0.10943	71.69927	69.70807	716.99269	697.08068
80.62600	99.09473	-1.86046	3.17499	0.26799	71.63247	69.77671	716.32467	697.76713
80.72600	99.42196	-1.81099	3.36371	0.73924	71.56560	69.84529	715.65598	698.45294
80.82600	99.76569	-1.70853	3.49815	1.33313	71.49866	69.91381	714.98664	699.13811
80.92600	100.11791	-1.53917	3.52058	2.08257	71.43166	69.98226	714.31665	699.82264
81.02600	100.46254	-1.28609	3.32255	3.00781	71.36460	70.05065	713.64599	700.50653
81.12600	100.76914	-0.93321	2.72473	4.05853	71.29747	70.11898	712.97469	701.18977
81.22600	100.98758	-0.47800	1.53830	4.99103	71.23027	70.18724	712.30273	701.87237
81.32600	101.05936	0.04533	-0.15092	5.34049	71.16301	70.25543	711.63011	702.55433
81.42600	100.95938	0.56161	-1.78373	4.86002	71.09568	70.32356	710.95684	703.23564
81.52600	100.72172	1.00056	-2.86359	3.87844	71.02829	70.39163	710.28292	703.91631
81.62600	100.40570	1.33570	-3.37842	2.83901	70.96084	70.45963	709.60835	704.59633
81.72600	100.05813	1.57334	-3.52841	1.94323	70.89331	70.52757	708.93313	705.27570
81.82600	99.70651	1.73023	-3.48110	1.22238	70.82573	70.59544	708.25726	705.95443
81.92600	99.36517	1.82282	-3.33439	0.65160	70.75807	70.66325	707.58073	706.63251
82.02600	99.04120	1.86445	-3.13995	0.19811	70.69036	70.73099	706.90356	707.30994
82.12600	98.73787	1.86542	-2.92435	-0.16575	70.62257	70.79867	706.22574	707.98673
82.22600	98.45657	1.83359	-2.70122	-0.46093	70.55473	70.86629	705.54727	708.66286
82.32600	98.19765	1.77501	-2.47750	-0.70284	70.48682	70.93383	704.86816	709.33834
82.42600	97.96097	1.69442	-2.25661	-0.90274	70.41884	71.00132	704.18839	710.01317
82.52600	97.74618	1.59558	-2.04011	-1.06893	70.35080	71.06874	703.50799	710.68735
82.62600	97.55279	1.48155	-1.82855	-1.20760	70.28269	71.13609	702.82693	711.36088
82.72600	97.38030	1.35482	-1.62193	-1.32340	70.21452	71.20338	702.14523	712.03376
82.82600	97.22824	1.21751	-1.41996	-1.41987	70.14629	71.27060	701.46289	712.70598
82.92600	97.09617	1.07140	-1.22217	-1.49971	70.07799	71.33775	700.77990	713.37755
83.02600	96.98369	0.91805	-1.02806	-1.56500	70.00963	71.40485	700.09627	714.04846
83.12600	96.89045	0.75883	-0.83704	-1.61733	69.94120	71.47187	699.41200	714.71872
83.22600	96.81619	0.59498	-0.64857	-1.65791	69.87271	71.53883	698.72709	715.38833
83.32600	96.76068	0.42761	-0.46205	-1.68763	69.80415	71.60573	698.04153	716.05727
83.42600	96.72374	0.25779	-0.27693	-1.70711	69.73553	71.67256	697.35534	716.72556
83.52600	96.70526	0.08652	-0.09265	-1.71678	69.66685	71.73932	696.66850	717.39320
83.62600	96.70520	-0.08524	0.09136	-1.71681	69.59810	71.80602	695.98103	718.06017
83.72600	96.72354	-0.25653	0.27564	-1.70722	69.52929	71.87265	695.29292	718.72649
83.82600	96.76035	-0.42636	0.46075	-1.68781	69.46042	71.93921	694.60417	719.39214
83.92600	96.81574	-0.59375	0.64726	-1.65817	69.39148	72.00571	693.91478	720.05714
84.02600	96.88987	-0.75763	0.83572	-1.61767	69.32248	72.07215	693.22475	720.72147
84.12600	96.98297	-0.91689	1.02672	-1.56543	69.25341	72.13851	692.53409	721.38515
84.22600	97.09532	-1.07029	1.22082	-1.50024	69.18428	72.20482	691.84280	722.04816
84.32600	97.22725	-1.21645	1.41858	-1.42051	69.11509	72.27105	691.15087	722.71051
84.42600	97.37917	-1.35384	1.62053	-1.32417	69.04583	72.33722	690.45830	723.37220
84.52600	97.55151	-1.48064	1.82712	-1.20851	68.97651	72.40332	689.76510	724.03322
84.62600	97.74476	-1.59478	2.03865	-1.07002	68.90713	72.46936	689.07127	724.69358
84.72600	97.95941	-1.69373	2.25512	-0.90404	68.83768	72.53533	688.37681	725.35327
84.82600	98.19593	-1.77447	2.47600	-0.70439	68.76817	72.60123	687.68171	726.01230
84.92600	98.45471	-1.83322	2.69972	-0.46281	68.69860	72.66707	686.98599	726.67066
85.02600	98.73586	-1.86526	2.92288	-0.16803	68.62896	72.73284	686.28963	727.32836
85.12600	99.03904	-1.86454	3.13858	0.19531	68.55926	72.79854	685.59265	727.98539
85.22600	99.36289	-1.82322	3.33325	0.64811	68.48950	72.86417	684.89503	728.64175
85.32600	99.70414	-1.73103	3.48043	1.21800	68.41968	72.92974	684.19679	729.29744
85.42600	100.05573	-1.57462	3.52869	1.93775	68.34979	72.99525	683.49792	729.95246
85.52600	100.40341	-1.33759	3.38050	2.83238	68.27984	73.06068	682.79842	730.60681
85.62600	100.71978	-1.00316	2.86882	3.87127	68.20983	73.12605	682.09830	731.26050
85.72600	100.95817	-0.56486	1.79315	4.85452	68.13975	73.19135	681.39755	731.91351
85.82600	101.05925	-0.04891	0.16289	5.33996	68.06962	73.25658	680.69617	732.56585
85.92600	100.98861	0.47466	-1.52819	4.99586	67.99942	73.32175	679.99417	733.21752
86.02600	100.77098	0.93050	-2.71880	4.06562	67.92915	73.38685	679.29155	733.86851
86.12600	100.46479	1.28408	-3.32002	3.01461	67.85883	73.45188	678.58830	734.51884
86.22600	100.12031	1.53779	-3.52006	2.08825	67.78844	73.51685	677.88443	735.16848
86.32600	99.76808	1.70766	-3.49870	1.33769	67.71799	73.58175	677.17994	735.81746
86.42600	99.42426	1.81053	-3.36479	0.74287	67.64748	73.64658	676.47483	736.46576
86.52600	99.09691	1.86032	-3.17633	0.27090	67.57691	73.71134	675.76909	737.11338
86.62600	98.78980	1.86783	-2.96321	-0.10707	67.50627	73.77603	675.06274	737.76033
86.72600	98.50457	1.84130	-2.74076	-0.41311	67.43558	73.84066	674.35577	738.40660
86.82600	98.24170	1.78706	-2.51682	-0.66350	67.36482	73.90522	673.64817	739.05219
86.92600	98.00112	1.71006	-2.29528	-0.87013	67.29400	73.96971	672.93996	739.69710
87.02600	97.78250	1.61420	-2.07795	-1.04177	67.22311	74.03413	672.23114	740.34134
87.12600	97.58537	1.50265	-1.86551	-1.18492	67.15217	74.09849	671.52169	740.98490
87.22600	97.40923	1.37800	-1.65803	-1.30447	67.08116	74.16278	670.81163	741.62777
87.32600	97.25360	1.24242	-1.45527	-1.40413	67.01010	74.22700	670.10096	742.26997
87.42600	97.11803	1.09774	-1.25678	-1.48674	66.93897	74.29115	669.38967	742.91148
87.52600	97.00212	0.94557	-1.06206	-1.55447	66.86778	74.35523	668.67776	743.55232
87.62600	96.90552	0.78729	-0.87054	-1.60898	66.79652	74.41925	667.96525	744.19247
87.72600	96.82793	0.62417	-0.68166	-1.65156	66.72521	74.48319	667.25212	744.83194
87.82600	96.76912	0.45735	-0.49483	-1.68314	66.65384	74.54707	666.53837	745.47072
87.92600	96.72891	0.28788	-0.30951	-1.70440	66.58240	74.61088	665.82402	746.10882
88.02600	96.70718	0.11679	-0.12512	-1.71577	66.51091	74.67462	665.10905	746.74624
88.12600	96.70387	-0.05495	0.05889	-1.71750	66.43935	74.73830	664.39348	747.38297
88.22600	96.71897	-0.22639	0.24309	-1.70962	66.36773	74.80190	663.67729	748.01902
88.32600	96.75251	-0.39655	0.42801	-1.69196	66.29605	74.86544	662.96050	748.65438
88.42600	96.80461	-0.56444	0.61423	-1.66416	66.22431	74.92890	662.24310	749.28905
88.52600	96.87542	-0.72902	0.80231	-1.62564	66.15251	74.99230	661.52509	749.92304
88.62600	96.96516	-0.88918	0.99282	-1.57555	66.08065	75.05563	660.80647	750.55633
88.72600	97.07409	-1.04371	1.18633	-1.51275	66.00872	75.11889	660.08725	751.18894
88.82600	97.20254	-1.19126	1.38340	-1.43572	65.93674	75.18209	659.36742	751.82086
88.92600	97.35090	-1.33031	1.58458	-1.34248	65.86470	75.24521	658.64699	752.45209
89.02600	97.51961	-1.45913	1.79033	-1.23046	65.79259	75.30826	657.92595	753.08263
89.12600	97.70913	-1.57567	2.00097	-1.09630	65.72043	75.37125	657.20431	753.71248
89.22600	97.91997	-1.67750	2.21659	-0.93556	65.64821	75.43416	656.48206	754.34163
89.32600	98.15260	-1.76170	2.43677	-0.74239	65.57592	75.49701	655.75922	754.97010
89.42600	98.40743	-1.82464	2.66017	-0.50892	65.50358	75.55979	655.03577	755.59787
89.52600	98.68465	-1.86179	2.88380	-0.22451	65.43117	75.62250	654.31172	756.22495
89.62600	98.98400	-1.86737	3.10156	0.12539	65.35871	75.68513	653.58707	756.85134
89.72600	99.30437	-1.83388	3.30137	0.56060	65.28618	75.74770	652.86182	757.47703
89.82600	99.64292	-1.75153	3.45973	1.10754	65.21360	75.81020	652.13597	758.10202
89.92600	99.99346	-1.60757	3.53087	1.79849	65.14095	75.87263	651.40952	758.72632
90.02600	100.34335	-1.38605	3.42731	2.66186	65.06825	75.93499	650.68248	759.34993
90.12600	100.66804	-1.06978	2.99493	3.68306	64.99548	75.99728	649.95484	759.97283
90.22600	100.92443	-0.64917	2.02920	4.70241	64.92266	76.05950	649.22660	760.59504
90.32600	101.05363	-0.14289	0.47456	5.31169	64.84978	76.12166	648.49777	761.21656
90.42600	101.01319	0.38547	-1.25548	5.11296	64.77683	76.18374	647.76834	761.83737
90.52600	100.81753	0.85715	-2.55501	4.24980	64.70383	76.24575	647.03832	762.45748
90.62600	100.52275	1.22932	-3.24924	3.19458	64.63077	76.30769	646.30770	763.07690
90.72600	100.18228	1.49963	-3.50502	2.23890	64.55765	76.36956	645.57649	763.69562
90.82600	99.82992	1.68301	-3.51292	1.45786	64.48447	76.43136	644.84469	764.31363
90.92600	99.48387	1.79659	-3.39356	0.83795	64.41123	76.49309	644.11230	764.93094
91.02600	99.15325	1.85488	-3.21197	0.34659	64.33793	76.55476	643.37931	765.54755
91.12600	98.84242	1.86919	-3.00179	-0.04616	64.26457	76.61635	642.64574	766.16346
91.22600	98.55326	1.84815	-2.78027	-0.36356	64.19116	76.67787	641.91158	766.77867
91.32600	98.28644	1.79841	-2.55623	-0.62280	64.11768	76.73932	641.17682	767.39317
91.42600	98.04195	1.72511	-2.33409	-0.83644	64.04415	76.80070	640.44148	768.00697
91.52600	97.81949	1.63233	-2.11594	-1.01372	63.97056	76.86201	639.70555	768.62007
91.62600	97.61860	1.52335	-1.90262	-1.16150	63.89690	76.92325	638.96904	769.23245
91.72600	97.43880	1.40084	-1.69428	-1.28491	63.82319	76.98441	638.23194	769.84414
91.82600	97.27959	1.26705	-1.49071	-1.38786	63.74942	77.04551	637.49425	770.45511
91.92600	97.14051	1.12385	-1.29151	-1.47330	63.67560	77.10654	636.75598	771.06538
92.02600	97.02116	0.97290	-1.09616	-1.54352	63.60171	77.16749	636.01712	771.67495
92.12600	96.92117	0.81560	-0.90412	-1.60027	63.52777	77.22838	635.27768	772.28380
92.22600	96.84024	0.65325	-0.71481	-1.64487	63.45377	77.28919	634.53766	772.89195
92.32600	96.77813	0.48700	-0.52767	-1.67834	63.37971	77.34994	633.79705	773.49938
92.42600	96.73466	0.31793	-0.34212	-1.70138	63.30559	77.41061	633.05586	774.10611
92.52600	96.70968	0.14705	-0.15760	-1.71447	63.23141	77.47121	632.31410	774.71213
92.62600	96.70312	-0.02465	0.02644	-1.71789	63.15718	77.53174	631.57175	775.31743
92.72600	96.71497	-0.19621	0.21056	-1.71171	63.08288	77.59220	630.82882	775.92203
92.82600	96.74525	-0.36666	0.39531	-1.69580	63.00853	77.65259	630.08532	776.52591
92.92600	96.79407	-0.53503	0.58126	-1.66983	62.93412	77.71291	629.34123	777.12908
93.02600	96.86156	-0.70028	0.76897	-1.63325	62.85966	77.77315	628.59657	777.73154
93.12600	96.94794	-0.86130	0.95901	-1.58527	62.78513	77.83333	627.85133	778.33328
93.22600	97.05346	-1.01692	1.15195	-1.52481	62.71055	77.89343	627.10552	778.93431
93.32600	97.17845	-1.16580	1.34835	-1.45042	62.63591	77.95346	626.35913	779.53463
93.42600	97.32327	-1.30647	1.54877	-1.36021	62.56122	78.01342	625.61217	780.13423
93.52600	97.48835	-1.43723	1.75368	-1.25172	62.48646	78.07331	624.86463	780.73311
93.62600	97.67416	-1.55610	1.96345	-1.12175	62.41165	78.13313	624.11652	781.33128
93.72600	97.88121	-1.66073	2.17821	-0.96608	62.33678	78.19287	623.36783	781.92873
93.82600	98.10996	-1.74828	2.39764	-0.77914	62.26186	78.25255	622.61858	782.52547
93.92600	98.36085	-1.81527	2.62063	-0.55346	62.18688	78.31215	621.86875	783.12148
94.02600	98.63412	-1.85735	2.84455	-0.27896	62.11184	78.37168	621.11835	783.71678
94.12600	98.92962	-1.86898	3.06400	0.05812	62.03674	78.43114	620.36739	784.31136
94.22600	99.24643	-1.84302	3.26826	0.47656	61.96158	78.49052	619.61585	784.90522
94.32600	99.58209	-1.77012	3.43643	1.00157	61.88637	78.54984	618.86374	785.49835
94.42600	99.93119	-1.63810	3.52779	1.66468	61.81111	78.60908	618.11107	786.09077
94.52600	100.28255	-1.43153	3.46407	2.49658	61.73578	78.66825	617.35783	786.68247
94.62600	100.61422	-1.13310	3.10417	3.49553	61.66040	78.72734	616.60403	787.27344
94.72600	100.88670	-0.73068	2.24548	4.53774	61.58497	78.78637	615.84965	787.86370
94.82600	101.04255	-0.23614	0.78004	5.25649	61.50947	78.84532	615.09472	788.45323
94.92600	101.03282	0.29440	-0.96786	5.20847	61.43392	78.90420	614.33921	789.04203
95.02600	100.86101	0.78060	-2.37151	4.42872	61.35831	78.96301	613.58315	789.63011
95.12600	100.57935	1.17136	-3.16487	3.37821	61.28265	79.02175	612.82652	790.21747
95.22600	100.24392	1.45877	-3.48247	2.39517	61.20693	79.08041	612.06933	790.80411
95.32600	99.89199	1.65620	-3.52333	1.58308	61.13116	79.13900	611.31158	791.39001
95.42600	99.54398	1.78094	-3.42046	0.93702	61.05533	79.19752	610.55327	791.97519
95.52600	99.21022	1.84808	-3.24676	0.42534	60.97944	79.25596	609.79439	792.55965
95.62600	98.89571	1.86945	-3.04004	0.01707	60.90350	79.31434	609.03496	793.14338
95.72600	98.60266	1.85412	-2.81971	-0.31222	60.82750	79.37264	608.27497	793.72638
95.82600	98.33188	1.80903	-2.59570	-0.58069	60.75144	79.43086	607.51442	794.30865
95.92600	98.08347	1.73956	-2.37302	-0.80162	60.67533	79.48902	606.75331	794.89019
96.02600	97.85715	1.64996	-2.15408	-0.98476	60.59917	79.54710	605.99165	795.47100
96.12600	97.65249	1.54363	-1.93989	-1.13733	60.52294	79.60511	605.22943	796.05109
96.22600	97.46901	1.42333	-1.73068	-1.26473	60.44667	79.66304	604.46666	796.63044
96.32600	97.30620	1.29138	-1.52629	-1.37104	60.37033	79.72091	603.70333	797.20906
96.42600	97.16360	1.14972	-1.32635	-1.45939	60.29394	79.77870	602.93945	797.78695
96.52600	97.04080	1.00003	-1.13036	-1.53215	60.21750	79.83641	602.17501	798.36411
96.62600	96.93741	0.84375	-0.93778	-1.59117	60.14100	79.89405	601.41002	798.94054
96.72600	96.85315	0.68220	-0.74803	-1.63784	60.06445	79.95162	600.64448	799.51623
96.82600	96.78773	0.51656	-0.56055	-1.67321	59.98784	80.00912	599.87839	800.09119
96.92600	96.74098	0.34791	-0.37476	-1.69804	59.91117	80.06654	599.11175	800.66542
97.02600	96.71274	0.17729	-0.19010	-1.71287	59.83446	80.12389	598.34455	801.23891
97.12600	96.70294	0.00566	-0.00602	-1.71799	59.75768	80.18117	597.57681	801.81167
97.22600	96.71154	-0.16599	0.17805	-1.71350	59.68085	80.23837	596.80853	802.38369
97.32600	96.73857	-0.33672	0.36265	-1.69933	59.60397	80.29550	596.03969	802.95497
97.42600	96.78411	-0.50553	0.54835	-1.67516	59.52703	80.35255	595.27031	803.52552
97.52600	96.84829	-0.67140	0.73570	-1.64051	59.45004	80.40953	594.50038	804.09533
97.62600	96.93132	-0.83325	0.92529	-1.59461	59.37299	80.46644	593.72990	804.66440
97.72600	97.03344	-0.98991	1.11768	-1.53644	59.29589	80.52327	592.95888	805.23274
97.82600	97.15497	-1.14009	1.31343	-1.46463	59.21873	80.58003	592.18732	805.80033
97.92600	97.29626	-1.28232	1.51310	-1.37737	59.14152	80.63672	591.41521	806.36719
98.02600	97.45774	-1.41497	1.71719	-1.27232	59.06426	80.69333	590.64256	806.93331
98.12600	97.63986	-1.53609	1.92609	-1.14641	58.98694	80.74987	589.86937	807.49868
98.22600	97.84312	-1.64342	2.13997	-0.99564	58.90956	80.80633	589.09564	808.06332
98.32600	98.06801	-1.73422	2.35863	-0.81469	58.83214	80.86272	588.32137	808.62721
98.42600	98.31497	-1.80512	2.58112	-0.59649	58.75466	80.91904	587.54655	809.19037
98.52600	98.58429	-1.85196	2.80517	-0.33148	58.67712	80.97528	586.77120	809.75278
98.62600	98.87591	-1.86943	3.02599	-0.00665	58.59953	81.03144	585.99531	810.31444
98.72600	99.18907	-1.85071	3.23407	0.39581	58.52189	81.08754	585.21888	810.87537
98.82600	99.52169	-1.78689	3.41083	0.89988	58.44419	81.14355	584.44192	811.43555
98.92600	99.86902	-1.66633	3.52005	1.53619	58.36644	81.19950	583.66442	811.99498
99.02600	100.22119	-1.47416	3.49182	2.33678	58.28864	81.25537	582.88638	812.55367
99.12600	100.55862	-1.19312	3.19777	3.31004	58.21078	81.31116	582.10781	813.11162
99.22600	100.84533	-0.80920	2.44164	4.36346	58.13287	81.36688	581.32870	813.66881
99.32600	101.02616	-0.32819	1.07563	5.17591	58.05491	81.42253	580.54906	814.22527
99.42600	101.04726	0.20186	-0.66822	5.27991	57.97689	81.47810	579.76889	814.78097
99.52600	100.90107	0.70095	-2.16792	4.59978	57.89882	81.53359	578.98819	815.33593
99.62600	100.63432	1.11013	-3.06564	3.56459	57.82070	81.58901	578.20696	815.89014
99.72600	100.30509	1.41510	-3.45151	2.55700	57.74252	81.64436	577.42519	816.44360
99.82600	99.95420	1.62713	-3.52941	1.71352	57.66429	81.69963	576.64290	816.99631
99.92600	99.60454	1.76351	-3.44525	1.04026	57.58601	81.75483	575.86007	817.54827
