0	0	5	7.06681	7.07532
0.01	0.0706681	5.07059	7.06681	7.05912
0.02	0.141336	5.14102	7.06681	7.04292
0.03	0.212004	5.21129	7.06681	7.02672
0.04	0.282672	5.28139	7.06681	7.01052
0.05	0.353341	5.35134	7.06681	6.99432
0.06	0.424009	5.42112	7.06681	6.97812
0.07	0.494677	5.49074	7.06681	6.96192
0.08	0.565345	5.56019	7.06681	6.94572
0.09	0.636013	5.62949	7.06681	6.92952
0.1	0.706681	5.69862	7.06681	6.91332
0.11	0.777349	5.76759	7.06681	6.89712
0.12	0.848017	5.8364	7.06681	6.88092
0.13	0.918685	5.90505	7.06681	6.86472
0.14	0.989354	5.97354	7.06681	6.84852
0.15	1.06002	6.04186	7.06681	6.83232
0.16	1.13069	6.11002	7.06681	6.81612
0.17	1.20136	6.17802	7.06681	6.79992
0.18	1.27203	6.24586	7.06681	6.78372
0.19	1.34269	6.31353	7.06681	6.76752
0.2	1.41336	6.38104	7.06681	6.75132
0.21	1.48403	6.4484	7.06681	6.73512
0.22	1.5547	6.51558	7.06681	6.71892
0.23	1.62537	6.58261	7.06681	6.70272
0.24	1.69603	6.64948	7.06681	6.68652
0.25	1.7667	6.71618	7.06681	6.67032
0.26	1.83737	6.78272	7.06681	6.65412
0.27	1.90804	6.8491	7.06681	6.63792
0.28	1.97871	6.91532	7.06681	6.62172
0.29	2.04938	6.98137	7.06681	6.60552
0.3	2.12004	7.04727	7.06681	6.58932
0.31	2.19071	7.113	7.06681	6.57312
0.32	2.26138	7.17857	7.06681	6.55692
0.33	2.33205	7.24397	7.06681	6.54072
0.34	2.40272	7.30922	7.06681	6.52452
0.35	2.47338	7.3743	7.06681	6.50832
0.36	2.54405	7.43922	7.06681	6.49212
0.37	2.61472	7.50398	7.06681	6.47592
0.38	2.68539	7.56858	7.06681	6.45972
0.39	2.75606	7.63302	7.06681	6.44352
0.4	2.82672	7.69729	7.06681	6.42732
0.41	2.89739	7.7614	7.06681	6.41112
0.42	2.96806	7.82535	7.06681	6.39492
0.43	3.03873	7.88914	7.06681	6.37872
0.44	3.1094	7.95276	7.06681	6.36252
0.45	3.18006	8.01622	7.06681	6.34632
0.46	3.25073	8.07953	7.06681	6.33012
0.47	3.3214	8.14267	7.06681	6.31392
0.48	3.39207	8.20564	7.06681	6.29772
0.49	3.46274	8.26846	7.06681	6.28152
0.5	3.53341	8.33111	7.06681	6.26532
0.51	3.60407	8.3936	7.06681	6.24912
0.52	3.67474	8.45593	7.06681	6.23292
0.53	3.74541	8.5181	7.06681	6.21672
0.54	3.81608	8.5801	7.06681	6.20052
0.55	3.88675	8.64195	7.06681	6.18432
0.56	3.95741	8.70363	7.06681	6.16812
0.57	4.02808	8.76515	7.06681	6.15192
0.58	4.09875	8.8265	7.06681	6.13572
0.59	4.16942	8.8877	7.06681	6.11952
0.6	4.24009	8.94873	7.06681	6.10332
0.61	4.31075	9.0096	7.06681	6.08712
0.62	4.38142	9.07031	7.06681	6.07092
0.63	4.45209	9.13086	7.06681	6.05472
0.64	4.52276	9.19125	7.06681	6.03852
0.65	4.59343	9.25147	7.06681	6.02232
0.66	4.6641	9.31153	7.06681	6.00612
0.67	4.73476	9.37143	7.06681	5.98992
0.68	4.80543	9.43117	7.06681	5.97372
0.69	4.8761	9.49074	7.06681	5.95752
0.7	4.94677	9.55016	7.06681	5.94132
0.71	5.01744	9.60941	7.06681	5.92512
0.72	5.0881	9.6685	7.06681	5.90892
0.73	5.15877	9.72742	7.06681	5.89272
0.74	5.22944	9.78619	7.06681	5.87652
0.75	5.30011	9.84479	7.06681	5.86032
0.76	5.37078	9.90323	7.06681	5.84412
0.77	5.44144	9.96151	7.06681	5.82792
0.78	5.51211	10.0196	7.06681	5.81172
0.79	5.58278	10.0776	7.06681	5.79552
0.8	5.65345	10.1354	7.06681	5.77932
0.81	5.72412	10.193	7.06681	5.76312
0.82	5.79478	10.2505	7.06681	5.74692
0.83	5.86545	10.3078	7.06681	5.73072
0.84	5.93612	10.3649	7.06681	5.71452
0.85	6.00679	10.4219	7.06681	5.69832
0.86	6.07746	10.4787	7.06681	5.68212
0.87	6.14813	10.5354	7.06681	5.66592
0.88	6.21879	10.5919	7.06681	5.64972
0.89	6.28946	10.6482	7.06681	5.63352
0.9	6.36013	10.7044	7.06681	5.61732
0.91	6.4308	10.7604	7.06681	5.60112
0.92	6.50147	10.8163	7.06681	5.58492
0.93	6.57213	10.8719	7.06681	5.56872
0.94	6.6428	10.9275	7.06681	5.55252
0.95	6.71347	10.9828	7.06681	5.53632
0.96	6.78414	11.038	7.06681	5.52012
0.97	6.85481	11.0931	7.06681	5.50392
0.98	6.92547	11.148	7.06681	5.48772
0.99	6.99614	11.2027	7.06681	5.47152
1	7.06681	11.2572	7.06681	5.45532
1.01	7.13748	11.3116	7.06681	5.43912
1.02	7.20815	11.3658	7.06681	5.42292
1.03	7.27882	11.4199	7.06681	5.40672
1.04	7.34948	11.4738	7.06681	5.39052
1.05	7.42015	11.5276	7.06681	5.37432
1.06	7.49082	11.5811	7.06681	5.35812
1.07	7.56149	11.6346	7.06681	5.34192
1.08	7.63216	11.6878	7.06681	5.32572
1.09	7.70282	11.7409	7.06681	5.30952
1.1	7.77349	11.7938	7.06681	5.29332
1.11	7.84416	11.8466	7.06681	5.27712
1.12	7.91483	11.8992	7.06681	5.26092
1.13	7.9855	11.9517	7.06681	5.24472
1.14	8.05616	12.004	7.06681	5.22852
1.15	8.12683	12.0561	7.06681	5.21232
1.16	8.1975	12.108	7.06681	5.19612
1.17	8.26817	12.1598	7.06681	5.17992
1.18	8.33884	12.2115	7.06681	5.16372
1.19	8.4095	12.263	7.06681	5.14752
1.2	8.48017	12.3143	7.06681	5.13132
1.21	8.55084	12.3654	7.06681	5.11512
1.22	8.62151	12.4164	7.06681	5.09892
1.23	8.69218	12.4672	7.06681	5.08272
1.24	8.76285	12.5179	7.06681	5.06652
1.25	8.83351	12.5684	7.06681	5.05032
1.26	8.90418	12.6187	7.06681	5.03412
1.27	8.97485	12.6689	7.06681	5.01792
1.28	9.04552	12.7189	7.06681	5.00172
1.29	9.11619	12.7688	7.06681	4.98552
1.3	9.18685	12.8185	7.06681	4.96932
1.31	9.25752	12.868	7.06681	4.95312
1.32	9.32819	12.9174	7.06681	4.93692
1.33	9.39886	12.9666	7.06681	4.92072
1.34	9.46953	13.0156	7.06681	4.90452
1.35	9.54019	13.0645	7.06681	4.88832
1.36	9.61086	13.1132	7.06681	4.87212
1.37	9.68153	13.1618	7.06681	4.85592
1.38	9.7522	13.2102	7.06681	4.83972
1.39	9.82287	13.2584	7.06681	4.82352
1.4	9.89354	13.3065	7.06681	4.80732
1.41	9.9642	13.3544	7.06681	4.79112
1.42	10.0349	13.4022	7.06681	4.77492
1.43	10.1055	13.4498	7.06681	4.75872
1.44	10.1762	13.4972	7.06681	4.74252
1.45	10.2469	13.5444	7.06681	4.72632
1.46	10.3175	13.5915	7.06681	4.71012
1.47	10.3882	13.6385	7.06681	4.69392
1.48	10.4589	13.6853	7.06681	4.67772
1.49	10.5295	13.7319	7.06681	4.66152
1.5	10.6002	13.7783	7.06681	4.64532
1.51	10.6709	13.8246	7.06681	4.62912
1.52	10.7416	13.8708	7.06681	4.61292
1.53	10.8122	13.9167	7.06681	4.59672
1.54	10.8829	13.9625	7.06681	4.58052
1.55	10.9536	14.0082	7.06681	4.56432
1.56	11.0242	14.0537	7.06681	4.54812
1.57	11.0949	14.099	7.06681	4.53192
1.58	11.1656	14.1441	7.06681	4.51572
1.59	11.2362	14.1891	7.06681	4.49952
1.6	11.3069	14.234	7.06681	4.48332
1.61	11.3776	14.2786	7.06681	4.46712
1.62	11.4482	14.3231	7.06681	4.45092
1.63	11.5189	14.3675	7.06681	4.43472
1.64	11.5896	14.4117	7.06681	4.41852
1.65	11.6602	14.4557	7.06681	4.40232
1.66	11.7309	14.4996	7.06681	4.38612
1.67	11.8016	14.5433	7.06681	4.36992
1.68	11.8722	14.5868	7.06681	4.35372
1.69	11.9429	14.6302	7.06681	4.33752
1.7	12.0136	14.6734	7.06681	4.32132
1.71	12.0842	14.7164	7.06681	4.30512
1.72	12.1549	14.7593	7.06681	4.28892
1.73	12.2256	14.802	7.06681	4.27272
1.74	12.2963	14.8446	7.06681	4.25652
1.75	12.3669	14.887	7.06681	4.24032
1.76	12.4376	14.9293	7.06681	4.22412
1.77	12.5083	14.9713	7.06681	4.20792
1.78	12.5789	15.0133	7.06681	4.19172
1.79	12.6496	15.055	7.06681	4.17552
1.8	12.7203	15.0966	7.06681	4.15932
1.81	12.7909	15.138	7.06681	4.14312
1.82	12.8616	15.1793	7.06681	4.12692
1.83	12.9323	15.2204	7.06681	4.11072
1.84	13.0029	15.2614	7.06681	4.09452
1.85	13.0736	15.3021	7.06681	4.07832
1.86	13.1443	15.3428	7.06681	4.06212
1.87	13.2149	15.3832	7.06681	4.04592
1.88	13.2856	15.4235	7.06681	4.02972
1.89	13.3563	15.4636	7.06681	4.01352
1.9	13.4269	15.5036	7.06681	3.99732
1.91	13.4976	15.5434	7.06681	3.98112
1.92	13.5683	15.5831	7.06681	3.96492
1.93	13.6389	15.6226	7.06681	3.94872
1.94	13.7096	15.6619	7.06681	3.93252
1.95	13.7803	15.7011	7.06681	3.91632
1.96	13.8509	15.7401	7.06681	3.90012
1.97	13.9216	15.7789	7.06681	3.88392
1.98	13.9923	15.8176	7.06681	3.86772
1.99	14.063	15.8561	7.06681	3.85152
2	14.1336	15.8944	7.06681	3.83532
2.01	14.2043	15.9326	7.06681	3.81912
2.02	14.275	15.9707	7.06681	3.80292
2.03	14.3456	16.0085	7.06681	3.78672
2.04	14.4163	16.0462	7.06681	3.77052
2.05	14.487	16.0838	7.06681	3.75432
2.06	14.5576	16.1212	7.06681	3.73812
2.07	14.6283	16.1584	7.06681	3.72192
2.08	14.699	16.1954	7.06681	3.70572
2.09	14.7696	16.2323	7.06681	3.68952
2.1	14.8403	16.2691	7.06681	3.67332
2.11	14.911	16.3056	7.06681	3.65712
2.12	14.9816	16.342	7.06681	3.64092
2.13	15.0523	16.3783	7.06681	3.62472
2.14	15.123	16.4144	7.06681	3.60852
2.15	15.1936	16.4503	7.06681	3.59232
2.16	15.2643	16.4861	7.06681	3.57612
2.17	15.335	16.5217	7.06681	3.55992
2.18	15.4056	16.5571	7.06681	3.54372
2.19	15.4763	16.5924	7.06681	3.52752
2.2	15.547	16.6275	7.06681	3.51132
2.21	15.6177	16.6624	7.06681	3.49512
2.22	15.6883	16.6972	7.06681	3.47892
2.23	15.759	16.7319	7.06681	3.46272
2.24	15.8297	16.7663	7.06681	3.44652
2.25	15.9003	16.8006	7.06681	3.43032
2.26	15.971	16.8348	7.06681	3.41412
2.27	16.0417	16.8687	7.06681	3.39792
2.28	16.1123	16.9026	7.06681	3.38172
2.29	16.183	16.9362	7.06681	3.36552
2.3	16.2537	16.9697	7.06681	3.34932
2.31	16.3243	17.003	7.06681	3.33312
2.32	16.395	17.0362	7.06681	3.31692
2.33	16.4657	17.0692	7.06681	3.30072
2.34	16.5363	17.1021	7.06681	3.28452
2.35	16.607	17.1347	7.06681	3.26832
2.36	16.6777	17.1673	7.06681	3.25212
2.37	16.7483	17.1996	7.06681	3.23592
2.38	16.819	17.2318	7.06681	3.21972
2.39	16.8897	17.2639	7.06681	3.20352
2.4	16.9603	17.2957	7.06681	3.18732
2.41	17.031	17.3274	7.06681	3.17112
2.42	17.1017	17.359	7.06681	3.15492
2.43	17.1724	17.3904	7.06681	3.13872
2.44	17.243	17.4216	7.06681	3.12252
2.45	17.3137	17.4527	7.06681	3.10632
2.46	17.3844	17.4836	7.06681	3.09012
2.47	17.455	17.5143	7.06681	3.07392
2.48	17.5257	17.5449	7.06681	3.05772
2.49	17.5964	17.5753	7.06681	3.04152
2.5	17.667	17.6056	7.06681	3.02532
2.51	17.7377	17.6356	7.06681	3.00912
2.52	17.8084	17.6656	7.06681	2.99292
2.53	17.879	17.6953	7.06681	2.97672
2.54	17.9497	17.7249	7.06681	2.96052
2.55	18.0204	17.7544	7.06681	2.94432
2.56	18.091	17.7837	7.06681	2.92812
2.57	18.1617	17.8128	7.06681	2.91192
2.58	18.2324	17.8417	7.06681	2.89572
2.59	18.303	17.8705	7.06681	2.87952
2.6	18.3737	17.8992	7.06681	2.86332
2.61	18.4444	17.9276	7.06681	2.84712
2.62	18.515	17.956	7.06681	2.83092
2.63	18.5857	17.9841	7.06681	2.81472
2.64	18.6564	18.0121	7.06681	2.79852
2.65	18.727	18.0399	7.06681	2.78232
2.66	18.7977	18.0676	7.06681	2.76612
2.67	18.8684	18.0951	7.06681	2.74992
2.68	18.9391	18.1224	7.06681	2.73372
2.69	19.0097	18.1496	7.06681	2.71752
2.7	19.0804	18.1766	7.06681	2.70132
2.71	19.1511	18.2035	7.06681	2.68512
2.72	19.2217	18.2301	7.06681	2.66892
2.73	19.2924	18.2567	7.06681	2.65272
2.74	19.3631	18.283	7.06681	2.63652
2.75	19.4337	18.3092	7.06681	2.62032
2.76	19.5044	18.3353	7.06681	2.60412
2.77	19.5751	18.3612	7.06681	2.58792
2.78	19.6457	18.3869	7.06681	2.57172
2.79	19.7164	18.4124	7.06681	2.55552
2.8	19.7871	18.4378	7.06681	2.53932
2.81	19.8577	18.4631	7.06681	2.52312
2.82	19.9284	18.4881	7.06681	2.50692
2.83	19.9991	18.513	7.06681	2.49072
2.84	20.0697	18.5378	7.06681	2.47452
2.85	20.1404	18.5624	7.06681	2.45832
2.86	20.2111	18.5868	7.06681	2.44212
2.87	20.2817	18.611	7.06681	2.42592
2.88	20.3524	18.6351	7.06681	2.40972
2.89	20.4231	18.6591	7.06681	2.39352
2.9	20.4938	18.6828	7.06681	2.37732
2.91	20.5644	18.7065	7.06681	2.36112
2.92	20.6351	18.7299	7.06681	2.34492
2.93	20.7058	18.7532	7.06681	2.32872
2.94	20.7764	18.7763	7.06681	2.31252
2.95	20.8471	18.7993	7.06681	2.29632
2.96	20.9178	18.8221	7.06681	2.28012
2.97	20.9884	18.8447	7.06681	2.26392
2.98	21.0591	18.8672	7.06681	2.24772
2.99	21.1298	18.8895	7.06681	2.23152
3	21.2004	18.9117	7.06681	2.21532
3.01	21.2711	18.9337	7.06681	2.19912
3.02	21.3418	18.9555	7.06681	2.18292
3.03	21.4124	18.9772	7.06681	2.16672
3.04	21.4831	18.9987	7.06681	2.15052
3.05	21.5538	19.02	7.06681	2.13432
3.06	21.6244	19.0412	7.06681	2.11812
3.07	21.6951	19.0622	7.06681	2.10192
3.08	21.7658	19.0831	7.06681	2.08572
3.09	21.8364	19.1038	7.06681	2.06952
3.1	21.9071	19.1243	7.06681	2.05332
3.11	21.9778	19.1447	7.06681	2.03712
3.12	22.0485	19.1649	7.06681	2.02092
3.13	22.1191	19.1849	7.06681	2.00472
3.14	22.1898	19.2048	7.06681	1.98852
3.15	22.2605	19.2245	7.06681	1.97232
3.16	22.3311	19.2441	7.06681	1.95612
3.17	22.4018	19.2635	7.06681	1.93992
3.18	22.4725	19.2827	7.06681	1.92372
3.19	22.5431	19.3018	7.06681	1.90752
3.2	22.6138	19.3207	7.06681	1.89132
3.21	22.6845	19.3395	7.06681	1.87512
3.22	22.7551	19.3581	7.06681	1.85892
3.23	22.8258	19.3765	7.06681	1.84272
3.24	22.8965	19.3947	7.06681	1.82652
3.25	22.9671	19.4128	7.06681	1.81032
3.26	23.0378	19.4308	7.06681	1.79412
3.27	23.1085	19.4486	7.06681	1.77792
3.28	23.1791	19.4662	7.06681	1.76172
3.29	23.2498	19.4836	7.06681	1.74552
3.3	23.3205	19.5009	7.06681	1.72932
3.31	23.3911	19.5181	7.06681	1.71312
3.32	23.4618	19.535	7.06681	1.69692
3.33	23.5325	19.5518	7.06681	1.68072
3.34	23.6031	19.5685	7.06681	1.66452
3.35	23.6738	19.585	7.06681	1.64832
3.36	23.7445	19.6013	7.06681	1.63212
3.37	23.8152	19.6174	7.06681	1.61592
3.38	23.8858	19.6334	7.06681	1.59972
3.39	23.9565	19.6493	7.06681	1.58352
3.4	24.0272	19.665	7.06681	1.56732
3.41	24.0978	19.6805	7.06681	1.55112
3.42	24.1685	19.6958	7.06681	1.53492
3.43	24.2392	19.711	7.06681	1.51872
3.44	24.3098	19.726	7.06681	1.50252
3.45	24.3805	19.7409	7.06681	1.48632
3.46	24.4512	19.7556	7.06681	1.47012
3.47	24.5218	19.7701	7.06681	1.45392
3.48	24.5925	19.7845	7.06681	1.43772
3.49	24.6632	19.7987	7.06681	1.42152
3.5	24.7338	19.8128	7.06681	1.40532
3.51	24.8045	19.8267	7.06681	1.38912
3.52	24.8752	19.8404	7.06681	1.37292
3.53	24.9458	19.854	7.06681	1.35672
3.54	25.0165	19.8674	7.06681	1.34052
3.55	25.0872	19.8806	7.06681	1.32432
3.56	25.1578	19.8937	7.06681	1.30812
3.57	25.2285	19.9066	7.06681	1.29192
3.58	25.2992	19.9194	7.06681	1.27572
3.59	25.3699	19.932	7.06681	1.25952
3.6	25.4405	19.9444	7.06681	1.24332
3.61	25.5112	19.9567	7.06681	1.22712
3.62	25.5819	19.9688	7.06681	1.21092
3.63	25.6525	19.9807	7.06681	1.19472
3.64	25.7232	19.9925	7.06681	1.17852
3.65	25.7939	20.0041	7.06681	1.16232
3.66	25.8645	20.0156	7.06681	1.14612
3.67	25.9352	20.0269	7.06681	1.12992
3.68	26.0059	20.038	7.06681	1.11372
3.69	26.0765	20.049	7.06681	1.09752
3.7	26.1472	20.0598	7.06681	1.08132
3.71	26.2179	20.0705	7.06681	1.06512
3.72	26.2885	20.081	7.06681	1.04892
3.73	26.3592	20.0913	7.06681	1.03272
3.74	26.4299	20.1015	7.06681	1.01652
3.75	26.5005	20.1115	7.06681	1.00032
3.76	26.5712	20.1213	7.06681	0.984122
3.77	26.6419	20.131	7.06681	0.967922
3.78	26.7125	20.1405	7.06681	0.951722
3.79	26.7832	20.1499	7.06681	0.935522
3.8	26.8539	20.159	7.06681	0.919322
3.81	26.9245	20.1681	7.06681	0.903122
3.82	26.9952	20.1769	7.06681	0.886922
3.83	27.0659	20.1857	7.06681	0.870722
3.84	27.1366	20.1942	7.06681	0.854522
3.85	27.2072	20.2026	7.06681	0.838322
3.86	27.2779	20.2108	7.06681	0.822122
3.87	27.3486	20.2189	7.06681	0.805922
3.88	27.4192	20.2268	7.06681	0.789722
3.89	27.4899	20.2345	7.06681	0.773522
3.9	27.5606	20.2421	7.06681	0.757322
3.91	27.6312	20.2495	7.06681	0.741122
3.92	27.7019	20.2567	7.06681	0.724922
3.93	27.7726	20.2638	7.06681	0.708722
3.94	27.8432	20.2707	7.06681	0.692522
3.95	27.9139	20.2775	7.06681	0.676322
3.96	27.9846	20.2841	7.06681	0.660122
3.97	28.0552	20.2905	7.06681	0.643922
3.98	28.1259	20.2968	7.06681	0.627722
3.99	28.1966	20.3029	7.06681	0.611522
4	28.2672	20.3089	7.06681	0.595322
4.01	28.3379	20.3147	7.06681	0.579122
4.02	28.4086	20.3203	7.06681	0.562922
4.03	28.4792	20.3258	7.06681	0.546722
4.04	28.5499	20.3311	7.06681	0.530522
4.05	28.6206	20.3362	7.06681	0.514322
4.06	28.6913	20.3412	7.06681	0.498122
4.07	28.7619	20.346	7.06681	0.481922
4.08	28.8326	20.3507	7.06681	0.465722
4.09	28.9033	20.3552	7.06681	0.449522
4.1	28.9739	20.3595	7.06681	0.433322
4.11	29.0446	20.3637	7.06681	0.417122
4.12	29.1153	20.3677	7.06681	0.400922
4.13	29.1859	20.3715	7.06681	0.384722
4.14	29.2566	20.3752	7.06681	0.368522
4.15	29.3273	20.3787	7.06681	0.352322
4.16	29.3979	20.3821	7.06681	0.336122
4.17	29.4686	20.3853	7.06681	0.319922
4.18	29.5393	20.3883	7.06681	0.303722
4.19	29.6099	20.3912	7.06681	0.287522
4.2	29.6806	20.3939	7.06681	0.271322
4.21	29.7513	20.3965	7.06681	0.255122
4.22	29.8219	20.3989	7.06681	0.238922
4.23	29.8926	20.4011	7.06681	0.222722
4.24	29.9633	20.4032	7.06681	0.206522
4.25	30.0339	20.4051	7.06681	0.190322
4.26	30.1046	20.4068	7.06681	0.174122
4.27	30.1753	20.4084	7.06681	0.157922
4.28	30.246	20.4098	7.06681	0.141722
4.29	30.3166	20.4111	7.06681	0.125522
4.3	30.3873	20.4122	7.06681	0.109322
4.31	30.458	20.4131	7.06681	0.0931222
4.32	30.5286	20.4139	7.06681	0.0769222
4.33	30.5993	20.4145	7.06681	0.0607222
4.34	30.67	20.4149	7.06681	0.0445222
4.35	30.7406	20.4152	7.06681	0.0283222
4.36	30.8113	20.4153	7.06681	0.0121222
4.37	30.882	20.4153	7.06681	-0.00407784
4.38	30.9526	20.4151	7.06681	-0.0202778
4.39	31.0233	20.4147	7.06681	-0.0364778
4.4	31.094	20.4142	7.06681	-0.0526778
4.41	31.1646	20.4135	7.06681	-0.0688778
4.42	31.2353	20.4126	7.06681	-0.0850778
4.43	31.306	20.4116	7.06681	-0.101278
4.44	31.3766	20.4105	7.06681	-0.117478
4.45	31.4473	20.4091	7.06681	-0.133678
4.46	31.518	20.4076	7.06681	-0.149878
4.47	31.5886	20.406	7.06681	-0.166078
4.48	31.6593	20.4041	7.06681	-0.182278
4.49	31.73	20.4021	7.06681	-0.198478
4.5	31.8006	20.4	7.06681	-0.214678
4.51	31.8713	20.3977	7.06681	-0.230878
4.52	31.942	20.3952	7.06681	-0.247078
4.53	32.0127	20.3926	7.06681	-0.263278
4.54	32.0833	20.3898	7.06681	-0.279478
4.55	32.154	20.3868	7.06681	-0.295678
4.56	32.2247	20.3837	7.06681	-0.311878
4.57	32.2953	20.3804	7.06681	-0.328078
4.58	32.366	20.377	7.06681	-0.344278
4.59	32.4367	20.3734	7.06681	-0.360478
4.6	32.5073	20.3696	7.06681	-0.376678
4.61	32.578	20.3657	7.06681	-0.392878
4.62	32.6487	20.3616	7.06681	-0.409078
4.63	32.7193	20.3573	7.06681	-0.425278
4.64	32.79	20.3529	7.06681	-0.441478
4.65	32.8607	20.3484	7.06681	-0.457678
4.66	32.9313	20.3436	7.06681	-0.473878
4.67	33.002	20.3387	7.06681	-0.490078
4.68	33.0727	20.3337	7.06681	-0.506278
4.69	33.1433	20.3284	7.06681	-0.522478
4.7	33.214	20.323	7.06681	-0.538678
4.71	33.2847	20.3175	7.06681	-0.554878
4.72	33.3553	20.3118	7.06681	-0.571078
4.73	33.426	20.3059	7.06681	-0.587278
4.74	33.4967	20.2999	7.06681	-0.603478
4.75	33.5674	20.2937	7.06681	-0.619678
4.76	33.638	20.2873	7.06681	-0.635878
4.77	33.7087	20.2808	7.06681	-0.652078
4.78	33.7794	20.2741	7.06681	-0.668278
4.79	33.85	20.2673	7.06681	-0.684478
4.8	33.9207	20.2603	7.06681	-0.700678
4.81	33.9914	20.2531	7.06681	-0.716878
4.82	34.062	20.2458	7.06681	-0.733078
4.83	34.1327	20.2383	7.06681	-0.749278
4.84	34.2034	20.2306	7.06681	-0.765478
4.85	34.274	20.2228	7.06681	-0.781678
4.86	34.3447	20.2148	7.06681	-0.797878
4.87	34.4154	20.2067	7.06681	-0.814078
4.88	34.486	20.1984	7.06681	-0.830278
4.89	34.5567	20.1899	7.06681	-0.846478
4.9	34.6274	20.1813	7.06681	-0.862678
4.91	34.698	20.1725	7.06681	-0.878878
4.92	34.7687	20.1635	7.06681	-0.895078
4.93	34.8394	20.1544	7.06681	-0.911278
4.94	34.91	20.1452	7.06681	-0.927478
4.95	34.9807	20.1357	7.06681	-0.943678
4.96	35.0514	20.1261	7.06681	-0.959878
4.97	35.1221	20.1164	7.06681	-0.976078
4.98	35.1927	20.1064	7.06681	-0.992278
4.99	35.2634	20.0964	7.06681	-1.00848
5	35.3341	20.0861	7.06681	-1.02468
5.01	35.4047	20.0757	7.06681	-1.04088
5.02	35.4754	20.0651	7.06681	-1.05708
5.03	35.5461	20.0544	7.06681	-1.07328
5.04	35.6167	20.0435	7.06681	-1.08948
5.05	35.6874	20.0324	7.06681	-1.10568
5.06	35.7581	20.0212	7.06681	-1.12188
5.07	35.8287	20.0098	7.06681	-1.13808
5.08	35.8994	19.9983	7.06681	-1.15428
5.09	35.9701	19.9866	7.06681	-1.17048
5.1	36.0407	19.9747	7.06681	-1.18668
5.11	36.1114	19.9627	7.06681	-1.20288
5.12	36.1821	19.9505	7.06681	-1.21908
5.13	36.2527	19.9382	7.06681	-1.23528
5.14	36.3234	19.9256	7.06681	-1.25148
5.15	36.3941	19.913	7.06681	-1.26768
5.16	36.4647	19.9001	7.06681	-1.28388
5.17	36.5354	19.8871	7.06681	-1.30008
5.18	36.6061	19.874	7.06681	-1.31628
5.19	36.6767	19.8606	7.06681	-1.33248
5.2	36.7474	19.8472	7.06681	-1.34868
5.21	36.8181	19.8335	7.06681	-1.36488
5.22	36.8888	19.8197	7.06681	-1.38108
5.23	36.9594	19.8057	7.06681	-1.39728
5.24	37.0301	19.7916	7.06681	-1.41348
5.25	37.1008	19.7773	7.06681	-1.42968
5.26	37.1714	19.7628	7.06681	-1.44588
5.27	37.2421	19.7482	7.06681	-1.46208
5.28	37.3128	19.7334	7.06681	-1.47828
5.29	37.3834	19.7185	7.06681	-1.49448
5.3	37.4541	19.7034	7.06681	-1.51068
5.31	37.5248	19.6881	7.06681	-1.52688
5.32	37.5954	19.6727	7.06681	-1.54308
5.33	37.6661	19.6571	7.06681	-1.55928
5.34	37.7368	19.6413	7.06681	-1.57548
5.35	37.8074	19.6254	7.06681	-1.59168
5.36	37.8781	19.6093	7.06681	-1.60788
5.37	37.9488	19.5931	7.06681	-1.62408
5.38	38.0194	19.5767	7.06681	-1.64028
5.39	38.0901	19.5601	7.06681	-1.65648
5.4	38.1608	19.5434	7.06681	-1.67268
5.41	38.2314	19.5265	7.06681	-1.68888
5.42	38.3021	19.5095	7.06681	-1.70508
5.43	38.3728	19.4922	7.06681	-1.72128
5.44	38.4435	19.4749	7.06681	-1.73748
5.45	38.5141	19.4573	7.06681	-1.75368
5.46	38.5848	19.4396	7.06681	-1.76988
5.47	38.6555	19.4218	7.06681	-1.78608
5.48	38.7261	19.4038	7.06681	-1.80228
5.49	38.7968	19.3856	7.06681	-1.81848
5.5	38.8675	19.3672	7.06681	-1.83468
5.51	38.9381	19.3487	7.06681	-1.85088
5.52	39.0088	19.33	7.06681	-1.86708
5.53	39.0795	19.3112	7.06681	-1.88328
5.54	39.1501	19.2922	7.06681	-1.89948
5.55	39.2208	19.2731	7.06681	-1.91568
5.56	39.2915	19.2537	7.06681	-1.93188
5.57	39.3621	19.2343	7.06681	-1.94808
5.58	39.4328	19.2146	7.06681	-1.96428
5.59	39.5035	19.1948	7.06681	-1.98048
5.6	39.5741	19.1748	7.06681	-1.99668
5.61	39.6448	19.1547	7.06681	-2.01288
5.62	39.7155	19.1344	7.06681	-2.02908
5.63	39.7861	19.114	7.06681	-2.04528
5.64	39.8568	19.0934	7.06681	-2.06148
5.65	39.9275	19.0726	7.06681	-2.07768
5.66	39.9981	19.0516	7.06681	-2.09388
5.67	40.0688	19.0305	7.06681	-2.11008
5.68	40.1395	19.0093	7.06681	-2.12628
5.69	40.2102	18.9879	7.06681	-2.14248
5.7	40.2808	18.9663	7.06681	-2.15868
5.71	40.3515	18.9445	7.06681	-2.17488
5.72	40.4222	18.9226	7.06681	-2.19108
5.73	40.4928	18.9005	7.06681	-2.20728
5.74	40.5635	18.8783	7.06681	-2.22348
5.75	40.6342	18.8559	7.06681	-2.23968
5.76	40.7048	18.8333	7.06681	-2.25588
5.77	40.7755	18.8106	7.06681	-2.27208
5.78	40.8462	18.7877	7.06681	-2.28828
5.79	40.9168	18.7647	7.06681	-2.30448
5.8	40.9875	18.7415	7.06681	-2.32068
5.81	41.0582	18.7181	7.06681	-2.33688
5.82	41.1288	18.6946	7.06681	-2.35308
5.83	41.1995	18.6709	7.06681	-2.36928
5.84	41.2702	18.647	7.06681	-2.38548
5.85	41.3408	18.623	7.06681	-2.40168
5.86	41.4115	18.5988	7.06681	-2.41788
5.87	41.4822	18.5745	7.06681	-2.43408
5.88	41.5528	18.55	7.06681	-2.45028
5.89	41.6235	18.5253	7.06681	-2.46648
5.9	41.6942	18.5005	7.06681	-2.48268
5.91	41.7649	18.4755	7.06681	-2.49888
5.92	41.8355	18.4504	7.06681	-2.51508
5.93	41.9062	18.4251	7.06681	-2.53128
5.94	41.9769	18.3996	7.06681	-2.54748
5.95	42.0475	18.3739	7.06681	-2.56368
5.96	42.1182	18.3481	7.06681	-2.57988
5.97	42.1889	18.3222	7.06681	-2.59608
5.98	42.2595	18.2961	7.06681	-2.61228
5.99	42.3302	18.2698	7.06681	-2.62848
6	42.4009	18.2433	7.06681	-2.64468
6.01	42.4715	18.2167	7.06681	-2.66088
6.02	42.5422	18.19	7.06681	-2.67708
6.03	42.6129	18.163	7.06681	-2.69328
6.04	42.6835	18.1359	7.06681	-2.70948
6.05	42.7542	18.1087	7.06681	-2.72568
6.06	42.8249	18.0813	7.06681	-2.74188
6.07	42.8955	18.0537	7.06681	-2.75808
6.08	42.9662	18.0259	7.06681	-2.77428
6.09	43.0369	17.998	7.06681	-2.79048
6.1	43.1075	17.97	7.06681	-2.80668
6.11	43.1782	17.9417	7.06681	-2.82288
6.12	43.2489	17.9133	7.06681	-2.83908
6.13	43.3196	17.8848	7.06681	-2.85528
6.14	43.3902	17.8561	7.06681	-2.87148
6.15	43.4609	17.8272	7.06681	-2.88768
6.16	43.5316	17.7982	7.06681	-2.90388
6.17	43.6022	17.769	7.06681	-2.92008
6.18	43.6729	17.7396	7.06681	-2.93628
6.19	43.7436	17.7101	7.06681	-2.95248
6.2	43.8142	17.6804	7.06681	-2.96868
6.21	43.8849	17.6505	7.06681	-2.98488
6.22	43.9556	17.6205	7.06681	-3.00108
6.23	44.0262	17.5903	7.06681	-3.01728
6.24	44.0969	17.56	7.06681	-3.03348
6.25	44.1676	17.5295	7.06681	-3.04968
6.26	44.2382	17.4989	7.06681	-3.06588
6.27	44.3089	17.468	7.06681	-3.08208
6.28	44.3796	17.4371	7.06681	-3.09828
6.29	44.4502	17.4059	7.06681	-3.11448
6.3	44.5209	17.3746	7.06681	-3.13068
6.31	44.5916	17.3431	7.06681	-3.14688
6.32	44.6622	17.3115	7.06681	-3.16308
6.33	44.7329	17.2797	7.06681	-3.17928
6.34	44.8036	17.2478	7.06681	-3.19548
6.35	44.8742	17.2156	7.06681	-3.21168
6.36	44.9449	17.1834	7.06681	-3.22788
6.37	45.0156	17.1509	7.06681	-3.24408
6.38	45.0863	17.1183	7.06681	-3.26028
6.39	45.1569	17.0855	7.06681	-3.27648
6.4	45.2276	17.0526	7.06681	-3.29268
6.41	45.2983	17.0195	7.06681	-3.30888
6.42	45.3689	16.9863	7.06681	-3.32508
6.43	45.4396	16.9529	7.06681	-3.34128
6.44	45.5103	16.9193	7.06681	-3.35748
6.45	45.5809	16.8856	7.06681	-3.37368
6.46	45.6516	16.8517	7.06681	-3.38988
6.47	45.7223	16.8176	7.06681	-3.40608
6.48	45.7929	16.7834	7.06681	-3.42228
6.49	45.8636	16.749	7.06681	-3.43848
6.5	45.9343	16.7144	7.06681	-3.45468
6.51	46.0049	16.6797	7.06681	-3.47088
6.52	46.0756	16.6449	7.06681	-3.48708
6.53	46.1463	16.6098	7.06681	-3.50328
6.54	46.2169	16.5746	7.06681	-3.51948
6.55	46.2876	16.5393	7.06681	-3.53568
6.56	46.3583	16.5038	7.06681	-3.55188
6.57	46.4289	16.4681	7.06681	-3.56808
6.58	46.4996	16.4322	7.06681	-3.58428
6.59	46.5703	16.3962	7.06681	-3.60048
6.6	46.641	16.3601	7.06681	-3.61668
6.61	46.7116	16.3237	7.06681	-3.63288
6.62	46.7823	16.2872	7.06681	-3.64908
6.63	46.853	16.2506	7.06681	-3.66528
6.64	46.9236	16.2138	7.06681	-3.68148
6.65	46.9943	16.1768	7.06681	-3.69768
6.66	47.065	16.1397	7.06681	-3.71388
6.67	47.1356	16.1024	7.06681	-3.73008
6.68	47.2063	16.0649	7.06681	-3.74628
6.69	47.277	16.0273	7.06681	-3.76248
6.7	47.3476	15.9895	7.06681	-3.77868
6.71	47.4183	15.9515	7.06681	-3.79488
6.72	47.489	15.9134	7.06681	-3.81108
6.73	47.5596	15.8752	7.06681	-3.82728
6.74	47.6303	15.8367	7.06681	-3.84348
6.75	47.701	15.7981	7.06681	-3.85968
6.76	47.7716	15.7594	7.06681	-3.87588
6.77	47.8423	15.7204	7.06681	-3.89208
6.78	47.913	15.6814	7.06681	-3.90828
6.79	47.9836	15.6421	7.06681	-3.92448
6.8	48.0543	15.6027	7.06681	-3.94068
6.81	48.125	15.5631	7.06681	-3.95688
6.82	48.1957	15.5234	7.06681	-3.97308
6.83	48.2663	15.4835	7.06681	-3.98928
6.84	48.337	15.4435	7.06681	-4.00548
6.85	48.4077	15.4032	7.06681	-4.02168
6.86	48.4783	15.3629	7.06681	-4.03788
6.87	48.549	15.3223	7.06681	-4.05408
6.88	48.6197	15.2816	7.06681	-4.07028
6.89	48.6903	15.2408	7.06681	-4.08648
6.9	48.761	15.1997	7.06681	-4.10268
6.91	48.8317	15.1585	7.06681	-4.11888
6.92	48.9023	15.1172	7.06681	-4.13508
6.93	48.973	15.0757	7.06681	-4.15128
6.94	49.0437	15.034	7.06681	-4.16748
6.95	49.1143	14.9922	7.06681	-4.18368
6.96	49.185	14.9502	7.06681	-4.19988
6.97	49.2557	14.908	7.06681	-4.21608
6.98	49.3263	14.8657	7.06681	-4.23228
6.99	49.397	14.8232	7.06681	-4.24848
7	49.4677	14.7806	7.06681	-4.26468
7.01	49.5383	14.7377	7.06681	-4.28088
7.02	49.609	14.6948	7.06681	-4.29708
7.03	49.6797	14.6516	7.06681	-4.31328
7.04	49.7503	14.6083	7.06681	-4.32948
7.05	49.821	14.5649	7.06681	-4.34568
7.06	49.8917	14.5213	7.06681	-4.36188
7.07	49.9624	14.4775	7.06681	-4.37808
7.08	50.033	14.4335	7.06681	-4.39428
7.09	50.1037	14.3894	7.06681	-4.41048
7.1	50.1744	14.3452	7.06681	-4.42668
7.11	50.245	14.3007	7.06681	-4.44288
7.12	50.3157	14.2562	7.06681	-4.45908
7.13	50.3864	14.2114	7.06681	-4.47528
7.14	50.457	14.1665	7.06681	-4.49148
7.15	50.5277	14.1214	7.06681	-4.50768
7.16	50.5984	14.0762	7.06681	-4.52388
7.17	50.669	14.0308	7.06681	-4.54008
7.18	50.7397	13.9852	7.06681	-4.55628
7.19	50.8104	13.9395	7.06681	-4.57248
7.2	50.881	13.8936	7.06681	-4.58868
7.21	50.9517	13.8476	7.06681	-4.60488
7.22	51.0224	13.8013	7.06681	-4.62108
7.23	51.093	13.755	7.06681	-4.63728
7.24	51.1637	13.7084	7.06681	-4.65348
7.25	51.2344	13.6617	7.06681	-4.66968
7.26	51.305	13.6149	7.06681	-4.68588
7.27	51.3757	13.5679	7.06681	-4.70208
7.28	51.4464	13.5207	7.06681	-4.71828
7.29	51.5171	13.4733	7.06681	-4.73448
7.3	51.5877	13.4258	7.06681	-4.75068
7.31	51.6584	13.3782	7.06681	-4.76688
7.32	51.7291	13.3303	7.06681	-4.78308
7.33	51.7997	13.2823	7.06681	-4.79928
7.34	51.8704	13.2342	7.06681	-4.81548
7.35	51.9411	13.1859	7.06681	-4.83168
7.36	52.0117	13.1374	7.06681	-4.84788
7.37	52.0824	13.0887	7.06681	-4.86408
7.38	52.1531	13.0399	7.06681	-4.88028
7.39	52.2237	12.991	7.06681	-4.89648
7.4	52.2944	12.9418	7.06681	-4.91268
7.41	52.3651	12.8926	7.06681	-4.92888
7.42	52.4357	12.8431	7.06681	-4.94508
7.43	52.5064	12.7935	7.06681	-4.96128
7.44	52.5771	12.7437	7.06681	-4.97748
7.45	52.6477	12.6938	7.06681	-4.99368
7.46	52.7184	12.6437	7.06681	-5.00988
7.47	52.7891	12.5934	7.06681	-5.02608
7.48	52.8597	12.543	7.06681	-5.04228
7.49	52.9304	12.4924	7.06681	-5.05848
7.5	53.0011	12.4417	7.06681	-5.07468
7.51	53.0717	12.3908	7.06681	-5.09088
7.52	53.1424	12.3397	7.06681	-5.10708
7.53	53.2131	12.2885	7.06681	-5.12328
7.54	53.2838	12.2371	7.06681	-5.13948
7.55	53.3544	12.1855	7.06681	-5.15568
7.56	53.4251	12.1338	7.06681	-5.17188
7.57	53.4958	12.0819	7.06681	-5.18808
7.58	53.5664	12.0299	7.06681	-5.20428
7.59	53.6371	11.9777	7.06681	-5.22048
7.6	53.7078	11.9253	7.06681	-5.23668
7.61	53.7784	11.8728	7.06681	-5.25288
7.62	53.8491	11.8201	7.06681	-5.26908
7.63	53.9198	11.7672	7.06681	-5.28528
7.64	53.9904	11.7142	7.06681	-5.30148
7.65	54.0611	11.661	7.06681	-5.31768
7.66	54.1318	11.6077	7.06681	-5.33388
7.67	54.2024	11.5542	7.06681	-5.35008
7.68	54.2731	11.5005	7.06681	-5.36628
7.69	54.3438	11.4467	7.06681	-5.38248
7.7	54.4144	11.3927	7.06681	-5.39868
7.71	54.4851	11.3386	7.06681	-5.41488
7.72	54.5558	11.2843	7.06681	-5.43108
7.73	54.6264	11.2298	7.06681	-5.44728
7.74	54.6971	11.1751	7.06681	-5.46348
7.75	54.7678	11.1203	7.06681	-5.47968
7.76	54.8385	11.0654	7.06681	-5.49588
7.77	54.9091	11.0103	7.06681	-5.51208
7.78	54.9798	10.955	7.06681	-5.52828
7.79	55.0505	10.8995	7.06681	-5.54448
7.8	55.1211	10.8439	7.06681	-5.56068
7.81	55.1918	10.7882	7.06681	-5.57688
7.82	55.2625	10.7322	7.06681	-5.59308
7.83	55.3331	10.6761	7.06681	-5.60928
7.84	55.4038	10.6199	7.06681	-5.62548
7.85	55.4745	10.5635	7.06681	-5.64168
7.86	55.5451	10.5069	7.06681	-5.65788
7.87	55.6158	10.4501	7.06681	-5.67408
7.88	55.6865	10.3932	7.06681	-5.69028
7.89	55.7571	10.3362	7.06681	-5.70648
7.9	55.8278	10.279	7.06681	-5.72268
7.91	55.8985	10.2216	7.06681	-5.73888
7.92	55.9691	10.164	7.06681	-5.75508
7.93	56.0398	10.1063	7.06681	-5.77128
7.94	56.1105	10.0484	7.06681	-5.78748
7.95	56.1811	9.99039	7.06681	-5.80368
7.96	56.2518	9.93219	7.06681	-5.81988
7.97	56.3225	9.87383	7.06681	-5.83608
7.98	56.3932	9.81531	7.06681	-5.85228
7.99	56.4638	9.75662	7.06681	-5.86848
8	56.5345	9.69778	7.06681	-5.88468
8.01	56.6052	9.63877	7.06681	-5.90088
8.02	56.6758	9.5796	7.06681	-5.91708
8.03	56.7465	9.52026	7.06681	-5.93328
8.04	56.8172	9.46077	7.06681	-5.94948
8.05	56.8878	9.40111	7.06681	-5.96568
8.06	56.9585	9.34129	7.06681	-5.98188
8.07	57.0292	9.28131	7.06681	-5.99808
8.08	57.0998	9.22117	7.06681	-6.01428
8.09	57.1705	9.16087	7.06681	-6.03048
8.1	57.2412	9.1004	7.06681	-6.04668
8.11	57.3118	9.03977	7.06681	-6.06288
8.12	57.3825	8.97898	7.06681	-6.07908
8.13	57.4532	8.91803	7.06681	-6.09528
8.14	57.5238	8.85691	7.06681	-6.11148
8.15	57.5945	8.79564	7.06681	-6.12768
8.16	57.6652	8.7342	7.06681	-6.14388
8.17	57.7358	8.6726	7.06681	-6.16008
8.18	57.8065	8.61083	7.06681	-6.17628
8.19	57.8772	8.54891	7.06681	-6.19248
8.2	57.9478	8.48682	7.06681	-6.20868
8.21	58.0185	8.42457	7.06681	-6.22488
8.22	58.0892	8.36216	7.06681	-6.24108
8.23	58.1599	8.29959	7.06681	-6.25728
8.24	58.2305	8.23685	7.06681	-6.27348
8.25	58.3012	8.17396	7.06681	-6.28968
8.26	58.3719	8.1109	7.06681	-6.30588
8.27	58.4425	8.04768	7.06681	-6.32208
8.28	58.5132	7.9843	7.06681	-6.33828
8.29	58.5839	7.92075	7.06681	-6.35448
8.3	58.6545	7.85704	7.06681	-6.37068
8.31	58.7252	7.79318	7.06681	-6.38688
8.32	58.7959	7.72914	7.06681	-6.40308
8.33	58.8665	7.66495	7.06681	-6.41928
8.34	58.9372	7.6006	7.06681	-6.43548
8.35	59.0079	7.53608	7.06681	-6.45168
8.36	59.0785	7.4714	7.06681	-6.46788
8.37	59.1492	7.40656	7.06681	-6.48408
8.38	59.2199	7.34156	7.06681	-6.50028
8.39	59.2905	7.27639	7.06681	-6.51648
8.4	59.3612	7.21107	7.06681	-6.53268
8.41	59.4319	7.14558	7.06681	-6.54888
8.42	59.5025	7.07993	7.06681	-6.56508
8.43	59.5732	7.01411	7.06681	-6.58128
8.44	59.6439	6.94814	7.06681	-6.59748
8.45	59.7146	6.882	7.06681	-6.61368
8.46	59.7852	6.8157	7.06681	-6.62988
8.47	59.8559	6.74924	7.06681	-6.64608
8.48	59.9266	6.68262	7.06681	-6.66228
8.49	59.9972	6.61584	7.06681	-6.67848
8.5	60.0679	6.54889	7.06681	-6.69468
8.51	60.1386	6.48178	7.06681	-6.71088
8.52	60.2092	6.41451	7.06681	-6.72708
8.53	60.2799	6.34708	7.06681	-6.74328
8.54	60.3506	6.27948	7.06681	-6.75948
8.55	60.4212	6.21172	7.06681	-6.77568
8.56	60.4919	6.14381	7.06681	-6.79188
8.57	60.5626	6.07572	7.06681	-6.80808
8.58	60.6332	6.00748	7.06681	-6.82428
8.59	60.7039	5.93908	7.06681	-6.84048
8.6	60.7746	5.87051	7.06681	-6.85668
8.61	60.8452	5.80178	7.06681	-6.87288
8.62	60.9159	5.73289	7.06681	-6.88908
8.63	60.9866	5.66384	7.06681	-6.90528
8.64	61.0572	5.59462	7.06681	-6.92148
8.65	61.1279	5.52525	7.06681	-6.93768
8.66	61.1986	5.45571	7.06681	-6.95388
8.67	61.2693	5.38601	7.06681	-6.97008
8.68	61.3399	5.31614	7.06681	-6.98628
8.69	61.4106	5.24612	7.06681	-7.00248
8.7	61.4813	5.17593	7.06681	-7.01868
8.71	61.5519	5.10558	7.06681	-7.03488
8.72	61.6226	5.03507	7.06681	-7.05108
8.73	61.6933	4.9644	7.06681	-7.06728
8.74	61.7639	4.89357	7.06681	-7.08348
8.75	61.8346	4.82257	7.06681	-7.09968
8.76	61.9053	4.75141	7.06681	-7.11588
8.77	61.9759	4.68009	7.06681	-7.13208
8.78	62.0466	4.60861	7.06681	-7.14828
8.79	62.1173	4.53696	7.06681	-7.16448
8.8	62.1879	4.46515	7.06681	-7.18068
8.81	62.2586	4.39319	7.06681	-7.19688
8.82	62.3293	4.32106	7.06681	-7.21308
8.83	62.3999	4.24876	7.06681	-7.22928
8.84	62.4706	4.17631	7.06681	-7.24548
8.85	62.5413	4.10369	7.06681	-7.26168
8.86	62.6119	4.03091	7.06681	-7.27788
8.87	62.6826	3.95797	7.06681	-7.29408
8.88	62.7533	3.88487	7.06681	-7.31028
8.89	62.8239	3.8116	7.06681	-7.32648
8.9	62.8946	3.73818	7.06681	-7.34268
8.91	62.9653	3.66459	7.06681	-7.35888
8.92	63.036	3.59084	7.06681	-7.37508
8.93	63.1066	3.51692	7.06681	-7.39128
8.94	63.1773	3.44285	7.06681	-7.40748
8.95	63.248	3.36861	7.06681	-7.42368
8.96	63.3186	3.29421	7.06681	-7.43988
8.97	63.3893	3.21965	7.06681	-7.45608
8.98	63.46	3.14493	7.06681	-7.47228
8.99	63.5306	3.07005	7.06681	-7.48848
9	63.6013	2.995	7.06681	-7.50468
9.01	63.672	2.91979	7.06681	-7.52088
9.02	63.7426	2.84442	7.06681	-7.53708
9.03	63.8133	2.76889	7.06681	-7.55328
9.04	63.884	2.69319	7.06681	-7.56948
9.05	63.9546	2.61734	7.06681	-7.58568
9.06	64.0253	2.54132	7.06681	-7.60188
9.07	64.096	2.46514	7.06681	-7.61808
9.08	64.1666	2.38879	7.06681	-7.63428
9.09	64.2373	2.31229	7.06681	-7.65048
9.1	64.308	2.23562	7.06681	-7.66668
9.11	64.3786	2.15879	7.06681	-7.68288
9.12	64.4493	2.0818	7.06681	-7.69908
9.13	64.52	2.00465	7.06681	-7.71528
9.14	64.5907	1.92733	7.06681	-7.73148
9.15	64.6613	1.84986	7.06681	-7.74768
9.16	64.732	1.77222	7.06681	-7.76388
9.17	64.8027	1.69442	7.06681	-7.78008
9.18	64.8733	1.61646	7.06681	-7.79628
9.19	64.944	1.53833	7.06681	-7.81248
9.2	65.0147	1.46004	7.06681	-7.82868
9.21	65.0853	1.3816	7.06681	-7.84488
9.22	65.156	1.30298	7.06681	-7.86108
9.23	65.2267	1.22421	7.06681	-7.87728
9.24	65.2973	1.14528	7.06681	-7.89348
9.25	65.368	1.06618	7.06681	-7.90968
9.26	65.4387	0.986921	7.06681	-7.92588
9.27	65.5093	0.9075	7.06681	-7.94208
9.28	65.58	0.827918	7.06681	-7.95828
9.29	65.6507	0.748173	7.06681	-7.97448
9.3	65.7213	0.668266	7.06681	-7.99068
9.31	65.792	0.588197	7.06681	-8.00688
9.32	65.8627	0.507967	7.06681	-8.02308
9.33	65.9333	0.427574	7.06681	-8.03928
9.34	66.004	0.347019	7.06681	-8.05548
9.35	66.0747	0.266302	7.06681	-8.07168
9.36	66.1454	0.185423	7.06681	-8.08788
9.37	66.216	0.104383	7.06681	-8.10408
9.38	66.2867	0.0231798	7.06681	-8.12028
