#f	omega	theta
1.41	-1.96909	2.7718
1.41	-2.16413	1.82655
1.41	-1.96909	2.7718
1.41	-2.16413	1.82655
1.41	-1.96909	2.7718
1.41	-2.16413	1.82655
1.41	-1.96909	2.7718
1.41	-2.16413	1.82655
1.41	-1.96909	2.7718
1.41	-2.16413	1.82655
1.41	-1.96909	2.7718
1.41	-2.16413	1.82655
1.41	-1.96909	2.7718
1.41	-2.16413	1.82655
1.41	-1.96909	2.7718
1.41	-2.16413	1.82655
1.41	-1.96909	2.7718
1.41	-2.16413	1.82655
1.41	-1.96909	2.7718
1.41	-2.16413	1.82655
1.41	-1.96909	2.7718
1.41	-2.16413	1.82655
1.41	-1.96909	2.7718
1.41	-2.16413	1.82655
1.41	-1.96909	2.7718
1.41	-2.16413	1.82655
1.41	-1.96909	2.7718
1.41	-2.16413	1.82655
1.41	-1.96909	2.7718
1.41	-2.16413	1.82655
1.41	-1.96909	2.7718
1.41	-2.16413	1.82655
1.41	-1.96909	2.7718
1.41	-2.16413	1.82655
1.41	-1.96909	2.7718
1.41	-2.16413	1.82655
1.41	-1.96909	2.7718
1.41	-2.16413	1.82655
1.41	-1.96909	2.7718
1.41	-2.16413	1.82655
1.41	-1.96909	2.7718
1.41	-2.16413	1.82655
1.41	-1.96909	2.7718
1.41	-2.16413	1.82655
1.41	-1.96909	2.7718
1.41	-2.16413	1.82655
1.41	-1.96909	2.7718
1.41	-2.16413	1.82655
1.41	-1.96909	2.7718
1.41	-2.16413	1.82655
1.41	-1.96909	2.7718
1.41	-2.16413	1.82655
1.41	-1.96909	2.7718
1.41	-2.16413	1.82655
1.41	-1.96909	2.7718
1.41	-2.16413	1.82655
1.41	-1.96909	2.7718
1.41	-2.16413	1.82655
1.41	-1.96909	2.7718
1.41	-2.16413	1.82655
1.41	-1.96909	2.7718
1.41	-2.16413	1.82655
1.41	-1.96909	2.7718
1.41	-2.16413	1.82655
1.41	-1.96909	2.7718
1.41	-2.16413	1.82655
1.41	-1.96909	2.7718
1.41	-2.16413	1.82655
1.41	-1.96909	2.7718
1.41	-2.16413	1.82655
1.41	-1.96909	2.7718
1.41	-2.16413	1.82655
1.41	-1.96909	2.7718
1.41	-2.16413	1.82655
1.41	-1.96909	2.7718
1.41	-2.16413	1.82655
1.41	-1.96909	2.7718
1.41	-2.16413	1.82655
1.41	-1.96909	2.7718
1.41	-2.16413	1.82655
1.41	-1.96909	2.7718
1.41	-2.16413	1.82655
1.41	-1.96909	2.7718
1.41	-2.16413	1.82655
1.41	-1.96909	2.7718
1.41	-2.16413	1.82655
1.41	-1.96909	2.7718
1.41	-2.16413	1.82655
1.41	-1.96909	2.7718
1.41	-2.16413	1.82655
1.41	-1.96909	2.7718
1.41	-2.16413	1.82655
1.41	-1.96909	2.7718
1.41	-2.16413	1.82655
1.41	-1.96909	2.7718
1.41	-2.16413	1.82655
1.41	-1.96909	2.7718
1.41	-2.16413	1.82655
1.41	-1.96909	2.7718
1.41	-2.16413	1.82655
1.411	-1.96774	2.78231
1.411	-2.16453	1.82277
1.411	-1.96774	2.78231
1.411	-2.16453	1.82277
1.411	-1.96774	2.78231
1.411	-2.16453	1.82277
1.411	-1.96774	2.78231
1.411	-2.16453	1.82277
1.411	-1.96774	2.78231
1.411	-2.16453	1.82277
1.411	-1.96774	2.78231
1.411	-2.16453	1.82277
1.411	-1.96774	2.78231
1.411	-2.16453	1.82277
1.411	-1.96774	2.78231
1.411	-2.16453	1.82277
1.411	-1.96774	2.78231
1.411	-2.16453	1.82277
1.411	-1.96774	2.78231
1.411	-2.16453	1.82277
1.411	-1.96774	2.78231
1.411	-2.16453	1.82277
1.411	-1.96774	2.78231
1.411	-2.16453	1.82277
1.411	-1.96774	2.78231
1.411	-2.16453	1.82277
1.411	-1.96774	2.78231
1.411	-2.16453	1.82277
1.411	-1.96774	2.78231
1.411	-2.16453	1.82277
1.411	-1.96774	2.78231
1.411	-2.16453	1.82277
1.411	-1.96774	2.78231
1.411	-2.16453	1.82277
1.411	-1.96774	2.78231
1.411	-2.16453	1.82277
1.411	-1.96774	2.78231
1.411	-2.16453	1.82277
1.411	-1.96774	2.78231
1.411	-2.16453	1.82277
1.411	-1.96774	2.78231
1.411	-2.16453	1.82277
1.411	-1.96774	2.78231
1.411	-2.16453	1.82277
1.411	-1.96774	2.78231
1.411	-2.16453	1.82277
1.411	-1.96774	2.78231
1.411	-2.16453	1.82277
1.411	-1.96774	2.78231
1.411	-2.16453	1.82277
1.411	-1.96774	2.78231
1.411	-2.16453	1.82277
1.411	-1.96774	2.78231
1.411	-2.16453	1.82277
1.411	-1.96774	2.78231
1.411	-2.16453	1.82277
1.411	-1.96774	2.78231
1.411	-2.16453	1.82277
1.411	-1.96774	2.78231
1.411	-2.16453	1.82277
1.411	-1.96774	2.78231
1.411	-2.16453	1.82277
1.411	-1.96774	2.78231
1.411	-2.16453	1.82277
1.411	-1.96774	2.78231
1.411	-2.16453	1.82277
1.411	-1.96774	2.78231
1.411	-2.16453	1.82277
1.411	-1.96774	2.78231
1.411	-2.16453	1.82277
1.411	-1.96774	2.78231
1.411	-2.16453	1.82277
1.411	-1.96774	2.78231
1.411	-2.16453	1.82277
1.411	-1.96774	2.78231
1.411	-2.16453	1.82277
1.411	-1.96774	2.78231
1.411	-2.16453	1.82277
1.411	-1.96774	2.78231
1.411	-2.16453	1.82277
1.411	-1.96774	2.78231
1.411	-2.16453	1.82277
1.411	-1.96774	2.78231
1.411	-2.16453	1.82277
1.411	-1.96774	2.78231
1.411	-2.16453	1.82277
1.411	-1.96774	2.78231
1.411	-2.16453	1.82277
1.411	-1.96774	2.78231
1.411	-2.16453	1.82277
1.411	-1.96774	2.78231
1.411	-2.16453	1.82277
1.411	-1.96774	2.78231
1.411	-2.16453	1.82277
1.411	-1.96774	2.78231
1.411	-2.16453	1.82277
1.411	-1.96774	2.78231
1.411	-2.16453	1.82277
1.411	-1.96774	2.78231
1.411	-2.16453	1.82277
1.412	-1.96644	2.79271
1.412	-2.1649	1.81912
1.412	-1.96644	2.79271
1.412	-2.1649	1.81912
1.412	-1.96644	2.79271
1.412	-2.1649	1.81912
1.412	-1.96644	2.79271
1.412	-2.1649	1.81912
1.412	-1.96644	2.79271
1.412	-2.1649	1.81912
1.412	-1.96644	2.79271
1.412	-2.1649	1.81912
1.412	-1.96644	2.79271
1.412	-2.1649	1.81912
1.412	-1.96644	2.79271
1.412	-2.1649	1.81912
1.412	-1.96644	2.79271
1.412	-2.1649	1.81912
1.412	-1.96644	2.79271
1.412	-2.1649	1.81912
1.412	-1.96644	2.79271
1.412	-2.1649	1.81912
1.412	-1.96644	2.79271
1.412	-2.1649	1.81912
1.412	-1.96644	2.79271
1.412	-2.1649	1.81912
1.412	-1.96644	2.79271
1.412	-2.1649	1.81912
1.412	-1.96644	2.79271
1.412	-2.1649	1.81912
1.412	-1.96644	2.79271
1.412	-2.1649	1.81912
1.412	-1.96644	2.79271
1.412	-2.1649	1.81912
1.412	-1.96644	2.79271
1.412	-2.1649	1.81912
1.412	-1.96644	2.79271
1.412	-2.1649	1.81912
1.412	-1.96644	2.79271
1.412	-2.1649	1.81912
1.412	-1.96644	2.79271
1.412	-2.1649	1.81912
1.412	-1.96644	2.79271
1.412	-2.1649	1.81912
1.412	-1.96644	2.79271
1.412	-2.1649	1.81912
1.412	-1.96644	2.79271
1.412	-2.1649	1.81912
1.412	-1.96644	2.79271
1.412	-2.1649	1.81912
1.412	-1.96644	2.79271
1.412	-2.1649	1.81912
1.412	-1.96644	2.79271
1.412	-2.1649	1.81912
1.412	-1.96644	2.79271
1.412	-2.1649	1.81912
1.412	-1.96644	2.79271
1.412	-2.1649	1.81912
1.412	-1.96644	2.79271
1.412	-2.1649	1.81912
1.412	-1.96644	2.79271
1.412	-2.1649	1.81912
1.412	-1.96644	2.79271
1.412	-2.1649	1.81912
1.412	-1.96644	2.79271
1.412	-2.1649	1.81912
1.412	-1.96644	2.79271
1.412	-2.1649	1.81912
1.412	-1.96644	2.79271
1.412	-2.1649	1.81912
1.412	-1.96644	2.79271
1.412	-2.1649	1.81912
1.412	-1.96644	2.79271
1.412	-2.1649	1.81912
1.412	-1.96644	2.79271
1.412	-2.1649	1.81912
1.412	-1.96644	2.79271
1.412	-2.1649	1.81912
1.412	-1.96644	2.79271
1.412	-2.1649	1.81912
1.412	-1.96644	2.79271
1.412	-2.1649	1.81912
1.412	-1.96644	2.79271
1.412	-2.1649	1.81912
1.412	-1.96644	2.79271
1.412	-2.1649	1.81912
1.412	-1.96644	2.79271
1.412	-2.1649	1.81912
1.412	-1.96644	2.79271
1.412	-2.1649	1.81912
1.412	-1.96644	2.79271
1.412	-2.1649	1.81912
1.412	-1.96644	2.79271
1.412	-2.1649	1.81912
1.412	-1.96644	2.79271
1.412	-2.1649	1.81912
1.412	-1.96644	2.79271
1.412	-2.1649	1.81912
1.412	-1.96644	2.79271
1.412	-2.1649	1.81912
1.413	-1.96519	2.80299
1.413	-2.16523	1.81559
1.413	-1.96519	2.80299
1.413	-2.16523	1.81559
1.413	-1.96519	2.80299
1.413	-2.16523	1.81559
1.413	-1.96519	2.80299
1.413	-2.16523	1.81559
1.413	-1.96519	2.80299
1.413	-2.16523	1.81559
1.413	-1.96519	2.80299
1.413	-2.16523	1.81559
1.413	-1.96519	2.80299
1.413	-2.16523	1.81559
1.413	-1.96519	2.80299
1.413	-2.16523	1.81559
1.413	-1.96519	2.80299
1.413	-2.16523	1.81559
1.413	-1.96519	2.80299
1.413	-2.16523	1.81559
1.413	-1.96519	2.80299
1.413	-2.16523	1.81559
1.413	-1.96519	2.80299
1.413	-2.16523	1.81559
1.413	-1.96519	2.80299
1.413	-2.16523	1.81559
1.413	-1.96519	2.80299
1.413	-2.16523	1.81559
1.413	-1.96519	2.80299
1.413	-2.16523	1.81559
1.413	-1.96519	2.80299
1.413	-2.16523	1.81559
1.413	-1.96519	2.80299
1.413	-2.16523	1.81559
1.413	-1.96519	2.80299
1.413	-2.16523	1.81559
1.413	-1.96519	2.80299
1.413	-2.16523	1.81559
1.413	-1.96519	2.80299
1.413	-2.16523	1.81559
1.413	-1.96519	2.80299
1.413	-2.16523	1.81559
1.413	-1.96519	2.80299
1.413	-2.16523	1.81559
1.413	-1.96519	2.80299
1.413	-2.16523	1.81559
1.413	-1.96519	2.80299
1.413	-2.16523	1.81559
1.413	-1.96519	2.80299
1.413	-2.16523	1.81559
1.413	-1.96519	2.80299
1.413	-2.16523	1.81559
1.413	-1.96519	2.80299
1.413	-2.16523	1.81559
1.413	-1.96519	2.80299
1.413	-2.16523	1.81559
1.413	-1.96519	2.80299
1.413	-2.16523	1.81559
1.413	-1.96519	2.80299
1.413	-2.16523	1.81559
1.413	-1.96519	2.80299
1.413	-2.16523	1.81559
1.413	-1.96519	2.80299
1.413	-2.16523	1.81559
1.413	-1.96519	2.80299
1.413	-2.16523	1.81559
1.413	-1.96519	2.80299
1.413	-2.16523	1.81559
1.413	-1.96519	2.80299
1.413	-2.16523	1.81559
1.413	-1.96519	2.80299
1.413	-2.16523	1.81559
1.413	-1.96519	2.80299
1.413	-2.16523	1.81559
1.413	-1.96519	2.80299
1.413	-2.16523	1.81559
1.413	-1.96519	2.80299
1.413	-2.16523	1.81559
1.413	-1.96519	2.80299
1.413	-2.16523	1.81559
1.413	-1.96519	2.80299
1.413	-2.16523	1.81559
1.413	-1.96519	2.80299
1.413	-2.16523	1.81559
1.413	-1.96519	2.80299
1.413	-2.16523	1.81559
1.413	-1.96519	2.80299
1.413	-2.16523	1.81559
1.413	-1.96519	2.80299
1.413	-2.16523	1.81559
1.413	-1.96519	2.80299
1.413	-2.16523	1.81559
1.413	-1.96519	2.80299
1.413	-2.16523	1.81559
1.413	-1.96519	2.80299
1.413	-2.16523	1.81559
1.413	-1.96519	2.80299
1.413	-2.16523	1.81559
1.413	-1.96519	2.80299
1.413	-2.16523	1.81559
1.414	-1.96403	2.81301
1.414	-2.16559	1.81215
1.414	-1.96395	2.8133
1.414	-2.16548	1.81218
1.414	-1.96402	2.81304
1.414	-2.16558	1.81215
1.414	-1.96396	2.81328
1.414	-2.16549	1.81218
1.414	-1.96402	2.81306
1.414	-2.16557	1.81215
1.414	-1.96396	2.81326
1.414	-2.16549	1.81217
1.414	-1.96401	2.81307
1.414	-2.16556	1.81215
1.414	-1.96396	2.81325
1.414	-2.1655	1.81217
1.414	-1.96401	2.81309
1.414	-2.16556	1.81216
1.414	-1.96397	2.81323
1.414	-2.1655	1.81217
1.414	-1.964	2.8131
1.414	-2.16555	1.81216
1.414	-1.96397	2.81322
1.414	-2.16551	1.81217
1.414	-1.964	2.81311
1.414	-2.16555	1.81216
1.414	-1.96397	2.81321
1.414	-2.16551	1.81217
1.414	-1.964	2.81312
1.414	-2.16555	1.81216
1.414	-1.96398	2.81321
1.414	-2.16551	1.81217
1.414	-1.964	2.81313
1.414	-2.16554	1.81216
1.414	-1.96398	2.8132
1.414	-2.16552	1.81217
1.414	-1.964	2.81313
1.414	-2.16554	1.81216
1.414	-1.96398	2.81319
1.414	-2.16552	1.81217
1.414	-1.96399	2.81314
1.414	-2.16554	1.81216
1.414	-1.96398	2.81319
1.414	-2.16552	1.81217
1.414	-1.96399	2.81314
1.414	-2.16554	1.81216
1.414	-1.96398	2.81318
1.414	-2.16552	1.81217
1.414	-1.96399	2.81315
1.414	-2.16554	1.81216
1.414	-1.96398	2.81318
1.414	-2.16552	1.81217
1.414	-1.96399	2.81315
1.414	-2.16554	1.81216
1.414	-1.96398	2.81318
1.414	-2.16552	1.81217
1.414	-1.96399	2.81315
1.414	-2.16553	1.81216
1.414	-1.96398	2.81318
1.414	-2.16553	1.81217
1.414	-1.96399	2.81315
1.414	-2.16553	1.81216
1.414	-1.96398	2.81317
1.414	-2.16553	1.81217
1.414	-1.96399	2.81315
1.414	-2.16553	1.81216
1.414	-1.96398	2.81317
1.414	-2.16553	1.81217
1.414	-1.96399	2.81316
1.414	-2.16553	1.81216
1.414	-1.96399	2.81317
1.414	-2.16553	1.81216
1.414	-1.96399	2.81316
1.414	-2.16553	1.81216
1.414	-1.96399	2.81317
1.414	-2.16553	1.81216
1.414	-1.96399	2.81316
1.414	-2.16553	1.81216
1.414	-1.96399	2.81317
1.414	-2.16553	1.81216
1.414	-1.96399	2.81316
1.414	-2.16553	1.81216
1.414	-1.96399	2.81317
1.414	-2.16553	1.81216
1.414	-1.96399	2.81316
1.414	-2.16553	1.81216
1.414	-1.96399	2.81317
1.414	-2.16553	1.81216
1.414	-1.96399	2.81316
1.414	-2.16553	1.81216
1.414	-1.96399	2.81317
1.414	-2.16553	1.81216
1.414	-1.96399	2.81316
1.414	-2.16553	1.81216
1.414	-1.96399	2.81317
1.414	-2.16553	1.81216
1.414	-1.96399	2.81316
1.414	-2.16553	1.81216
1.414	-1.96399	2.81317
1.414	-2.16553	1.81216
1.415	-1.96181	2.82705
1.415	-2.16433	1.80933
1.415	-1.96384	2.81948
1.415	-2.16722	1.8084
1.415	-1.96186	2.82685
1.415	-2.16441	1.8093
1.415	-1.96379	2.81968
1.415	-2.16715	1.80842
1.415	-1.96191	2.82666
1.415	-2.16448	1.80928
1.415	-1.96374	2.81987
1.415	-2.16708	1.80844
1.415	-1.96196	2.82648
1.415	-2.16455	1.80926
1.415	-1.96369	2.82005
1.415	-2.16701	1.80846
1.415	-1.962	2.82631
1.415	-2.16461	1.80923
1.415	-1.96364	2.82021
1.415	-2.16695	1.80848
1.415	-1.96205	2.82615
1.415	-2.16468	1.80921
1.415	-1.9636	2.82037
1.415	-2.16689	1.8085
1.415	-1.96209	2.826
1.415	-2.16473	1.80919
1.415	-1.96356	2.82052
1.415	-2.16683	1.80852
1.415	-1.96213	2.82586
1.415	-2.16479	1.80918
1.415	-1.96352	2.82067
1.415	-2.16678	1.80853
1.415	-1.96216	2.82572
1.415	-2.16484	1.80916
1.415	-1.96348	2.8208
1.415	-2.16673	1.80855
1.415	-1.9622	2.82559
1.415	-2.16489	1.80914
1.415	-1.96345	2.82093
1.415	-2.16668	1.80857
1.415	-1.96223	2.82547
1.415	-2.16494	1.80913
1.415	-1.96342	2.82105
1.415	-2.16663	1.80858
1.415	-1.96226	2.82535
1.415	-2.16498	1.80911
1.415	-1.96339	2.82116
1.415	-2.16659	1.80859
1.415	-1.96229	2.82524
1.415	-2.16503	1.8091
1.415	-1.96336	2.82127
1.415	-2.16655	1.80861
1.415	-1.96232	2.82514
1.415	-2.16507	1.80908
1.415	-1.96333	2.82138
1.415	-2.16651	1.80862
1.415	-1.96234	2.82504
1.415	-2.16511	1.80907
1.415	-1.9633	2.82147
1.415	-2.16647	1.80863
1.415	-1.96237	2.82495
1.415	-2.16514	1.80906
1.415	-1.96328	2.82156
1.415	-2.16644	1.80864
1.415	-1.96239	2.82486
1.415	-2.16518	1.80905
1.415	-1.96326	2.82165
1.415	-2.1664	1.80865
1.415	-1.96242	2.82477
1.415	-2.16521	1.80904
1.415	-1.96323	2.82174
1.415	-2.16637	1.80866
1.415	-1.96244	2.82469
1.415	-2.16524	1.80903
1.415	-1.96321	2.82181
1.415	-2.16634	1.80867
1.415	-1.96246	2.82462
1.415	-2.16527	1.80902
1.415	-1.96319	2.82189
1.415	-2.16631	1.80868
1.415	-1.96248	2.82455
1.415	-2.1653	1.80901
1.415	-1.96317	2.82196
1.415	-2.16629	1.80869
1.415	-1.9625	2.82448
1.415	-2.16532	1.809
1.415	-1.96315	2.82203
1.415	-2.16626	1.8087
1.415	-1.96251	2.82441
1.415	-2.16535	1.80899
1.415	-1.96314	2.82209
1.415	-2.16624	1.8087
1.415	-1.96253	2.82435
1.415	-2.16537	1.80898
1.415	-1.96312	2.82215
1.415	-2.16621	1.80871
1.415	-1.96254	2.8243
1.415	-2.16539	1.80898
1.415	-1.96311	2.82221
1.415	-2.16619	1.80872
1.416	-1.95004	2.87791
1.416	-2.14726	1.81411
1.416	-1.97595	2.78085
1.416	-2.18477	1.80149
1.416	-1.95004	2.87789
1.416	-2.14727	1.8141
1.416	-1.97594	2.78088
1.416	-2.18476	1.80149
1.416	-1.95005	2.87787
1.416	-2.14728	1.8141
1.416	-1.97594	2.78091
1.416	-2.18475	1.80149
1.416	-1.95005	2.87785
1.416	-2.14729	1.81409
1.416	-1.97593	2.78093
1.416	-2.18474	1.80149
1.416	-1.95005	2.87784
1.416	-2.14729	1.81409
1.416	-1.97592	2.78095
1.416	-2.18474	1.80149
1.416	-1.95006	2.87782
1.416	-2.1473	1.81409
1.416	-1.97592	2.78096
1.416	-2.18473	1.80149
1.416	-1.95006	2.87781
1.416	-2.1473	1.81408
1.416	-1.97592	2.78098
1.416	-2.18473	1.80149
1.416	-1.95006	2.8778
1.416	-2.14731	1.81408
1.416	-1.97591	2.78099
1.416	-2.18472	1.80149
1.416	-1.95007	2.87779
1.416	-2.14731	1.81408
1.416	-1.97591	2.781
1.416	-2.18472	1.80149
1.416	-1.95007	2.87779
1.416	-2.14732	1.81408
1.416	-1.97591	2.78101
1.416	-2.18472	1.80149
1.416	-1.95007	2.87778
1.416	-2.14732	1.81408
1.416	-1.9759	2.78102
1.416	-2.18471	1.80149
1.416	-1.95007	2.87777
1.416	-2.14732	1.81407
1.416	-1.9759	2.78103
1.416	-2.18471	1.80149
1.416	-1.95007	2.87777
1.416	-2.14732	1.81407
1.416	-1.9759	2.78104
1.416	-2.18471	1.80149
1.416	-1.95007	2.87776
1.416	-2.14733	1.81407
1.416	-1.9759	2.78104
1.416	-2.18471	1.80149
1.416	-1.95007	2.87776
1.416	-2.14733	1.81407
1.416	-1.9759	2.78105
1.416	-2.1847	1.80149
1.416	-1.95007	2.87776
1.416	-2.14733	1.81407
1.416	-1.97589	2.78105
1.416	-2.1847	1.80149
1.416	-1.95008	2.87775
1.416	-2.14733	1.81407
1.416	-1.97589	2.78106
1.416	-2.1847	1.80149
1.416	-1.95008	2.87775
1.416	-2.14733	1.81407
1.416	-1.97589	2.78106
1.416	-2.1847	1.80149
1.416	-1.95008	2.87775
1.416	-2.14733	1.81407
1.416	-1.97589	2.78106
1.416	-2.1847	1.80149
1.416	-1.95008	2.87775
1.416	-2.14733	1.81407
1.416	-1.97589	2.78106
1.416	-2.1847	1.80149
1.416	-1.95008	2.87774
1.416	-2.14733	1.81407
1.416	-1.97589	2.78107
1.416	-2.1847	1.8015
1.416	-1.95008	2.87774
1.416	-2.14734	1.81407
1.416	-1.97589	2.78107
1.416	-2.1847	1.8015
1.416	-1.95008	2.87774
1.416	-2.14734	1.81407
1.416	-1.97589	2.78107
1.416	-2.1847	1.8015
1.416	-1.95008	2.87774
1.416	-2.14734	1.81407
1.416	-1.97589	2.78107
1.416	-2.1847	1.8015
1.416	-1.95008	2.87774
1.416	-2.14734	1.81407
1.416	-1.97589	2.78107
1.416	-2.1847	1.8015
1.417	-1.9425	2.91397
1.417	-2.1347	1.81906
1.417	-1.98596	2.75067
1.417	-2.19772	1.79809
1.417	-1.9425	2.91397
1.417	-2.1347	1.81906
1.417	-1.98596	2.75067
1.417	-2.19772	1.79809
1.417	-1.9425	2.91397
1.417	-2.1347	1.81906
1.417	-1.98596	2.75067
1.417	-2.19772	1.79809
1.417	-1.9425	2.91397
1.417	-2.1347	1.81906
1.417	-1.98596	2.75067
1.417	-2.19772	1.79809
1.417	-1.9425	2.91397
1.417	-2.1347	1.81906
1.417	-1.98596	2.75067
1.417	-2.19772	1.79809
1.417	-1.9425	2.91397
1.417	-2.1347	1.81906
1.417	-1.98596	2.75067
1.417	-2.19772	1.79809
1.417	-1.9425	2.91397
1.417	-2.1347	1.81906
1.417	-1.98596	2.75067
1.417	-2.19772	1.79809
1.417	-1.9425	2.91397
1.417	-2.1347	1.81906
1.417	-1.98596	2.75067
1.417	-2.19772	1.79809
1.417	-1.9425	2.91397
1.417	-2.1347	1.81906
1.417	-1.98596	2.75067
1.417	-2.19772	1.79809
1.417	-1.9425	2.91397
1.417	-2.1347	1.81906
1.417	-1.98596	2.75067
1.417	-2.19772	1.79809
1.417	-1.9425	2.91397
1.417	-2.1347	1.81906
1.417	-1.98596	2.75067
1.417	-2.19772	1.79809
1.417	-1.9425	2.91397
1.417	-2.1347	1.81906
1.417	-1.98596	2.75067
1.417	-2.19772	1.79809
1.417	-1.9425	2.91397
1.417	-2.1347	1.81906
1.417	-1.98596	2.75067
1.417	-2.19772	1.79809
1.417	-1.9425	2.91397
1.417	-2.1347	1.81906
1.417	-1.98596	2.75067
1.417	-2.19772	1.79809
1.417	-1.9425	2.91397
1.417	-2.1347	1.81906
1.417	-1.98596	2.75067
1.417	-2.19772	1.79809
1.417	-1.9425	2.91397
1.417	-2.1347	1.81906
1.417	-1.98596	2.75067
1.417	-2.19772	1.79809
1.417	-1.9425	2.91397
1.417	-2.1347	1.81906
1.417	-1.98596	2.75067
1.417	-2.19772	1.79809
1.417	-1.9425	2.91397
1.417	-2.1347	1.81906
1.417	-1.98596	2.75067
1.417	-2.19772	1.79809
1.417	-1.9425	2.91397
1.417	-2.1347	1.81906
1.417	-1.98596	2.75067
1.417	-2.19772	1.79809
1.417	-1.9425	2.91397
1.417	-2.1347	1.81906
1.417	-1.98596	2.75067
1.417	-2.19772	1.79809
1.417	-1.9425	2.91397
1.417	-2.1347	1.81906
1.417	-1.98596	2.75067
1.417	-2.19772	1.79809
1.417	-1.9425	2.91397
1.417	-2.1347	1.81906
1.417	-1.98596	2.75067
1.417	-2.19772	1.79809
1.417	-1.9425	2.91397
1.417	-2.1347	1.81906
1.417	-1.98596	2.75067
1.417	-2.19772	1.79809
1.417	-1.9425	2.91397
1.417	-2.1347	1.81906
1.417	-1.98596	2.75067
1.417	-2.19772	1.79809
1.417	-1.9425	2.91397
1.417	-2.1347	1.81906
1.417	-1.98596	2.75067
1.417	-2.19772	1.79809
1.418	-1.93766	2.94013
1.418	-2.126	1.82266
1.418	-1.9933	2.73039
1.418	-2.20683	1.79607
1.418	-1.93766	2.94013
1.418	-2.126	1.82266
1.418	-1.9933	2.73039
1.418	-2.20683	1.79607
1.418	-1.93766	2.94013
1.418	-2.126	1.82266
1.418	-1.9933	2.73039
1.418	-2.20683	1.79607
1.418	-1.93766	2.94013
1.418	-2.126	1.82266
1.418	-1.9933	2.73039
1.418	-2.20683	1.79607
1.418	-1.93766	2.94013
1.418	-2.126	1.82266
1.418	-1.9933	2.73039
1.418	-2.20683	1.79607
1.418	-1.93766	2.94013
1.418	-2.126	1.82266
1.418	-1.9933	2.73039
1.418	-2.20683	1.79607
1.418	-1.93766	2.94013
1.418	-2.126	1.82266
1.418	-1.9933	2.73039
1.418	-2.20683	1.79607
1.418	-1.93766	2.94013
1.418	-2.126	1.82266
1.418	-1.9933	2.73039
1.418	-2.20683	1.79607
1.418	-1.93766	2.94013
1.418	-2.126	1.82266
1.418	-1.9933	2.73039
1.418	-2.20683	1.79607
1.418	-1.93766	2.94013
1.418	-2.126	1.82266
1.418	-1.9933	2.73039
1.418	-2.20683	1.79607
1.418	-1.93766	2.94013
1.418	-2.126	1.82266
1.418	-1.9933	2.73039
1.418	-2.20683	1.79607
1.418	-1.93766	2.94013
1.418	-2.126	1.82266
1.418	-1.9933	2.73039
1.418	-2.20683	1.79607
1.418	-1.93766	2.94013
1.418	-2.126	1.82266
1.418	-1.9933	2.73039
1.418	-2.20683	1.79607
1.418	-1.93766	2.94013
1.418	-2.126	1.82266
1.418	-1.9933	2.73039
1.418	-2.20683	1.79607
1.418	-1.93766	2.94013
1.418	-2.126	1.82266
1.418	-1.9933	2.73039
1.418	-2.20683	1.79607
1.418	-1.93766	2.94013
1.418	-2.126	1.82266
1.418	-1.9933	2.73039
1.418	-2.20683	1.79607
1.418	-1.93766	2.94013
1.418	-2.126	1.82266
1.418	-1.9933	2.73039
1.418	-2.20683	1.79607
1.418	-1.93766	2.94013
1.418	-2.126	1.82266
1.418	-1.9933	2.73039
1.418	-2.20683	1.79607
1.418	-1.93766	2.94013
1.418	-2.126	1.82266
1.418	-1.9933	2.73039
1.418	-2.20683	1.79607
1.418	-1.93766	2.94013
1.418	-2.126	1.82266
1.418	-1.9933	2.73039
1.418	-2.20683	1.79607
1.418	-1.93766	2.94013
1.418	-2.126	1.82266
1.418	-1.9933	2.73039
1.418	-2.20683	1.79607
1.418	-1.93766	2.94013
1.418	-2.126	1.82266
1.418	-1.9933	2.73039
1.418	-2.20683	1.79607
1.418	-1.93766	2.94013
1.418	-2.126	1.82266
1.418	-1.9933	2.73039
1.418	-2.20683	1.79607
1.418	-1.93766	2.94013
1.418	-2.126	1.82266
1.418	-1.9933	2.73039
1.418	-2.20683	1.79607
1.418	-1.93766	2.94013
1.418	-2.126	1.82266
1.418	-1.9933	2.73039
1.418	-2.20683	1.79607
1.419	-1.99946	2.71441
1.419	-2.21425	1.79465
1.419	-1.93399	2.96203
1.419	-2.11896	1.82564
1.419	-1.99946	2.71441
1.419	-2.21425	1.79465
1.419	-1.93399	2.96203
1.419	-2.11896	1.82564
1.419	-1.99946	2.71441
1.419	-2.21425	1.79465
1.419	-1.93399	2.96203
1.419	-2.11896	1.82564
1.419	-1.99946	2.71441
1.419	-2.21425	1.79465
1.419	-1.93399	2.96203
1.419	-2.11896	1.82564
1.419	-1.99946	2.71441
1.419	-2.21425	1.79465
1.419	-1.93399	2.96203
1.419	-2.11896	1.82564
1.419	-1.99946	2.71441
1.419	-2.21425	1.79465
1.419	-1.93399	2.96203
1.419	-2.11896	1.82564
1.419	-1.99946	2.71441
1.419	-2.21425	1.79465
1.419	-1.93399	2.96203
1.419	-2.11896	1.82564
1.419	-1.99946	2.71441
1.419	-2.21425	1.79465
1.419	-1.93399	2.96203
1.419	-2.11896	1.82564
1.419	-1.99946	2.71441
1.419	-2.21425	1.79465
1.419	-1.93399	2.96203
1.419	-2.11896	1.82564
1.419	-1.99946	2.71441
1.419	-2.21425	1.79465
1.419	-1.93399	2.96203
1.419	-2.11896	1.82564
1.419	-1.99946	2.71441
1.419	-2.21425	1.79465
1.419	-1.93399	2.96203
1.419	-2.11896	1.82564
1.419	-1.99946	2.71441
1.419	-2.21425	1.79465
1.419	-1.93399	2.96203
1.419	-2.11896	1.82564
1.419	-1.99946	2.71441
1.419	-2.21425	1.79465
1.419	-1.93399	2.96203
1.419	-2.11896	1.82564
1.419	-1.99946	2.71441
1.419	-2.21425	1.79465
1.419	-1.93399	2.96203
1.419	-2.11896	1.82564
1.419	-1.99946	2.71441
1.419	-2.21425	1.79465
1.419	-1.93399	2.96203
1.419	-2.11896	1.82564
1.419	-1.99946	2.71441
1.419	-2.21425	1.79465
1.419	-1.93399	2.96203
1.419	-2.11896	1.82564
1.419	-1.99946	2.71441
1.419	-2.21425	1.79465
1.419	-1.93399	2.96203
1.419	-2.11896	1.82564
1.419	-1.99946	2.71441
1.419	-2.21425	1.79465
1.419	-1.93399	2.96203
1.419	-2.11896	1.82564
1.419	-1.99946	2.71441
1.419	-2.21425	1.79465
1.419	-1.93399	2.96203
1.419	-2.11896	1.82564
1.419	-1.99946	2.71441
1.419	-2.21425	1.79465
1.419	-1.93399	2.96203
1.419	-2.11896	1.82564
1.419	-1.99946	2.71441
1.419	-2.21425	1.79465
1.419	-1.93399	2.96203
1.419	-2.11896	1.82564
1.419	-1.99946	2.71441
1.419	-2.21425	1.79465
1.419	-1.93399	2.96203
1.419	-2.11896	1.82564
1.419	-1.99946	2.71441
1.419	-2.21425	1.79465
1.419	-1.93399	2.96203
1.419	-2.11896	1.82564
1.419	-1.99946	2.71441
1.419	-2.21425	1.79465
1.419	-1.93399	2.96203
1.419	-2.11896	1.82564
1.419	-1.99946	2.71441
1.419	-2.21425	1.79465
1.419	-1.93399	2.96203
1.419	-2.11896	1.82564
1.42	-2.00491	2.70099
1.42	-2.22069	1.79359
1.42	-1.93101	2.98144
1.42	-2.11292	1.82825
1.42	-2.00491	2.70099
1.42	-2.22069	1.79359
1.42	-1.93101	2.98144
1.42	-2.11292	1.82825
1.42	-2.00491	2.70099
1.42	-2.22069	1.79359
1.42	-1.93101	2.98144
1.42	-2.11292	1.82825
1.42	-2.00491	2.70099
1.42	-2.22069	1.79359
1.42	-1.93101	2.98144
1.42	-2.11292	1.82825
1.42	-2.00491	2.70099
1.42	-2.22069	1.79359
1.42	-1.93101	2.98144
1.42	-2.11292	1.82825
1.42	-2.00491	2.70099
1.42	-2.22069	1.79359
1.42	-1.93101	2.98144
1.42	-2.11292	1.82825
1.42	-2.00491	2.70099
1.42	-2.22069	1.79359
1.42	-1.93101	2.98144
1.42	-2.11292	1.82825
1.42	-2.00491	2.70099
1.42	-2.22069	1.79359
1.42	-1.93101	2.98144
1.42	-2.11292	1.82825
1.42	-2.00491	2.70099
1.42	-2.22069	1.79359
1.42	-1.93101	2.98144
1.42	-2.11292	1.82825
1.42	-2.00491	2.70099
1.42	-2.22069	1.79359
1.42	-1.93101	2.98144
1.42	-2.11292	1.82825
1.42	-2.00491	2.70099
1.42	-2.22069	1.79359
1.42	-1.93101	2.98144
1.42	-2.11292	1.82825
1.42	-2.00491	2.70099
1.42	-2.22069	1.79359
1.42	-1.93101	2.98144
1.42	-2.11292	1.82825
1.42	-2.00491	2.70099
1.42	-2.22069	1.79359
1.42	-1.93101	2.98144
1.42	-2.11292	1.82825
1.42	-2.00491	2.70099
1.42	-2.22069	1.79359
1.42	-1.93101	2.98144
1.42	-2.11292	1.82825
1.42	-2.00491	2.70099
1.42	-2.22069	1.79359
1.42	-1.93101	2.98144
1.42	-2.11292	1.82825
1.42	-2.00491	2.70099
1.42	-2.22069	1.79359
1.42	-1.93101	2.98144
1.42	-2.11292	1.82825
1.42	-2.00491	2.70099
1.42	-2.22069	1.79359
1.42	-1.93101	2.98144
1.42	-2.11292	1.82825
1.42	-2.00491	2.70099
1.42	-2.22069	1.79359
1.42	-1.93101	2.98144
1.42	-2.11292	1.82825
1.42	-2.00491	2.70099
1.42	-2.22069	1.79359
1.42	-1.93101	2.98144
1.42	-2.11292	1.82825
1.42	-2.00491	2.70099
1.42	-2.22069	1.79359
1.42	-1.93101	2.98144
1.42	-2.11292	1.82825
1.42	-2.00491	2.70099
1.42	-2.22069	1.79359
1.42	-1.93101	2.98144
1.42	-2.11292	1.82825
1.42	-2.00491	2.70099
1.42	-2.22069	1.79359
1.42	-1.93101	2.98144
1.42	-2.11292	1.82825
1.42	-2.00491	2.70099
1.42	-2.22069	1.79359
1.42	-1.93101	2.98144
1.42	-2.11292	1.82825
1.42	-2.00491	2.70099
1.42	-2.22069	1.79359
1.42	-1.93101	2.98144
1.42	-2.11292	1.82825
1.42	-2.00491	2.70099
1.42	-2.22069	1.79359
1.42	-1.93101	2.98144
1.42	-2.11292	1.82825
1.421	-2.00989	2.68932
1.421	-2.22644	1.79279
1.421	-1.92852	2.99916
1.421	-2.10755	1.83058
1.421	-2.00989	2.68932
1.421	-2.22644	1.79279
1.421	-1.92852	2.99916
1.421	-2.10755	1.83058
1.421	-2.00989	2.68932
1.421	-2.22644	1.79279
1.421	-1.92852	2.99916
1.421	-2.10755	1.83058
1.421	-2.00989	2.68932
1.421	-2.22644	1.79279
1.421	-1.92852	2.99916
1.421	-2.10755	1.83058
1.421	-2.00989	2.68932
1.421	-2.22644	1.79279
1.421	-1.92852	2.99916
1.421	-2.10755	1.83058
1.421	-2.00989	2.68932
1.421	-2.22644	1.79279
1.421	-1.92852	2.99916
1.421	-2.10755	1.83058
1.421	-2.00989	2.68932
1.421	-2.22644	1.79279
1.421	-1.92852	2.99916
1.421	-2.10755	1.83058
1.421	-2.00989	2.68932
1.421	-2.22644	1.79279
1.421	-1.92852	2.99916
1.421	-2.10755	1.83058
1.421	-2.00989	2.68932
1.421	-2.22644	1.79279
1.421	-1.92852	2.99916
1.421	-2.10755	1.83058
1.421	-2.00989	2.68932
1.421	-2.22644	1.79279
1.421	-1.92852	2.99916
1.421	-2.10755	1.83058
1.421	-2.00989	2.68932
1.421	-2.22644	1.79279
1.421	-1.92852	2.99916
1.421	-2.10755	1.83058
1.421	-2.00989	2.68932
1.421	-2.22644	1.79279
1.421	-1.92852	2.99916
1.421	-2.10755	1.83058
1.421	-2.00989	2.68932
1.421	-2.22644	1.79279
1.421	-1.92852	2.99916
1.421	-2.10755	1.83058
1.421	-2.00989	2.68932
1.421	-2.22644	1.79279
1.421	-1.92852	2.99916
1.421	-2.10755	1.83058
1.421	-2.00989	2.68932
1.421	-2.22644	1.79279
1.421	-1.92852	2.99916
1.421	-2.10755	1.83058
1.421	-2.00989	2.68932
1.421	-2.22644	1.79279
1.421	-1.92852	2.99916
1.421	-2.10755	1.83058
1.421	-2.00989	2.68932
1.421	-2.22644	1.79279
1.421	-1.92852	2.99916
1.421	-2.10755	1.83058
1.421	-2.00989	2.68932
1.421	-2.22644	1.79279
1.421	-1.92852	2.99916
1.421	-2.10755	1.83058
1.421	-2.00989	2.68932
1.421	-2.22644	1.79279
1.421	-1.92852	2.99916
1.421	-2.10755	1.83058
1.421	-2.00989	2.68932
1.421	-2.22644	1.79279
1.421	-1.92852	2.99916
1.421	-2.10755	1.83058
1.421	-2.00989	2.68932
1.421	-2.22644	1.79279
1.421	-1.92852	2.99916
1.421	-2.10755	1.83058
1.421	-2.00989	2.68932
1.421	-2.22644	1.79279
1.421	-1.92852	2.99916
1.421	-2.10755	1.83058
1.421	-2.00989	2.68932
1.421	-2.22644	1.79279
1.421	-1.92852	2.99916
1.421	-2.10755	1.83058
1.421	-2.00989	2.68932
1.421	-2.22644	1.79279
1.421	-1.92852	2.99916
1.421	-2.10755	1.83058
1.421	-2.00989	2.68932
1.421	-2.22644	1.79279
1.421	-1.92852	2.99916
1.421	-2.10755	1.83058
1.422	-2.0145	2.67895
1.422	-2.23169	1.79217
1.422	-1.92639	3.01564
1.422	-2.10268	1.83271
1.422	-2.0145	2.67895
1.422	-2.23169	1.79217
1.422	-1.92639	3.01564
1.422	-2.10268	1.83271
1.422	-2.0145	2.67895
1.422	-2.23169	1.79217
1.422	-1.92639	3.01564
1.422	-2.10268	1.83271
1.422	-2.0145	2.67895
1.422	-2.23169	1.79217
1.422	-1.92639	3.01564
1.422	-2.10268	1.83271
1.422	-2.0145	2.67895
1.422	-2.23169	1.79217
1.422	-1.92639	3.01564
1.422	-2.10268	1.83271
1.422	-2.0145	2.67895
1.422	-2.23169	1.79217
1.422	-1.92639	3.01564
1.422	-2.10268	1.83271
1.422	-2.0145	2.67895
1.422	-2.23169	1.79217
1.422	-1.92639	3.01564
1.422	-2.10268	1.83271
1.422	-2.0145	2.67895
1.422	-2.23169	1.79217
1.422	-1.92639	3.01564
1.422	-2.10268	1.83271
1.422	-2.0145	2.67895
1.422	-2.23169	1.79217
1.422	-1.92639	3.01564
1.422	-2.10268	1.83271
1.422	-2.0145	2.67895
1.422	-2.23169	1.79217
1.422	-1.92639	3.01564
1.422	-2.10268	1.83271
1.422	-2.0145	2.67895
1.422	-2.23169	1.79217
1.422	-1.92639	3.01564
1.422	-2.10268	1.83271
1.422	-2.0145	2.67895
1.422	-2.23169	1.79217
1.422	-1.92639	3.01564
1.422	-2.10268	1.83271
1.422	-2.0145	2.67895
1.422	-2.23169	1.79217
1.422	-1.92639	3.01564
1.422	-2.10268	1.83271
1.422	-2.0145	2.67895
1.422	-2.23169	1.79217
1.422	-1.92639	3.01564
1.422	-2.10268	1.83271
1.422	-2.0145	2.67895
1.422	-2.23169	1.79217
1.422	-1.92639	3.01564
1.422	-2.10268	1.83271
1.422	-2.0145	2.67895
1.422	-2.23169	1.79217
1.422	-1.92639	3.01564
1.422	-2.10268	1.83271
1.422	-2.0145	2.67895
1.422	-2.23169	1.79217
1.422	-1.92639	3.01564
1.422	-2.10268	1.83271
1.422	-2.0145	2.67895
1.422	-2.23169	1.79217
1.422	-1.92639	3.01564
1.422	-2.10268	1.83271
1.422	-2.0145	2.67895
1.422	-2.23169	1.79217
1.422	-1.92639	3.01564
1.422	-2.10268	1.83271
1.422	-2.0145	2.67895
1.422	-2.23169	1.79217
1.422	-1.92639	3.01564
1.422	-2.10268	1.83271
1.422	-2.0145	2.67895
1.422	-2.23169	1.79217
1.422	-1.92639	3.01564
1.422	-2.10268	1.83271
1.422	-2.0145	2.67895
1.422	-2.23169	1.79217
1.422	-1.92639	3.01564
1.422	-2.10268	1.83271
1.422	-2.0145	2.67895
1.422	-2.23169	1.79217
1.422	-1.92639	3.01564
1.422	-2.10268	1.83271
1.422	-2.0145	2.67895
1.422	-2.23169	1.79217
1.422	-1.92639	3.01564
1.422	-2.10268	1.83271
1.422	-2.0145	2.67895
1.422	-2.23169	1.79217
1.422	-1.92639	3.01564
1.422	-2.10268	1.83271
1.423	-2.01882	2.66958
1.423	-2.23655	1.79171
1.423	-1.92453	3.03117
1.423	-2.09821	1.83467
1.423	-2.01882	2.6696
1.423	-2.23655	1.7917
1.423	-1.92453	3.03117
1.423	-2.0982	1.83467
1.423	-2.01882	2.66958
1.423	-2.23655	1.79171
1.423	-1.92453	3.03117
1.423	-2.09821	1.83467
1.423	-2.01882	2.66959
1.423	-2.23655	1.7917
1.423	-1.92453	3.03117
1.423	-2.0982	1.83467
1.423	-2.01882	2.66958
1.423	-2.23655	1.79171
1.423	-1.92453	3.03117
1.423	-2.09821	1.83467
1.423	-2.01882	2.66959
1.423	-2.23655	1.79171
1.423	-1.92453	3.03117
1.423	-2.0982	1.83467
1.423	-2.01882	2.66958
1.423	-2.23655	1.79171
1.423	-1.92453	3.03117
1.423	-2.09821	1.83467
1.423	-2.01882	2.66959
1.423	-2.23655	1.79171
1.423	-1.92453	3.03117
1.423	-2.09821	1.83467
1.423	-2.01882	2.66959
1.423	-2.23655	1.79171
1.423	-1.92453	3.03117
1.423	-2.09821	1.83467
1.423	-2.01882	2.66959
1.423	-2.23655	1.79171
1.423	-1.92453	3.03117
1.423	-2.09821	1.83467
1.423	-2.01882	2.66959
1.423	-2.23655	1.79171
1.423	-1.92453	3.03117
1.423	-2.09821	1.83467
1.423	-2.01882	2.66959
1.423	-2.23655	1.79171
1.423	-1.92453	3.03117
1.423	-2.09821	1.83467
1.423	-2.01882	2.66959
1.423	-2.23655	1.79171
1.423	-1.92453	3.03117
1.423	-2.09821	1.83467
1.423	-2.01882	2.66959
1.423	-2.23655	1.79171
1.423	-1.92453	3.03117
1.423	-2.09821	1.83467
1.423	-2.01882	2.66959
1.423	-2.23655	1.79171
1.423	-1.92453	3.03117
1.423	-2.09821	1.83467
1.423	-2.01882	2.66959
1.423	-2.23655	1.79171
1.423	-1.92453	3.03117
1.423	-2.09821	1.83467
1.423	-2.01882	2.66959
1.423	-2.23655	1.79171
1.423	-1.92453	3.03117
1.423	-2.09821	1.83467
1.423	-2.01882	2.66959
1.423	-2.23655	1.79171
1.423	-1.92453	3.03117
1.423	-2.09821	1.83467
1.423	-2.01882	2.66959
1.423	-2.23655	1.79171
1.423	-1.92453	3.03117
1.423	-2.09821	1.83467
1.423	-2.01882	2.66959
1.423	-2.23655	1.79171
1.423	-1.92453	3.03117
1.423	-2.09821	1.83467
1.423	-2.01882	2.66959
1.423	-2.23655	1.79171
1.423	-1.92453	3.03117
1.423	-2.09821	1.83467
1.423	-2.01882	2.66959
1.423	-2.23655	1.79171
1.423	-1.92453	3.03117
1.423	-2.09821	1.83467
1.423	-2.01882	2.66959
1.423	-2.23655	1.79171
1.423	-1.92453	3.03117
1.423	-2.09821	1.83467
1.423	-2.01882	2.66959
1.423	-2.23655	1.79171
1.423	-1.92453	3.03117
1.423	-2.09821	1.83467
1.423	-2.01882	2.66959
1.423	-2.23655	1.79171
1.423	-1.92453	3.03117
1.423	-2.09821	1.83467
1.424	-2.02847	2.64283
1.424	-2.24322	1.79814
1.424	-1.9249	3.0354
1.424	-2.10033	1.83119
1.424	-2.01639	2.68272
1.424	-2.23794	1.78445
1.424	-1.9213	3.05475
1.424	-2.08872	1.84104
1.424	-2.02848	2.64278
1.424	-2.24323	1.79816
1.424	-1.92491	3.03537
1.424	-2.10035	1.83117
1.424	-2.01637	2.68278
1.424	-2.23793	1.78443
1.424	-1.92129	3.05477
1.424	-2.08871	1.84105
1.424	-2.02849	2.64274
1.424	-2.24323	1.79817
1.424	-1.92491	3.03534
1.424	-2.10036	1.83116
1.424	-2.01636	2.68284
1.424	-2.23792	1.78442
1.424	-1.92129	3.05479
1.424	-2.0887	1.84106
1.424	-2.0285	2.6427
1.424	-2.24324	1.79819
1.424	-1.92492	3.03532
1.424	-2.10038	1.83115
1.424	-2.01634	2.68289
1.424	-2.23792	1.7844
1.424	-1.92129	3.05481
1.424	-2.08869	1.84107
1.424	-2.02851	2.64267
1.424	-2.24324	1.7982
1.424	-1.92492	3.0353
1.424	-2.10039	1.83114
1.424	-2.01633	2.68293
1.424	-2.23791	1.78439
1.424	-1.92129	3.05482
1.424	-2.08868	1.84108
1.424	-2.02852	2.64264
1.424	-2.24324	1.79821
1.424	-1.92493	3.03528
1.424	-2.1004	1.83113
1.424	-2.01632	2.68297
1.424	-2.2379	1.78438
1.424	-1.92128	3.05483
1.424	-2.08868	1.84108
1.424	-2.02853	2.64262
1.424	-2.24325	1.79822
1.424	-1.92493	3.03527
1.424	-2.10041	1.83112
1.424	-2.01631	2.683
1.424	-2.2379	1.78437
1.424	-1.92128	3.05484
1.424	-2.08867	1.84109
1.424	-2.02854	2.6426
1.424	-2.24325	1.79823
1.424	-1.92493	3.03525
1.424	-2.10042	1.83111
1.424	-2.0163	2.68302
1.424	-2.23789	1.78436
1.424	-1.92128	3.05485
1.424	-2.08866	1.84109
1.424	-2.02854	2.64258
1.424	-2.24325	1.79824
1.424	-1.92493	3.03524
1.424	-2.10043	1.83111
1.424	-2.01629	2.68305
1.424	-2.23789	1.78436
1.424	-1.92128	3.05486
1.424	-2.08866	1.8411
1.424	-2.02855	2.64257
1.424	-2.24325	1.79824
1.424	-1.92494	3.03523
1.424	-2.10043	1.8311
1.424	-2.01629	2.68307
1.424	-2.23789	1.78435
1.424	-1.92128	3.05486
1.424	-2.08866	1.8411
1.424	-2.02855	2.64255
1.424	-2.24325	1.79825
1.424	-1.92494	3.03522
1.424	-2.10044	1.8311
1.424	-2.01628	2.68309
1.424	-2.23788	1.78434
1.424	-1.92128	3.05487
1.424	-2.08865	1.8411
1.424	-2.02855	2.64254
1.424	-2.24325	1.79825
1.424	-1.92494	3.03521
1.424	-2.10044	1.83109
1.424	-2.01628	2.6831
1.424	-2.23788	1.78434
1.424	-1.92128	3.05487
1.424	-2.08865	1.84111
1.424	-2.02856	2.64253
1.424	-2.24325	1.79826
1.424	-1.92494	3.03521
1.424	-2.10045	1.83109
1.425	-2.00519	2.72582
1.425	-2.23334	1.77072
1.425	-1.91794	3.08081
1.425	-2.07738	1.84937
1.425	-2.04039	2.60918
1.425	-2.24905	1.81033
1.425	-1.92817	3.02517
1.425	-2.11095	1.82067
1.425	-2.00519	2.72582
1.425	-2.23334	1.77072
1.425	-1.91794	3.08081
1.425	-2.07738	1.84937
1.425	-2.04039	2.60918
1.425	-2.24905	1.81033
1.425	-1.92817	3.02517
1.425	-2.11095	1.82067
1.425	-2.00519	2.72582
1.425	-2.23334	1.77072
1.425	-1.91794	3.08081
1.425	-2.07738	1.84937
1.425	-2.04039	2.60918
1.425	-2.24905	1.81033
1.425	-1.92817	3.02517
1.425	-2.11095	1.82067
1.425	-2.00519	2.72582
1.425	-2.23334	1.77072
1.425	-1.91794	3.08081
1.425	-2.07738	1.84937
1.425	-2.04039	2.60918
1.425	-2.24905	1.81033
1.425	-1.92817	3.02517
1.425	-2.11095	1.82067
1.425	-2.00519	2.72582
1.425	-2.23334	1.77072
1.425	-1.91794	3.08081
1.425	-2.07738	1.84937
1.425	-2.04039	2.60918
1.425	-2.24905	1.81033
1.425	-1.92817	3.02517
1.425	-2.11095	1.82067
1.425	-2.00519	2.72582
1.425	-2.23334	1.77072
1.425	-1.91794	3.08081
1.425	-2.07738	1.84937
1.425	-2.04039	2.60918
1.425	-2.24905	1.81033
1.425	-1.92817	3.02517
1.425	-2.11095	1.82067
1.425	-2.00519	2.72582
1.425	-2.23334	1.77072
1.425	-1.91794	3.08081
1.425	-2.07738	1.84937
1.425	-2.04039	2.60918
1.425	-2.24905	1.81033
1.425	-1.92817	3.02517
1.425	-2.11095	1.82067
1.425	-2.00519	2.72582
1.425	-2.23334	1.77072
1.425	-1.91794	3.08081
1.425	-2.07738	1.84937
1.425	-2.04039	2.60918
1.425	-2.24905	1.81033
1.425	-1.92817	3.02517
1.425	-2.11095	1.82067
1.425	-2.00519	2.72582
1.425	-2.23334	1.77072
1.425	-1.91794	3.08081
1.425	-2.07738	1.84937
1.425	-2.04039	2.60918
1.425	-2.24905	1.81033
1.425	-1.92817	3.02517
1.425	-2.11095	1.82067
1.425	-2.00519	2.72582
1.425	-2.23334	1.77072
1.425	-1.91794	3.08081
1.425	-2.07738	1.84937
1.425	-2.04039	2.60918
1.425	-2.24905	1.81033
1.425	-1.92817	3.02517
1.425	-2.11095	1.82067
1.425	-2.00519	2.72582
1.425	-2.23334	1.77072
1.425	-1.91794	3.08081
1.425	-2.07738	1.84937
1.425	-2.04039	2.60918
1.425	-2.24905	1.81033
1.425	-1.92817	3.02517
1.425	-2.11095	1.82067
1.425	-2.00519	2.72582
1.425	-2.23334	1.77072
1.425	-1.91794	3.08081
1.425	-2.07738	1.84937
1.425	-2.04039	2.60918
1.425	-2.24905	1.81033
1.425	-1.92817	3.02517
1.425	-2.11095	1.82067
1.425	-2.00519	2.72582
1.425	-2.23334	1.77072
1.425	-1.91794	3.08081
1.425	-2.07738	1.84937
1.426	-2.00742	2.72329
1.426	-2.23745	1.76759
1.426	-1.91546	3.10176
1.426	-2.06884	1.85547
1.426	-2.04952	2.58498
1.426	-2.2529	1.82071
1.426	-1.93155	3.01481
1.426	-2.12149	1.81036
1.426	-1.99417	2.76965
1.426	-2.22633	1.76106
1.426	-1.91733	3.0929
1.426	-2.07462	1.85031
1.426	-2.04328	2.60478
1.426	-2.25235	1.80992
1.426	-1.92704	3.03741
1.426	-2.10843	1.82101
1.426	-2.00742	2.72329
1.426	-2.23745	1.76759
1.426	-1.91546	3.10176
1.426	-2.06884	1.85547
1.426	-2.04952	2.58498
1.426	-2.2529	1.82071
1.426	-1.93155	3.01481
1.426	-2.12149	1.81036
1.426	-1.99417	2.76965
1.426	-2.22633	1.76106
1.426	-1.91733	3.0929
1.426	-2.07462	1.85031
1.426	-2.04328	2.60478
1.426	-2.25235	1.80992
1.426	-1.92704	3.03741
1.426	-2.10843	1.82101
1.426	-2.00742	2.72329
1.426	-2.23745	1.76759
1.426	-1.91546	3.10176
1.426	-2.06884	1.85547
1.426	-2.04952	2.58498
1.426	-2.2529	1.82071
1.426	-1.93155	3.01481
1.426	-2.12149	1.81036
1.426	-1.99417	2.76965
1.426	-2.22633	1.76106
1.426	-1.91733	3.0929
1.426	-2.07462	1.85031
1.426	-2.04328	2.60478
1.426	-2.25235	1.80992
1.426	-1.92704	3.03741
1.426	-2.10843	1.82101
1.426	-2.00742	2.72329
1.426	-2.23745	1.76759
1.426	-1.91546	3.10176
1.426	-2.06884	1.85547
1.426	-2.04952	2.58498
1.426	-2.2529	1.82071
1.426	-1.93155	3.01481
1.426	-2.12149	1.81036
1.426	-1.99417	2.76965
1.426	-2.22633	1.76106
1.426	-1.91733	3.0929
1.426	-2.07462	1.85031
1.426	-2.04328	2.60478
1.426	-2.25235	1.80992
1.426	-1.92704	3.03741
1.426	-2.10843	1.82101
1.426	-2.00742	2.72329
1.426	-2.23745	1.76759
1.426	-1.91546	3.10176
1.426	-2.06884	1.85547
1.426	-2.04952	2.58498
1.426	-2.2529	1.82071
1.426	-1.93155	3.01481
1.426	-2.12149	1.81036
1.426	-1.99417	2.76965
1.426	-2.22633	1.76106
1.426	-1.91733	3.0929
1.426	-2.07462	1.85031
1.426	-2.04328	2.60478
1.426	-2.25235	1.80992
1.426	-1.92704	3.03741
1.426	-2.10843	1.82101
1.426	-2.00742	2.72329
1.426	-2.23745	1.76759
1.426	-1.91546	3.10176
1.426	-2.06884	1.85547
1.426	-2.04952	2.58498
1.426	-2.2529	1.82071
1.426	-1.93155	3.01481
1.426	-2.12149	1.81036
1.426	-1.99417	2.76965
1.426	-2.22633	1.76106
1.426	-1.91733	3.0929
1.426	-2.07462	1.85031
1.426	-2.04328	2.60478
1.426	-2.25235	1.80992
1.426	-1.92704	3.03741
1.426	-2.10843	1.82101
1.426	-2.00742	2.72329
1.426	-2.23745	1.76759
1.426	-1.91546	3.10176
1.426	-2.06884	1.85547
1.427	-2.01354	2.70751
1.427	-2.24406	1.7676
1.427	-1.91334	3.12105
1.427	-2.06114	1.86095
1.427	-2.05787	2.56348
1.427	-2.25574	1.83144
1.427	-1.93558	3.00163
1.427	-2.13339	1.79914
1.427	-1.98198	2.81942
1.427	-2.21513	1.75573
1.427	-1.92025	3.08594
1.427	-2.08397	1.8405
1.427	-2.0331	2.64251
1.427	-2.25299	1.78942
1.427	-1.91858	3.08965
1.427	-2.08127	1.84279
1.427	-2.03595	2.63324
1.427	-2.25377	1.79346
1.427	-1.91993	3.08208
1.427	-2.08602	1.83859
1.427	-2.03083	2.64992
1.427	-2.25227	1.78636
1.427	-1.91762	3.09515
1.427	-2.07779	1.84589
1.427	-2.03972	2.62105
1.427	-2.25462	1.79913
1.427	-1.92194	3.071
1.427	-2.0929	1.83257
1.427	-2.02345	2.67422
1.427	-2.24937	1.77737
1.427	-1.91514	3.10974
1.427	-2.06846	1.85429
1.427	-2.04988	2.58864
1.427	-2.25584	1.81619
1.427	-1.92875	3.03532
1.427	-2.1143	1.81442
1.427	-2.00102	2.75069
1.427	-2.23489	1.75926
1.427	-1.91364	3.12072
1.427	-2.06145	1.86069
1.427	-2.05755	2.5645
1.427	-2.25576	1.83079
1.427	-1.93527	3.00309
1.427	-2.13259	1.79976
1.427	-1.98276	2.81653
1.427	-2.21608	1.75564
1.427	-1.91982	3.08822
1.427	-2.08252	1.84178
1.427	-2.03465	2.63744
1.427	-2.25343	1.7916
1.427	-1.9193	3.08561
1.427	-2.08382	1.84054
1.427	-2.0332	2.64216
1.427	-2.25302	1.78957
1.427	-1.91863	3.08938
1.427	-2.08144	1.84264
1.427	-2.03577	2.63384
1.427	-2.25373	1.7932
1.427	-1.91984	3.0826
1.427	-2.0857	1.83887
1.427	-2.03117	2.6488
1.427	-2.25238	1.78682
1.427	-1.91776	3.09435
1.427	-2.0783	1.84544
1.427	-2.03917	2.62284
1.427	-2.25451	1.79828
1.427	-1.92163	3.0727
1.427	-2.09185	1.83349
1.427	-2.02457	2.6705
1.427	-2.24987	1.77864
1.427	-1.91545	3.10785
1.427	-2.06968	1.85319
1.427	-2.04855	2.59284
1.427	-2.25577	1.81381
1.427	-1.92774	3.04044
1.427	-2.1113	1.8169
1.427	-2.00411	2.73991
1.427	-2.23742	1.76089
1.427	-1.91329	3.12238
1.427	-2.06033	1.86171
1.427	-2.05876	2.5607
1.427	-2.25567	1.83324
1.427	-1.93642	2.99758
1.427	-2.13561	1.79744
1.427	-1.97984	2.82739
1.427	-2.21243	1.75607
1.427	-1.92154	3.0793
1.427	-2.08815	1.83683
1.427	-2.0286	2.65722
1.427	-2.25148	1.78349
1.427	-1.91676	3.10009
1.427	-2.07465	1.84871
1.427	-2.04314	2.61009
1.427	-2.2552	1.80457
1.427	-1.924	3.05993
1.427	-2.09966	1.82674
1.427	-2.01627	2.69827
1.427	-2.24569	1.77002
1.427	-1.91366	3.11892
1.427	-2.06252	1.85969
1.428	-1.97924	2.83524
1.428	-2.21367	1.75216
1.428	-1.91984	3.09613
1.428	-2.08238	1.84037
1.428	-2.03465	2.64236
1.428	-2.25621	1.78659
1.428	-1.91662	3.10805
1.428	-2.07437	1.84744
1.428	-2.04333	2.61431
1.428	-2.2581	1.79979
1.428	-1.92127	3.08166
1.428	-2.09105	1.83259
1.428	-2.02519	2.67342
1.428	-2.25282	1.77447
1.428	-1.91314	3.12906
1.428	-2.06074	1.85984
1.428	-2.05831	2.56688
1.428	-2.2587	1.82707
1.428	-1.93278	3.0217
1.428	-2.12674	1.80251
1.428	-1.988	2.80265
1.428	-2.22437	1.75135
1.428	-1.91514	3.12156
1.428	-2.06593	1.85517
1.428	-2.05264	2.5847
1.428	-2.25886	1.81608
1.428	-1.92788	3.04643
1.428	-2.11242	1.81425
1.428	-2.00257	2.75051
1.428	-2.23858	1.75551
1.428	-1.91124	3.14293
1.428	-2.0517	1.86821
1.428	-2.06828	2.53587
1.428	-2.25731	1.84832
1.428	-1.94308	2.97268
1.428	-2.15329	1.78237
1.428	-1.96286	2.89913
1.428	-2.18875	1.76099
1.428	-1.93473	3.02152
1.428	-2.12743	1.80217
1.428	-1.98743	2.80474
1.428	-2.22372	1.75132
1.428	-1.91539	3.1202
1.428	-2.06682	1.85436
1.428	-2.05166	2.5878
1.428	-2.25884	1.81426
1.428	-1.9271	3.05046
1.428	-2.11003	1.81626
1.428	-2.00505	2.74183
1.428	-2.24059	1.75687
1.428	-1.911	3.1441
1.428	-2.0509	1.86894
1.428	-2.06916	2.53315
1.428	-2.25712	1.85031
1.428	-1.94409	2.96804
1.428	-2.15567	1.78069
1.428	-1.96075	2.9077
1.428	-2.18502	1.76287
1.428	-1.93735	3.00923
1.428	-2.13434	1.79673
1.428	-1.98065	2.82989
1.428	-2.21551	1.75185
1.428	-1.91894	3.10092
1.428	-2.07932	1.84309
1.428	-2.03797	2.63156
1.428	-2.25707	1.79141
1.428	-1.91824	3.09872
1.428	-2.08033	1.84209
1.428	-2.03682	2.63531
1.428	-2.25679	1.7897
1.428	-1.91765	3.10207
1.428	-2.07819	1.844
1.428	-2.03915	2.62777
1.428	-2.25734	1.79318
1.428	-1.91885	3.09519
1.428	-2.08257	1.84009
1.428	-2.03438	2.64322
1.428	-2.25614	1.78621
1.428	-1.9165	3.10875
1.428	-2.07392	1.84785
1.428	-2.04383	2.61273
1.428	-2.25817	1.8006
1.428	-1.92158	3.07997
1.428	-2.0921	1.83167
1.428	-2.02406	2.67719
1.428	-2.25232	1.77318
1.428	-1.91283	3.13101
1.428	-2.05946	1.86102
1.428	-2.05972	2.56248
1.428	-2.25859	1.82992
1.428	-1.9341	3.0152
1.428	-2.1304	1.7996
1.428	-1.98438	2.81601
1.428	-2.22015	1.75137
1.428	-1.91684	3.11223
1.428	-2.07203	1.84965
1.428	-2.04595	2.60593
1.428	-2.25844	1.80415
1.428	-1.92296	3.07245
1.428	-2.09674	1.82762
1.429	-1.94925	2.95087
1.429	-2.16862	1.76973
1.429	-1.94904	2.96322
1.429	-2.16317	1.77367
1.429	-1.95375	2.94293
1.429	-2.17311	1.76721
1.429	-1.94558	2.97845
1.429	-2.15539	1.77906
1.429	-1.96049	2.91474
1.429	-2.18613	1.75964
1.429	-1.93576	3.02362
1.429	-2.13086	1.79761
1.429	-1.98354	2.82463
1.429	-2.22121	1.74731
1.429	-1.91526	3.12947
1.429	-2.06572	1.8539
1.429	-2.05283	2.5889
1.429	-2.2618	1.81122
1.429	-1.92503	3.06825
1.429	-2.10403	1.81969
1.429	-2.01099	2.72641
1.429	-2.24745	1.75618
1.429	-1.9087	3.16623
1.429	-2.04099	1.87675
1.429	-2.08018	2.50402
1.429	-2.25698	1.87142
1.429	-1.95467	2.92716
1.429	-2.17986	1.76277
1.429	-1.94018	3.00294
1.429	-2.14236	1.78866
1.429	-1.97243	2.867
1.429	-2.20599	1.75078
1.429	-1.92295	3.08756
1.429	-2.09266	1.82974
1.429	-2.02328	2.68477
1.429	-2.25462	1.76745
1.429	-1.91028	3.15489
1.429	-2.04855	1.86967
1.429	-2.07181	2.52967
1.429	-2.25957	1.85106
1.429	-1.94379	2.97555
1.429	-2.15623	1.77818
1.429	-1.9596	2.91842
1.429	-2.18449	1.76054
1.429	-1.93694	3.01802
1.429	-2.13402	1.79511
1.429	-1.98044	2.83626
1.429	-2.21726	1.74784
1.429	-1.91705	3.11944
1.429	-2.07229	1.84793
1.429	-2.04557	2.61198
1.429	-2.26128	1.79837
1.429	-1.91988	3.09658
1.429	-2.08648	1.83505
1.429	-2.02991	2.66279
1.429	-2.25742	1.77527
1.429	-1.91221	3.14238
1.429	-2.05686	1.86196
1.429	-2.0626	2.55823
1.429	-2.26129	1.83061
1.429	-1.93369	3.02372
1.429	-2.13017	1.79794
1.429	-1.9841	2.82255
1.429	-2.2219	1.74725
1.429	-1.91497	3.13113
1.429	-2.06462	1.85491
1.429	-2.05404	2.58506
1.429	-2.26181	1.8135
1.429	-1.926	3.0631
1.429	-2.10715	1.81702
1.429	-2.0077	2.7378
1.429	-2.24507	1.7539
1.429	-1.90872	3.1665
1.429	-2.04083	1.8769
1.429	-2.08036	2.50346
1.429	-2.25691	1.87188
1.429	-1.95492	2.92607
1.429	-2.18036	1.76248
1.429	-1.9398	3.00469
1.429	-2.1414	1.78939
1.429	-1.97333	2.86348
1.429	-2.20734	1.75033
1.429	-1.92219	3.0916
1.429	-2.09012	1.83197
1.429	-2.02602	2.67563
1.429	-2.25586	1.77054
1.429	-1.91099	3.15024
1.429	-2.05165	1.86679
1.429	-2.06837	2.54029
1.429	-2.26035	1.84319
1.429	-1.9398	2.99418
1.429	-2.14644	1.78532
1.429	-1.96847	2.88255
1.429	-2.19983	1.75311
1.429	-1.92662	3.06859
1.429	-2.10439	1.81955
1.429	-2.01071	2.72737
1.429	-2.24726	1.75598
1.429	-1.9087	3.1663
1.429	-2.04094	1.87679
1.43	-1.92934	3.05244
1.43	-2.11819	1.80599
1.43	-1.99575	2.78525
1.43	-2.23703	1.74395
1.43	-1.90849	3.17833
1.43	-2.03796	1.87822
1.43	-2.08369	2.49798
1.43	-2.25877	1.87501
1.43	-1.95603	2.92714
1.43	-2.18412	1.7578
1.43	-1.93626	3.02824
1.43	-2.13286	1.79419
1.43	-1.98105	2.83953
1.43	-2.22007	1.74365
1.43	-1.91475	3.14106
1.43	-2.06306	1.85488
1.43	-2.05572	2.58454
1.43	-2.26475	1.81148
1.43	-1.92439	3.07871
1.43	-2.10238	1.81949
1.43	-2.01241	2.72665
1.43	-2.25093	1.75257
1.43	-1.90668	3.18827
1.43	-2.03106	1.88468
1.43	-2.09132	2.47487
1.43	-2.25528	1.89563
1.43	-1.96789	2.87761
1.43	-2.2053	1.74739
1.43	-1.92225	3.09919
1.43	-2.09019	1.83035
1.43	-2.0257	2.68169
1.43	-2.2584	1.76527
1.43	-1.90863	3.17387
1.43	-2.04077	1.87553
1.43	-2.08054	2.50758
1.43	-2.25999	1.86691
1.43	-1.95155	2.94667
1.43	-2.17497	1.76334
1.43	-1.94323	2.99571
1.43	-2.15079	1.78036
1.43	-1.96401	2.90637
1.43	-2.19401	1.7529
1.43	-1.92953	3.06127
1.43	-2.11356	1.81008
1.43	-2.00066	2.76767
1.43	-2.24168	1.74561
1.43	-1.90743	3.18469
1.43	-2.03359	1.88232
1.43	-2.08853	2.4833
1.43	-2.25665	1.88793
1.43	-1.96339	2.89607
1.43	-2.19775	1.75064
1.43	-1.92689	3.0748
1.43	-2.10537	1.81707
1.43	-2.00931	2.73735
1.43	-2.24874	1.75033
1.43	-1.90664	3.18887
1.43	-2.03067	1.88505
1.43	-2.09175	2.47357
1.43	-2.25506	1.89683
1.43	-1.9686	2.87471
1.43	-2.20644	1.74695
1.43	-1.92159	3.10278
1.43	-2.08792	1.83237
1.43	-2.02819	2.67342
1.43	-2.25947	1.7682
1.43	-1.90932	3.16914
1.43	-2.04395	1.87254
1.43	-2.077	2.51843
1.43	-2.2612	1.85807
1.43	-1.94679	2.96799
1.43	-2.16449	1.77026
1.43	-1.9518	2.95761
1.43	-2.17034	1.76666
1.43	-1.9471	2.97822
1.43	-2.15997	1.77372
1.43	-1.95583	2.9403
1.43	-2.17868	1.7614
1.43	-1.94052	3.00816
1.43	-2.14406	1.78543
1.43	-1.97025	2.88133
1.43	-2.20443	1.74824
1.43	-1.92298	3.09525
1.43	-2.09268	1.82815
1.43	-2.02299	2.69075
1.43	-2.25712	1.76228
1.43	-1.90799	3.17832
1.43	-2.03777	1.87835
1.43	-2.08388	2.49742
1.43	-2.2587	1.8755
1.43	-1.9563	2.92597
1.43	-2.18465	1.75749
1.43	-1.93587	3.03011
1.43	-2.13179	1.79504
1.43	-1.9821	2.83556
1.43	-2.22144	1.74343
1.43	-1.91413	3.14466
1.43	-2.06067	1.85708
1.43	-2.05838	2.57615
1.43	-2.26466	1.8167
