-10	7.44015e-43	0	0	0
-9.99	8.22264e-43	0	0	0
-9.98	9.08742e-43	0	0	0
-9.97	1.00432e-42	0	0	0
-9.96	1.10994e-42	0	0	0
-9.95	1.22667e-42	0	0	0
-9.94	1.35568e-42	0	0	0
-9.93	1.49826e-42	0	0	0
-9.92	1.65584e-42	0	0	0
-9.91	1.82998e-42	0	0	0
-9.9	2.02244e-42	0	0	0
-9.89	2.23515e-42	0	0	0
-9.88	2.47022e-42	0	0	0
-9.87	2.73001e-42	0	0	0
-9.86	3.01713e-42	0	0	0
-9.85	3.33444e-42	0	0	0
-9.84	3.68513e-42	0	0	0
-9.83	4.0727e-42	0	0	0
-9.82	4.50103e-42	0	0	0
-9.81	4.97441e-42	0	0	0
-9.8	5.49757e-42	0	0	0
-9.79	6.07575e-42	0	0	0
-9.78	6.71475e-42	0	0	0
-9.77	7.42094e-42	0	0	0
-9.76	8.20141e-42	0	0	0
-9.75	9.06396e-42	0	0	0
-9.74	1.00172e-41	0	0	0
-9.73	1.10707e-41	0	0	0
-9.72	1.22351e-41	0	0	0
-9.71	1.35218e-41	0	0	0
-9.7	1.49439e-41	0	0	0
-9.69	1.65156e-41	0	0	0
-9.68	1.82526e-41	0	0	0
-9.67	2.01722e-41	0	0	0
-9.66	2.22937e-41	0	0	0
-9.65	2.46384e-41	0	0	0
-9.64	2.72296e-41	0	0	0
-9.63	3.00934e-41	0	0	0
-9.62	3.32584e-41	0	0	0
-9.61	3.67562e-41	0	0	0
-9.6	4.06219e-41	0	0	0
-9.59	4.48941e-41	0	0	0
-9.58	4.96156e-41	0	0	0
-9.57	5.48338e-41	0	0	0
-9.56	6.06007e-41	0	0	0
-9.55	6.69741e-41	0	0	0
-9.54	7.40178e-41	0	0	0
-9.53	8.18024e-41	0	0	0
-9.52	9.04056e-41	0	0	0
-9.51	9.99136e-41	0	0	0
-9.5	1.10422e-40	0	0	0
-9.49	1.22035e-40	0	0	0
-9.48	1.34869e-40	0	0	0
-9.47	1.49054e-40	0	0	0
-9.46	1.6473e-40	0	0	0
-9.45	1.82055e-40	0	0	0
-9.44	2.01201e-40	0	0	0
-9.43	2.22362e-40	0	0	0
-9.42	2.45748e-40	0	0	0
-9.41	2.71593e-40	0	0	0
-9.4	3.00157e-40	0	0	0
-9.39	3.31725e-40	0	0	0
-9.38	3.66613e-40	0	0	0
-9.37	4.0517e-40	0	0	0
-9.36	4.47782e-40	0	0	0
-9.35	4.94875e-40	0	0	0
-9.34	5.46922e-40	0	0	0
-9.33	6.04442e-40	0	0	0
-9.32	6.68012e-40	0	0	0
-9.31	7.38267e-40	0	0	0
-9.3	8.15912e-40	0	0	0
-9.29	9.01722e-40	0	0	0
-9.28	9.96557e-40	0	0	0
-9.27	1.10137e-39	0	0	0
-9.26	1.2172e-39	0	0	0
-9.25	1.34521e-39	0	0	0
-9.24	1.48669e-39	0	0	0
-9.23	1.64304e-39	0	0	0
-9.22	1.81584e-39	0	0	0
-9.21	2.00682e-39	0	0	0
-9.2	2.21788e-39	0	0	0
-9.19	2.45113e-39	0	0	0
-9.18	2.70892e-39	0	0	0
-9.17	2.99382e-39	0	0	0
-9.16	3.30869e-39	0	0	0
-9.15	3.65666e-39	0	0	0
-9.14	4.04124e-39	0	0	0
-9.13	4.46626e-39	0	0	0
-9.12	4.93598e-39	0	0	0
-9.11	5.4551e-39	0	0	0
-9.1	6.02882e-39	0	0	0
-9.09	6.66287e-39	0	0	0
-9.08	7.36361e-39	0	0	0
-9.07	8.13805e-39	0	0	0
-9.06	8.99394e-39	0	0	0
-9.05	9.93984e-39	0	0	0
-9.04	1.09852e-38	0	0	0
-9.03	1.21405e-38	0	0	0
-9.02	1.34174e-38	0	0	0
-9.01	1.48285e-38	0	0	0
-9	1.6388e-38	0	0	0
-8.99	1.81116e-38	0	0	0
-8.98	2.00164e-38	0	0	0
-8.97	2.21215e-38	0	0	0
-8.96	2.44481e-38	0	0	0
-8.95	2.70193e-38	0	0	0
-8.94	2.98609e-38	0	0	0
-8.93	3.30014e-38	0	0	0
-8.92	3.64722e-38	0	0	0
-8.91	4.0308e-38	0	0	0
-8.9	4.45473e-38	0	0	0
-8.89	4.92323e-38	0	0	0
-8.88	5.44102e-38	0	0	0
-8.87	6.01325e-38	0	0	0
-8.86	6.64567e-38	0	0	0
-8.85	7.3446e-38	0	0	0
-8.84	8.11704e-38	0	0	0
-8.83	8.97072e-38	0	0	0
-8.82	9.91418e-38	0	0	0
-8.81	1.09569e-37	0	0	0
-8.8	1.21092e-37	0	0	0
-8.79	1.33827e-37	0	0	0
-8.78	1.47902e-37	0	0	0
-8.77	1.63457e-37	0	0	0
-8.76	1.80648e-37	0	0	0
-8.75	1.99647e-37	0	0	0
-8.74	2.20644e-37	0	0	0
-8.73	2.43849e-37	0	0	0
-8.72	2.69495e-37	0	0	0
-8.71	2.97838e-37	0	0	0
-8.7	3.29162e-37	0	0	0
-8.69	3.63781e-37	0	0	0
-8.68	4.0204e-37	0	0	0
-8.67	4.44323e-37	0	0	0
-8.66	4.91052e-37	0	0	0
-8.65	5.42697e-37	0	0	0
-8.64	5.99773e-37	0	0	0
-8.63	6.62851e-37	0	0	0
-8.62	7.32564e-37	0	0	0
-8.61	8.09609e-37	0	0	0
-8.6	8.94756e-37	0	0	0
-8.59	9.88858e-37	0	0	0
-8.58	1.09286e-36	0	0	0
-8.57	1.20779e-36	0	0	0
-8.56	1.33482e-36	0	0	0
-8.55	1.4752e-36	0	0	0
-8.54	1.63035e-36	0	0	0
-8.53	1.80182e-36	0	0	0
-8.52	1.99132e-36	0	0	0
-8.51	2.20074e-36	0	0	0
-8.5	2.4322e-36	0	0	0
-8.49	2.688e-36	0	0	0
-8.48	2.97069e-36	0	0	0
-8.47	3.28312e-36	0	0	0
-8.46	3.62841e-36	0	0	0
-8.45	4.01002e-36	0	0	0
-8.44	4.43175e-36	0	0	0
-8.43	4.89785e-36	0	0	0
-8.42	5.41296e-36	0	0	0
-8.41	5.98224e-36	0	0	0
-8.4	6.6114e-36	0	0	0
-8.39	7.30673e-36	0	0	0
-8.38	8.07518e-36	0	0	0
-8.37	8.92446e-36	0	0	0
-8.36	9.86305e-36	0	0	0
-8.35	1.09004e-35	0	0	0
-8.34	1.20468e-35	0	0	0
-8.33	1.33137e-35	0	0	0
-8.32	1.47139e-35	0	0	0
-8.31	1.62614e-35	0	0	0
-8.3	1.79717e-35	0	0	0
-8.29	1.98617e-35	0	0	0
-8.28	2.19506e-35	0	0	0
-8.27	2.42592e-35	0	0	0
-8.26	2.68106e-35	0	0	0
-8.25	2.96302e-35	0	0	0
-8.24	3.27465e-35	0	0	0
-8.23	3.61905e-35	0	0	0
-8.22	3.99966e-35	0	0	0
-8.21	4.42031e-35	0	0	0
-8.2	4.8852e-35	0	0	0
-8.19	5.39898e-35	0	0	0
-8.18	5.9668e-35	0	0	0
-8.17	6.59433e-35	0	0	0
-8.16	7.28786e-35	0	0	0
-8.15	8.05434e-35	0	0	0
-8.14	8.90142e-35	0	0	0
-8.13	9.83759e-35	0	0	0
-8.12	1.08722e-34	0	0	0
-8.11	1.20157e-34	0	0	0
-8.1	1.32794e-34	0	0	0
-8.09	1.4676e-34	0	0	0
-8.08	1.62194e-34	0	0	0
-8.07	1.79253e-34	0	0	0
-8.06	1.98105e-34	0	0	0
-8.05	2.1894e-34	0	0	0
-8.04	2.41966e-34	0	0	0
-8.03	2.67413e-34	0	0	0
-8.02	2.95537e-34	0	0	0
-8.01	3.26619e-34	0	0	0
-8	3.6097e-34	0	0	0
-7.99	3.98934e-34	0	0	0
-7.98	4.4089e-34	0	0	0
-7.97	4.87259e-34	0	0	0
-7.96	5.38504e-34	0	0	0
-7.95	5.95139e-34	0	0	0
-7.94	6.57731e-34	0	0	0
-7.93	7.26905e-34	0	0	0
-7.92	8.03354e-34	0	0	0
-7.91	8.87844e-34	0	0	0
-7.9	9.81219e-34	0	0	0
-7.89	1.08441e-33	0	0	0
-7.88	1.19846e-33	0	0	0
-7.87	1.32451e-33	0	0	0
-7.86	1.46381e-33	0	0	0
-7.85	1.61776e-33	0	0	0
-7.84	1.7879e-33	0	0	0
-7.83	1.97593e-33	0	0	0
-7.82	2.18374e-33	0	0	0
-7.81	2.41341e-33	0	0	0
-7.8	2.66723e-33	0	0	0
-7.79	2.94774e-33	0	0	0
-7.78	3.25776e-33	0	0	0
-7.77	3.60038e-33	0	0	0
-7.76	3.97904e-33	0	0	0
-7.75	4.39752e-33	0	0	0
-7.74	4.86001e-33	0	0	0
-7.73	5.37114e-33	0	0	0
-7.72	5.93603e-33	0	0	0
-7.71	6.56033e-33	0	0	0
-7.7	7.25028e-33	0	0	0
-7.69	8.0128e-33	0	0	0
-7.68	8.85551e-33	0	0	0
-7.67	9.78686e-33	0	0	0
-7.66	1.08161e-32	0	0	0
-7.65	1.19537e-32	0	0	0
-7.64	1.32109e-32	0	0	0
-7.63	1.46003e-32	0	0	0
-7.62	1.61358e-32	0	0	0
-7.61	1.78328e-32	0	0	0
-7.6	1.97083e-32	0	0	0
-7.59	2.17811e-32	0	0	0
-7.58	2.40718e-32	0	0	0
-7.57	2.66034e-32	0	0	0
-7.56	2.94013e-32	0	0	0
-7.55	3.24935e-32	0	0	0
-7.54	3.59109e-32	0	0	0
-7.53	3.96877e-32	0	0	0
-7.52	4.38616e-32	0	0	0
-7.51	4.84746e-32	0	0	0
-7.5	5.35727e-32	0	0	0
-7.49	5.9207e-32	0	0	0
-7.48	6.54339e-32	0	0	0
-7.47	7.23156e-32	0	0	0
-7.46	7.99211e-32	0	0	0
-7.45	8.83265e-32	0	0	0
-7.44	9.76159e-32	0	0	0
-7.43	1.07882e-31	0	0	0
-7.42	1.19228e-31	0	0	0
-7.41	1.31768e-31	0	0	0
-7.4	1.45626e-31	0	0	0
-7.39	1.60941e-31	0	0	0
-7.38	1.77868e-31	0	0	0
-7.37	1.96574e-31	0	0	0
-7.36	2.17248e-31	0	0	0
-7.35	2.40096e-31	0	0	0
-7.34	2.65348e-31	0	0	0
-7.33	2.93254e-31	0	0	0
-7.32	3.24096e-31	0	0	0
-7.31	3.58182e-31	0	0	0
-7.3	3.95852e-31	0	0	0
-7.29	4.37484e-31	0	0	0
-7.28	4.83495e-31	0	0	0
-7.27	5.34344e-31	0	0	0
-7.26	5.90542e-31	0	0	0
-7.25	6.5265e-31	0	0	0
-7.24	7.21289e-31	0	0	0
-7.23	7.97148e-31	0	0	0
-7.22	8.80985e-31	0	0	0
-7.21	9.73639e-31	0	0	0
-7.2	1.07604e-30	0	0	0
-7.19	1.18921e-30	0	0	0
-7.18	1.31427e-30	0	0	0
-7.17	1.4525e-30	0	0	0
-7.16	1.60526e-30	0	0	0
-7.15	1.77409e-30	0	0	0
-7.14	1.96067e-30	0	0	0
-7.13	2.16687e-30	0	0	0
-7.12	2.39476e-30	0	0	0
-7.11	2.64662e-30	0	0	0
-7.1	2.92497e-30	0	0	0
-7.09	3.23259e-30	0	0	0
-7.08	3.57257e-30	0	0	0
-7.07	3.9483e-30	0	0	0
-7.06	4.36355e-30	0	0	0
-7.05	4.82246e-30	0	0	0
-7.04	5.32965e-30	0	0	0
-7.03	5.89017e-30	0	0	0
-7.02	6.50965e-30	0	0	0
-7.01	7.19427e-30	0	0	0
-7	7.9509e-30	0	0	0
-6.99	8.7871e-30	0	0	0
-6.98	9.71125e-30	0	0	0
-6.97	1.07326e-29	0	0	0
-6.96	1.18613e-29	0	0	0
-6.95	1.31088e-29	0	0	0
-6.94	1.44875e-29	0	0	0
-6.93	1.60111e-29	0	0	0
-6.92	1.76951e-29	0	0	0
-6.91	1.95561e-29	0	0	0
-6.9	2.16128e-29	0	0	0
-6.89	2.38858e-29	0	0	0
-6.88	2.63979e-29	0	0	0
-6.87	2.91742e-29	0	0	0
-6.86	3.22425e-29	0	0	0
-6.85	3.56335e-29	0	0	0
-6.84	3.93811e-29	0	0	0
-6.83	4.35228e-29	0	0	0
-6.82	4.81001e-29	0	0	0
-6.81	5.31589e-29	0	0	0
-6.8	5.87496e-29	0	0	0
-6.79	6.49284e-29	0	0	0
-6.78	7.1757e-29	0	0	0
-6.77	7.93037e-29	0	0	0
-6.76	8.76442e-29	0	0	0
-6.75	9.68618e-29	0	0	0
-6.74	1.07049e-28	0	0	0
-6.73	1.18307e-28	0	0	0
-6.72	1.3075e-28	0	0	0
-6.71	1.44501e-28	0	0	0
-6.7	1.59698e-28	0	0	0
-6.69	1.76494e-28	0	0	0
-6.68	1.95056e-28	0	0	0
-6.67	2.1557e-28	0	0	0
-6.66	2.38242e-28	0	0	0
-6.65	2.63298e-28	0	0	0
-6.64	2.90989e-28	0	0	0
-6.63	3.21592e-28	0	0	0
-6.62	3.55415e-28	0	0	0
-6.61	3.92794e-28	0	0	0
-6.6	4.34104e-28	0	0	0
-6.59	4.7976e-28	0	0	0
-6.58	5.30216e-28	0	0	0
-6.57	5.8598e-28	0	0	0
-6.56	6.47608e-28	0	0	0
-6.55	7.15717e-28	0	0	0
-6.54	7.9099e-28	0	0	0
-6.53	8.74179e-28	0	0	0
-6.52	9.66117e-28	0	0	0
-6.51	1.06772e-27	0	0	0
-6.5	1.18002e-27	0	0	0
-6.49	1.30412e-27	0	0	0
-6.48	1.44128e-27	0	0	0
-6.47	1.59286e-27	0	0	0
-6.46	1.76038e-27	0	0	0
-6.45	1.94552e-27	0	0	0
-6.44	2.15013e-27	0	0	0
-6.43	2.37626e-27	0	0	0
-6.42	2.62618e-27	0	0	0
-6.41	2.90238e-27	0	0	0
-6.4	3.20762e-27	0	0	0
-6.39	3.54497e-27	0	0	0
-6.38	3.9178e-27	0	0	0
-6.37	4.32984e-27	0	0	0
-6.36	4.78521e-27	0	0	0
-6.35	5.28847e-27	0	0	0
-6.34	5.84467e-27	0	0	0
-6.33	6.45936e-27	0	0	0
-6.32	7.13869e-27	0	0	0
-6.31	7.88948e-27	0	0	0
-6.3	8.71922e-27	0	0	0
-6.29	9.63623e-27	0	0	0
-6.28	1.06497e-26	0	0	0
-6.27	1.17697e-26	0	0	0
-6.26	1.30075e-26	0	0	0
-6.25	1.43756e-26	0	0	0
-6.24	1.58875e-26	0	0	0
-6.23	1.75584e-26	0	0	0
-6.22	1.9405e-26	0	0	0
-6.21	2.14458e-26	0	0	0
-6.2	2.37013e-26	0	0	0
-6.19	2.6194e-26	0	0	0
-6.18	2.89488e-26	0	0	0
-6.17	3.19934e-26	0	0	0
-6.16	3.53582e-26	0	0	0
-6.15	3.90768e-26	0	0	0
-6.14	4.31866e-26	0	0	0
-6.13	4.77286e-26	0	0	0
-6.12	5.27482e-26	0	0	0
-6.11	5.82958e-26	0	0	0
-6.1	6.44268e-26	0	0	0
-6.09	7.12026e-26	0	0	0
-6.08	7.86911e-26	0	0	0
-6.07	8.69671e-26	0	0	0
-6.06	9.61135e-26	0	0	0
-6.05	1.06222e-25	0	0	0
-6.04	1.17393e-25	0	0	0
-6.03	1.2974e-25	0	0	0
-6.02	1.43384e-25	0	0	0
-6.01	1.58464e-25	0	0	0
-6	1.7513e-25	0	0	0
-5.99	1.93549e-25	0	0	0
-5.98	2.13905e-25	0	0	0
-5.97	2.36401e-25	0	0	0
-5.96	2.61264e-25	0	0	0
-5.95	2.88741e-25	0	0	0
-5.94	3.19108e-25	0	0	0
-5.93	3.52669e-25	0	0	0
-5.92	3.89759e-25	0	0	0
-5.91	4.30751e-25	0	0	0
-5.9	4.76053e-25	0	0	0
-5.89	5.2612e-25	0	0	0
-5.88	5.81453e-25	0	0	0
-5.87	6.42605e-25	0	0	0
-5.86	7.10188e-25	0	0	0
-5.85	7.84879e-25	0	0	0
-5.84	8.67426e-25	0	0	0
-5.83	9.58654e-25	0	0	0
-5.82	1.05948e-24	0	0	0
-5.81	1.1709e-24	0	0	0
-5.8	1.29405e-24	0	0	0
-5.79	1.43014e-24	0	0	0
-5.78	1.58055e-24	0	0	0
-5.77	1.74678e-24	0	0	0
-5.76	1.93049e-24	0	0	0
-5.75	2.13352e-24	0	0	0
-5.74	2.35791e-24	0	0	0
-5.73	2.60589e-24	0	0	0
-5.72	2.87995e-24	0	0	0
-5.71	3.18284e-24	0	0	0
-5.7	3.51758e-24	0	0	0
-5.69	3.88753e-24	0	0	0
-5.68	4.29639e-24	0	0	0
-5.67	4.74824e-24	0	0	0
-5.66	5.24762e-24	0	0	0
-5.65	5.79952e-24	0	0	0
-5.64	6.40946e-24	0	0	0
-5.63	7.08355e-24	0	0	0
-5.62	7.82853e-24	0	0	0
-5.61	8.65186e-24	0	0	0
-5.6	9.56179e-24	0	0	0
-5.59	1.05674e-23	0	0	0
-5.58	1.16788e-23	0	0	0
-5.57	1.29071e-23	0	0	0
-5.56	1.42645e-23	0	0	0
-5.55	1.57647e-23	0	0	0
-5.54	1.74227e-23	0	0	0
-5.53	1.92551e-23	0	0	0
-5.52	2.12801e-23	0	0	0
-5.51	2.35182e-23	0	0	0
-5.5	2.59916e-23	0	0	0
-5.49	2.87252e-23	0	0	0
-5.48	3.17462e-23	0	0	0
-5.47	3.5085e-23	0	0	0
-5.46	3.8775e-23	0	0	0
-5.45	4.28529e-23	0	0	0
-5.44	4.73598e-23	0	0	0
-5.43	5.23407e-23	0	0	0
-5.42	5.78454e-23	0	0	0
-5.41	6.39291e-23	0	0	0
-5.4	7.06526e-23	0	0	0
-5.39	7.80832e-23	0	0	0
-5.38	8.62952e-23	0	0	0
-5.37	9.5371e-23	0	0	0
-5.36	1.05401e-22	0	0	0
-5.35	1.16486e-22	0	0	0
-5.34	1.28737e-22	0	0	0
-5.33	1.42277e-22	0	0	0
-5.32	1.5724e-22	0	0	0
-5.31	1.73777e-22	0	0	0
-5.3	1.92054e-22	0	0	0
-5.29	2.12252e-22	0	0	0
-5.28	2.34575e-22	0	0	0
-5.27	2.59245e-22	0	0	0
-5.26	2.8651e-22	0	0	0
-5.25	3.16643e-22	0	0	0
-5.24	3.49944e-22	0	0	0
-5.23	3.86748e-22	0	0	0
-5.22	4.27423e-22	0	0	0
-5.21	4.72376e-22	0	0	0
-5.2	5.22056e-22	0	0	0
-5.19	5.76961e-22	0	0	0
-5.18	6.3764e-22	0	0	0
-5.17	7.04701e-22	0	0	0
-5.16	7.78816e-22	0	0	0
-5.15	8.60724e-22	0	0	0
-5.14	9.51247e-22	0	0	0
-5.13	1.05129e-21	0	0	0
-5.12	1.16186e-21	0	0	0
-5.11	1.28405e-21	0	0	0
-5.1	1.41909e-21	0	0	0
-5.09	1.56834e-21	0	0	0
-5.08	1.73329e-21	0	0	0
-5.07	1.91558e-21	0	0	0
-5.06	2.11704e-21	0	0	0
-5.05	2.33969e-21	0	0	0
-5.04	2.58576e-21	0	0	0
-5.03	2.8577e-21	0	0	0
-5.02	3.15825e-21	0	0	0
-5.01	3.49041e-21	0	0	0
-5	3.8575e-21	0	0	0
-4.99	4.26319e-21	0	0	0
-4.98	4.71156e-21	0	0	0
-4.97	5.20707e-21	0	0	0
-4.96	5.75471e-21	0	0	0
-4.95	6.35993e-21	0	0	0
-4.94	7.02881e-21	0	0	0
-4.93	7.76804e-21	0	0	0
-4.92	8.58501e-21	0	0	0
-4.91	9.4879e-21	0	0	0
-4.9	1.04858e-20	0	0	0
-4.89	1.15886e-20	0	0	0
-4.88	1.28073e-20	0	0	0
-4.87	1.41543e-20	0	0	0
-4.86	1.56429e-20	0	0	0
-4.85	1.72881e-20	0	0	0
-4.84	1.91063e-20	0	0	0
-4.83	2.11157e-20	0	0	0
-4.82	2.33365e-20	0	0	0
-4.81	2.57908e-20	0	0	0
-4.8	2.85032e-20	0	0	0
-4.79	3.15009e-20	0	0	0
-4.78	3.48139e-20	0	0	0
-4.77	3.84753e-20	0	0	0
-4.76	4.25218e-20	0	0	0
-4.75	4.69938e-20	0	0	0
-4.74	5.19362e-20	0	0	0
-4.73	5.73983e-20	0	0	0
-4.72	6.3435e-20	0	0	0
-4.71	7.01065e-20	0	0	0
-4.7	7.74796e-20	0	0	0
-4.69	8.56282e-20	0	0	0
-4.68	9.46338e-20	0	0	0
-4.67	1.04586e-19	0	0	0
-4.66	1.15586e-19	0	0	0
-4.65	1.27742e-19	0	0	0
-4.64	1.41177e-19	0	0	0
-4.63	1.56024e-19	0	0	0
-4.62	1.72434e-19	0	0	0
-4.61	1.90569e-19	0	0	0
-4.6	2.10611e-19	0	0	0
-4.59	2.32761e-19	0	0	0
-4.58	2.5724e-19	0	0	0
-4.57	2.84294e-19	0	0	0
-4.56	3.14194e-19	0	0	0
-4.55	3.47238e-19	0	0	0
-4.54	3.83757e-19	0	0	0
-4.53	4.24117e-19	0	0	0
-4.52	4.68721e-19	0	0	0
-4.51	5.18017e-19	0	0	0
-4.5	5.72497e-19	0	0	0
-4.49	6.32706e-19	0	0	0
-4.48	6.99248e-19	0	0	0
-4.47	7.72788e-19	0	0	0
-4.46	8.54063e-19	0	0	0
-4.45	9.43884e-19	0	0	0
-4.44	1.04315e-18	0	0	0
-4.43	1.15286e-18	0	0	0
-4.42	1.27411e-18	0	0	0
-4.41	1.40811e-18	0	0	0
-4.4	1.5562e-18	0	0	0
-4.39	1.71986e-18	0	0	0
-4.38	1.90074e-18	0	0	0
-4.37	2.10064e-18	0	0	0
-4.36	2.32156e-18	0	0	0
-4.35	2.56572e-18	0	0	0
-4.34	2.83556e-18	0	0	0
-4.33	3.13377e-18	0	0	0
-4.32	3.46335e-18	0	0	0
-4.31	3.82759e-18	0	0	0
-4.3	4.23013e-18	0	0	0
-4.29	4.67501e-18	0	0	0
-4.28	5.16668e-18	0	0	0
-4.27	5.71005e-18	0	0	0
-4.26	6.31058e-18	0	0	0
-4.25	6.97425e-18	0	0	0
-4.24	7.70773e-18	0	0	0
-4.23	8.51834e-18	0	0	0
-4.22	9.41421e-18	0	0	0
-4.21	1.04043e-17	0	0	0
-4.2	1.14985e-17	0	0	0
-4.19	1.27078e-17	0	0	0
-4.18	1.40442e-17	0	0	0
-4.17	1.55212e-17	0	0	0
-4.16	1.71536e-17	0	0	0
-4.15	1.89576e-17	0	0	0
-4.14	2.09513e-17	0	0	0
-4.13	2.31547e-17	0	0	0
-4.12	2.55899e-17	0	0	0
-4.11	2.82811e-17	0	0	0
-4.1	3.12554e-17	0	0	0
-4.09	3.45424e-17	0	0	0
-4.08	3.81752e-17	0	0	0
-4.07	4.21899e-17	0	0	0
-4.06	4.66269e-17	0	0	0
-4.05	5.15306e-17	0	0	0
-4.04	5.69499e-17	0	0	0
-4.03	6.29391e-17	0	0	0
-4.02	6.95582e-17	0	0	0
-4.01	7.68734e-17	0	0	0
-4	8.49579e-17	0	0	0
-3.99	9.38926e-17	0	0	0
-3.98	1.03767e-16	0	0	0
-3.97	1.1468e-16	0	0	0
-3.96	1.2674e-16	0	0	0
-3.95	1.40069e-16	0	0	0
-3.94	1.54799e-16	0	0	0
-3.93	1.71079e-16	0	0	0
-3.92	1.8907e-16	0	0	0
-3.91	2.08954e-16	0	0	0
-3.9	2.30928e-16	0	0	0
-3.89	2.55214e-16	0	0	0
-3.88	2.82053e-16	0	0	0
-3.87	3.11715e-16	0	0	0
-3.86	3.44496e-16	0	0	0
-3.85	3.80724e-16	0	0	0
-3.84	4.20763e-16	0	0	0
-3.83	4.65011e-16	0	0	0
-3.82	5.13913e-16	1.11022e-14	0	5.55112e-15
-3.81	5.67958e-16	0	1.11022e-14	5.55112e-15
-3.8	6.27686e-16	0	0	0
-3.79	6.93695e-16	0	0	0
-3.78	7.66645e-16	0	0	0
-3.77	8.47267e-16	0	0	0
-3.76	9.36366e-16	0	0	0
-3.75	1.03484e-15	0	0	0
-3.74	1.14366e-15	0	0	0
-3.73	1.26393e-15	0	0	0
-3.72	1.39684e-15	0	0	0
-3.71	1.54374e-15	1.11022e-14	0	5.55112e-15
-3.7	1.70607e-15	0	1.11022e-14	5.55112e-15
-3.69	1.88548e-15	0	0	0
-3.68	2.08376e-15	0	0	0
-3.67	2.30289e-15	0	0	0
-3.66	2.54505e-15	1.11022e-14	0	5.55112e-15
-3.65	2.81269e-15	0	1.11022e-14	5.55112e-15
-3.64	3.10846e-15	0	0	0
-3.63	3.43534e-15	0	0	0
-3.62	3.79659e-15	1.11022e-14	0	5.55112e-15
-3.61	4.19583e-15	0	1.11022e-14	5.55112e-15
-3.6	4.63705e-15	1.11022e-14	0	5.55112e-15
-3.59	5.12467e-15	0	1.11022e-14	5.55112e-15
-3.58	5.66356e-15	1.11022e-14	0	5.55112e-15
-3.57	6.25911e-15	0	1.11022e-14	5.55112e-15
-3.56	6.91729e-15	1.11022e-14	0	5.55112e-15
-3.55	7.64468e-15	1.11022e-14	1.11022e-14	1.11022e-14
-3.54	8.44855e-15	0	1.11022e-14	5.55112e-15
-3.53	9.33695e-15	1.11022e-14	0	5.55112e-15
-3.52	1.03188e-14	1.11022e-14	1.11022e-14	1.11022e-14
-3.51	1.14038e-14	1.11022e-14	1.11022e-14	1.11022e-14
-3.5	1.2603e-14	2.22045e-14	1.11022e-14	1.66533e-14
-3.49	1.39282e-14	1.11022e-14	2.22045e-14	1.66533e-14
-3.48	1.53928e-14	1.11022e-14	1.11022e-14	1.11022e-14
-3.47	1.70113e-14	2.22045e-14	1.11022e-14	1.66533e-14
-3.46	1.88001e-14	2.22045e-14	2.22045e-14	2.22045e-14
-3.45	2.0777e-14	2.22045e-14	2.22045e-14	2.22045e-14
-3.44	2.29617e-14	2.22045e-14	2.22045e-14	2.22045e-14
-3.43	2.53761e-14	2.22045e-14	2.22045e-14	2.22045e-14
-3.42	2.80444e-14	3.33067e-14	2.22045e-14	2.77556e-14
-3.41	3.09932e-14	3.33067e-14	3.33067e-14	3.33067e-14
-3.4	3.42521e-14	3.33067e-14	3.33067e-14	3.33067e-14
-3.39	3.78537e-14	4.44089e-14	3.33067e-14	3.88578e-14
-3.38	4.18339e-14	4.44089e-14	4.44089e-14	4.44089e-14
-3.37	4.62327e-14	4.44089e-14	4.44089e-14	4.44089e-14
-3.36	5.10939e-14	5.55112e-14	4.44089e-14	4.996e-14
-3.35	5.64663e-14	5.55112e-14	5.55112e-14	5.55112e-14
-3.34	6.24035e-14	6.66134e-14	5.55112e-14	6.10623e-14
-3.33	6.8965e-14	7.77156e-14	6.66134e-14	7.21645e-14
-3.32	7.62164e-14	7.77156e-14	7.77156e-14	7.77156e-14
-3.31	8.42301e-14	8.88178e-14	7.77156e-14	8.32667e-14
-3.3	9.30865e-14	9.99201e-14	8.88178e-14	9.4369e-14
-3.29	1.02874e-13	1.11022e-13	9.99201e-14	1.05471e-13
-3.28	1.13691e-13	1.11022e-13	1.11022e-13	1.11022e-13
-3.27	1.25644e-13	1.33227e-13	1.11022e-13	1.22125e-13
-3.26	1.38855e-13	1.44329e-13	1.33227e-13	1.38778e-13
-3.25	1.53455e-13	1.66533e-13	1.44329e-13	1.55431e-13
-3.24	1.69589e-13	1.77636e-13	1.66533e-13	1.72085e-13
-3.23	1.8742e-13	1.9984e-13	1.77636e-13	1.88738e-13
-3.22	2.07126e-13	2.10942e-13	1.9984e-13	2.05391e-13
-3.21	2.28903e-13	2.44249e-13	2.10942e-13	2.27596e-13
-3.2	2.5297e-13	2.66454e-13	2.44249e-13	2.55351e-13
-3.19	2.79567e-13	2.9976e-13	2.66454e-13	2.83107e-13
-3.18	3.08961e-13	3.21965e-13	2.9976e-13	3.10862e-13
-3.17	3.41445e-13	3.55271e-13	3.21965e-13	3.38618e-13
-3.16	3.77344e-13	3.9968e-13	3.55271e-13	3.77476e-13
-3.15	4.17017e-13	4.44089e-13	3.9968e-13	4.21885e-13
-3.14	4.60862e-13	4.66294e-13	4.44089e-13	4.55191e-13
-3.13	5.09316e-13	5.44009e-13	4.66294e-13	5.05151e-13
-3.12	5.62864e-13	5.88418e-13	5.44009e-13	5.66214e-13
-3.11	6.22041e-13	6.55032e-13	5.88418e-13	6.21725e-13
-3.1	6.87441e-13	7.21645e-13	6.55032e-13	6.88338e-13
-3.09	7.59716e-13	7.99361e-13	7.21645e-13	7.60503e-13
-3.08	8.39589e-13	8.88178e-13	7.99361e-13	8.43769e-13
-3.07	9.27859e-13	9.76996e-13	8.88178e-13	9.32587e-13
-3.06	1.02541e-12	1.07692e-12	9.76996e-13	1.02696e-12
-3.05	1.13322e-12	1.18794e-12	1.07692e-12	1.13243e-12
-3.04	1.25236e-12	1.32117e-12	1.18794e-12	1.25455e-12
-3.03	1.38402e-12	1.45439e-12	1.32117e-12	1.38778e-12
-3.02	1.52953e-12	1.60982e-12	1.45439e-12	1.53211e-12
-3.01	1.69033e-12	1.77636e-12	1.60982e-12	1.69309e-12
-3	1.86805e-12	1.96509e-12	1.77636e-12	1.87073e-12
-2.99	2.06444e-12	2.17604e-12	1.96509e-12	2.07057e-12
-2.98	2.28148e-12	2.38698e-12	2.17604e-12	2.28151e-12
-2.97	2.52134e-12	2.66454e-12	2.38698e-12	2.52576e-12
-2.96	2.78641e-12	2.91989e-12	2.66454e-12	2.79221e-12
-2.95	3.07935e-12	3.25295e-12	2.91989e-12	3.08642e-12
-2.94	3.40309e-12	3.57492e-12	3.25295e-12	3.41394e-12
-2.93	3.76086e-12	3.95239e-12	3.57492e-12	3.76366e-12
-2.92	4.15625e-12	4.36318e-12	3.95239e-12	4.15779e-12
-2.91	4.5932e-12	4.82947e-12	4.36318e-12	4.59632e-12
-2.9	5.07609e-12	5.34017e-12	4.82947e-12	5.08482e-12
-2.89	5.60974e-12	5.90639e-12	5.34017e-12	5.62328e-12
-2.88	6.19949e-12	6.51701e-12	5.90639e-12	6.2117e-12
-2.87	6.85125e-12	7.20535e-12	6.51701e-12	6.86118e-12
-2.86	7.57153e-12	7.9714e-12	7.20535e-12	7.58837e-12
-2.85	8.36753e-12	8.79297e-12	7.9714e-12	8.38218e-12
-2.84	9.24721e-12	9.72555e-12	8.79297e-12	9.25926e-12
-2.83	1.02194e-11	1.0747e-11	9.72555e-12	1.02363e-11
-2.82	1.12937e-11	1.18794e-11	1.0747e-11	1.13132e-11
-2.81	1.2481e-11	1.31228e-11	1.18794e-11	1.25011e-11
-2.8	1.37932e-11	1.45106e-11	1.31228e-11	1.38167e-11
-2.79	1.52433e-11	1.60316e-11	1.45106e-11	1.52711e-11
-2.78	1.68458e-11	1.77192e-11	1.60316e-11	1.68754e-11
-2.77	1.86168e-11	1.95732e-11	1.77192e-11	1.86462e-11
-2.76	2.0574e-11	2.16382e-11	1.95732e-11	2.06057e-11
-2.75	2.27369e-11	2.39142e-11	2.16382e-11	2.27762e-11
-2.74	2.51273e-11	2.64233e-11	2.39142e-11	2.51688e-11
-2.73	2.77689e-11	2.91989e-11	2.64233e-11	2.78111e-11
-2.72	3.06883e-11	3.22853e-11	2.91989e-11	3.07421e-11
-2.71	3.39146e-11	3.56715e-11	3.22853e-11	3.39784e-11
-2.7	3.748e-11	3.94129e-11	3.56715e-11	3.75422e-11
-2.69	4.14203e-11	4.3554e-11	3.94129e-11	4.14835e-11
-2.68	4.57749e-11	4.81393e-11	4.3554e-11	4.58467e-11
-2.67	5.05873e-11	5.32019e-11	4.81393e-11	5.06706e-11
-2.66	5.59056e-11	5.87974e-11	5.32019e-11	5.59996e-11
-2.65	6.17831e-11	6.49814e-11	5.87974e-11	6.18894e-11
-2.64	6.82785e-11	7.18092e-11	6.49814e-11	6.83953e-11
-2.63	7.54568e-11	7.93587e-11	7.18092e-11	7.5584e-11
-2.62	8.33898e-11	8.76965e-11	7.93587e-11	8.35276e-11
-2.61	9.21568e-11	9.69225e-11	8.76965e-11	9.23095e-11
-2.6	1.01846e-10	1.07114e-10	9.69225e-11	1.02018e-10
-2.59	1.12553e-10	1.18361e-10	1.07114e-10	1.12738e-10
-2.58	1.24386e-10	1.30818e-10	1.18361e-10	1.24589e-10
-2.57	1.37463e-10	1.44562e-10	1.30818e-10	1.3769e-10
-2.56	1.51916e-10	1.59783e-10	1.44562e-10	1.52173e-10
-2.55	1.67887e-10	1.76559e-10	1.59783e-10	1.68171e-10
-2.54	1.85538e-10	1.95133e-10	1.76559e-10	1.85846e-10
-2.53	2.05045e-10	2.15639e-10	1.95133e-10	2.05386e-10
-2.52	2.26603e-10	2.3832e-10	2.15639e-10	2.2698e-10
-2.51	2.50427e-10	2.63367e-10	2.3832e-10	2.50844e-10
-2.5	2.76757e-10	2.91067e-10	2.63367e-10	2.77217e-10
-2.49	3.05855e-10	3.21665e-10	2.91067e-10	3.06366e-10
-2.48	3.38012e-10	3.55493e-10	3.21665e-10	3.38579e-10
-2.47	3.7355e-10	3.92852e-10	3.55493e-10	3.74173e-10
-2.46	4.12825e-10	4.34164e-10	3.92852e-10	4.13508e-10
-2.45	4.5623e-10	4.79816e-10	4.34164e-10	4.5699e-10
-2.44	5.04199e-10	5.30276e-10	4.79816e-10	5.05046e-10
-2.43	5.57211e-10	5.85998e-10	5.30276e-10	5.58137e-10
-2.42	6.15798e-10	6.47649e-10	5.85998e-10	6.16823e-10
-2.41	6.80545e-10	7.15727e-10	6.47649e-10	6.81688e-10
-2.4	7.52101e-10	7.90967e-10	7.15727e-10	7.53347e-10
-2.39	8.3118e-10	8.74156e-10	7.90967e-10	8.32562e-10
-2.38	9.18575e-10	9.66061e-10	8.74156e-10	9.20108e-10
-2.37	1.01516e-09	1.06765e-09	9.66061e-10	1.01685e-09
-2.36	1.1219e-09	1.1799e-09	1.06765e-09	1.12377e-09
-2.35	1.23987e-09	1.30396e-09	1.1799e-09	1.24193e-09
-2.34	1.37024e-09	1.44108e-09	1.30396e-09	1.37252e-09
-2.33	1.51432e-09	1.59261e-09	1.44108e-09	1.51685e-09
-2.32	1.67355e-09	1.76006e-09	1.59261e-09	1.67634e-09
-2.31	1.84952e-09	1.94514e-09	1.76006e-09	1.8526e-09
-2.3	2.044e-09	2.14968e-09	1.94514e-09	2.04741e-09
-2.29	2.25894e-09	2.37572e-09	2.14968e-09	2.2627e-09
-2.28	2.49647e-09	2.62553e-09	2.37572e-09	2.50063e-09
-2.27	2.75899e-09	2.90163e-09	2.62553e-09	2.76358e-09
-2.26	3.04911e-09	3.20675e-09	2.90163e-09	3.05419e-09
-2.25	3.36974e-09	3.54398e-09	3.20675e-09	3.37536e-09
-2.24	3.72409e-09	3.91663e-09	3.54398e-09	3.7303e-09
-2.23	4.11571e-09	4.3285e-09	3.91663e-09	4.12257e-09
-2.22	4.54851e-09	4.78368e-09	4.3285e-09	4.55609e-09
-2.21	5.02683e-09	5.28675e-09	4.78368e-09	5.03522e-09
-2.2	5.55546e-09	5.8427e-09	5.28675e-09	5.56473e-09
-2.19	6.13968e-09	6.45713e-09	5.8427e-09	6.14992e-09
-2.18	6.78535e-09	7.13619e-09	6.45713e-09	6.79666e-09
-2.17	7.49892e-09	7.88666e-09	7.13619e-09	7.51142e-09
-2.16	8.28754e-09	8.71606e-09	7.88666e-09	8.30136e-09
-2.15	9.1591e-09	9.63267e-09	8.71606e-09	9.17437e-09
-2.14	1.01223e-08	1.06457e-08	9.63267e-09	1.01392e-08
-2.13	1.11869e-08	1.17653e-08	1.06457e-08	1.12055e-08
-2.12	1.23634e-08	1.30027e-08	1.17653e-08	1.2384e-08
-2.11	1.36636e-08	1.43701e-08	1.30027e-08	1.36864e-08
-2.1	1.51006e-08	1.58815e-08	1.43701e-08	1.51258e-08
-2.09	1.66888e-08	1.75517e-08	1.58815e-08	1.67166e-08
-2.08	1.8444e-08	1.93977e-08	1.75517e-08	1.84747e-08
-2.07	2.03838e-08	2.14379e-08	1.93977e-08	2.04178e-08
-2.06	2.25276e-08	2.36926e-08	2.14379e-08	2.25652e-08
-2.05	2.4897e-08	2.61844e-08	2.36926e-08	2.49385e-08
-2.04	2.75155e-08	2.89384e-08	2.61844e-08	2.75614e-08
-2.03	3.04095e-08	3.19821e-08	2.89384e-08	3.04603e-08
-2.02	3.3608e-08	3.53459e-08	3.19821e-08	3.3664e-08
-2.01	3.71428e-08	3.90636e-08	3.53459e-08	3.72048e-08
-2	4.10495e-08	4.31723e-08	3.90636e-08	4.11179e-08
-1.99	4.53671e-08	4.77132e-08	4.31723e-08	4.54428e-08
-1.98	5.01389e-08	5.27318e-08	4.77132e-08	5.02225e-08
-1.97	5.54126e-08	5.82783e-08	5.27318e-08	5.5505e-08
-1.96	6.12411e-08	6.44082e-08	5.82783e-08	6.13433e-08
-1.95	6.76827e-08	7.1183e-08	6.44082e-08	6.77956e-08
-1.94	7.48019e-08	7.86704e-08	7.1183e-08	7.49267e-08
-1.93	8.26701e-08	8.69455e-08	7.86704e-08	8.2808e-08
-1.92	9.13659e-08	9.60911e-08	8.69455e-08	9.15183e-08
-1.91	1.00976e-07	1.06199e-07	9.60911e-08	1.01145e-07
-1.9	1.11598e-07	1.1737e-07	1.06199e-07	1.11784e-07
-1.89	1.23337e-07	1.29716e-07	1.1737e-07	1.23543e-07
-1.88	1.36311e-07	1.43361e-07	1.29716e-07	1.36538e-07
-1.87	1.5065e-07	1.58441e-07	1.43361e-07	1.50901e-07
-1.86	1.66497e-07	1.75108e-07	1.58441e-07	1.66775e-07
-1.85	1.84011e-07	1.93528e-07	1.75108e-07	1.84318e-07
-1.84	2.03368e-07	2.13886e-07	1.93528e-07	2.03707e-07
-1.83	2.24761e-07	2.36386e-07	2.13886e-07	2.25136e-07
-1.82	2.48405e-07	2.61253e-07	2.36386e-07	2.48819e-07
-1.81	2.74536e-07	2.88736e-07	2.61253e-07	2.74994e-07
-1.8	3.03416e-07	3.1911e-07	2.88736e-07	3.03923e-07
-1.79	3.35335e-07	3.52679e-07	3.1911e-07	3.35895e-07
-1.78	3.70612e-07	3.89781e-07	3.52679e-07	3.7123e-07
-1.77	4.096e-07	4.30785e-07	3.89781e-07	4.10283e-07
-1.76	4.52689e-07	4.76104e-07	4.30785e-07	4.53445e-07
-1.75	5.00312e-07	5.2619e-07	4.76104e-07	5.01147e-07
-1.74	5.52946e-07	5.81546e-07	5.2619e-07	5.53868e-07
-1.73	6.11116e-07	6.42726e-07	5.81546e-07	6.12136e-07
-1.72	6.75407e-07	7.10342e-07	6.42726e-07	6.76534e-07
-1.71	7.46462e-07	7.85072e-07	7.10342e-07	7.47707e-07
-1.7	8.24992e-07	8.67665e-07	7.85072e-07	8.26369e-07
-1.69	9.11784e-07	9.58947e-07	8.67665e-07	9.13306e-07
-1.68	1.00771e-06	1.05983e-06	9.58947e-07	1.00939e-06
-1.67	1.11372e-06	1.17133e-06	1.05983e-06	1.11558e-06
-1.66	1.23089e-06	1.29456e-06	1.17133e-06	1.23295e-06
-1.65	1.36039e-06	1.43076e-06	1.29456e-06	1.36266e-06
-1.64	1.50351e-06	1.58128e-06	1.43076e-06	1.50602e-06
-1.63	1.66169e-06	1.74765e-06	1.58128e-06	1.66446e-06
-1.62	1.83651e-06	1.93151e-06	1.74765e-06	1.83958e-06
-1.61	2.02973e-06	2.13472e-06	1.93151e-06	2.03312e-06
-1.6	2.24327e-06	2.35931e-06	2.13472e-06	2.24702e-06
-1.59	2.47928e-06	2.60753e-06	2.35931e-06	2.48342e-06
-1.58	2.74013e-06	2.88187e-06	2.60753e-06	2.7447e-06
-1.57	3.02841e-06	3.18506e-06	2.88187e-06	3.03346e-06
-1.56	3.34703e-06	3.52016e-06	3.18506e-06	3.35261e-06
-1.55	3.69917e-06	3.89052e-06	3.52016e-06	3.70534e-06
-1.54	4.08836e-06	4.29984e-06	3.89052e-06	4.09518e-06
-1.53	4.51849e-06	4.75223e-06	4.29984e-06	4.52603e-06
-1.52	4.99389e-06	5.25221e-06	4.75223e-06	5.00222e-06
-1.51	5.51929e-06	5.8048e-06	5.25221e-06	5.5285e-06
-1.5	6.09998e-06	6.41553e-06	5.8048e-06	6.11016e-06
-1.49	6.74177e-06	7.09051e-06	6.41553e-06	6.75302e-06
-1.48	7.45108e-06	7.83651e-06	7.09051e-06	7.46351e-06
-1.47	8.23501e-06	8.661e-06	7.83651e-06	8.24876e-06
-1.46	9.10143e-06	9.57224e-06	8.661e-06	9.11662e-06
-1.45	1.0059e-05	1.05793e-05	9.57224e-06	1.00758e-05
-1.44	1.11173e-05	1.16924e-05	1.05793e-05	1.11359e-05
-1.43	1.2287e-05	1.29226e-05	1.16924e-05	1.23075e-05
-1.42	1.35797e-05	1.42822e-05	1.29226e-05	1.36024e-05
-1.41	1.50085e-05	1.57849e-05	1.42822e-05	1.50335e-05
-1.4	1.65875e-05	1.74456e-05	1.57849e-05	1.66152e-05
-1.39	1.83328e-05	1.92811e-05	1.74456e-05	1.83633e-05
-1.38	2.02616e-05	2.13097e-05	1.92811e-05	2.02954e-05
-1.37	2.23933e-05	2.35517e-05	2.13097e-05	2.24307e-05
-1.36	2.47494e-05	2.60296e-05	2.35517e-05	2.47907e-05
-1.35	2.73533e-05	2.87682e-05	2.60296e-05	2.73989e-05
-1.34	3.02311e-05	3.1795e-05	2.87682e-05	3.02816e-05
-1.33	3.34118e-05	3.51401e-05	3.1795e-05	3.34675e-05
-1.32	3.69271e-05	3.88373e-05	3.51401e-05	3.69887e-05
-1.31	4.08122e-05	4.29234e-05	3.88373e-05	4.08803e-05
-1.3	4.51061e-05	4.74393e-05	4.29234e-05	4.51814e-05
-1.29	4.98517e-05	5.24305e-05	4.74393e-05	4.99349e-05
-1.28	5.50966e-05	5.79467e-05	5.24305e-05	5.51886e-05
-1.27	6.08933e-05	6.40432e-05	5.79467e-05	6.09949e-05
-1.26	6.72999e-05	7.07812e-05	6.40432e-05	6.74122e-05
-1.25	7.43805e-05	7.8228e-05	7.07812e-05	7.45046e-05
-1.24	8.2206e-05	8.64583e-05	7.8228e-05	8.23432e-05
-1.23	9.08548e-05	9.55545e-05	8.64583e-05	9.10064e-05
-1.22	0.000100413	0.000105608	9.55545e-05	0.000100581
-1.21	0.000110978	0.000116718	0.000105608	0.000111163
-1.2	0.000122654	0.000128998	0.000116718	0.000122858
-1.19	0.000135558	0.00014257	0.000128998	0.000135784
-1.18	0.000149819	0.000157569	0.00014257	0.000150069
-1.17	0.000165581	0.000174146	0.000157569	0.000165857
-1.16	0.000183001	0.000192467	0.000174146	0.000183307
-1.15	0.000202254	0.000212716	0.000192467	0.000202591
-1.14	0.000223532	0.000235094	0.000212716	0.000223905
-1.13	0.000247049	0.000259827	0.000235094	0.000247461
-1.12	0.000273039	0.000287162	0.000259827	0.000273495
-1.11	0.000301763	0.000317372	0.000287162	0.000302267
-1.1	0.00033351	0.00035076	0.000317372	0.000334066
-1.09	0.000368595	0.000387661	0.00035076	0.00036921
-1.08	0.000407372	0.000428443	0.000387661	0.000408052
-1.07	0.000450228	0.000473515	0.000428443	0.000450979
-1.06	0.000497591	0.000523328	0.000473515	0.000498421
-1.05	0.000549937	0.000578381	0.000523328	0.000550854
-1.04	0.000607789	0.000639224	0.000578381	0.000608802
-1.03	0.000671726	0.000706468	0.000639224	0.000672846
-1.02	0.000742388	0.000780784	0.000706468	0.000743626
-1.01	0.000820482	0.000862917	0.000780784	0.000821851
-1	0.000906791	0.000953689	0.000862917	0.000908303
-0.99	0.00100218	0.00105401	0.000953689	0.00100385
-0.98	0.0011076	0.00116488	0.00105401	0.00110944
-0.97	0.0012241	0.00128741	0.00116488	0.00122614
-0.96	0.00135286	0.00142282	0.00128741	0.00135512
-0.95	0.00149516	0.00157248	0.00142282	0.00149765
-0.94	0.00165242	0.00173788	0.00157248	0.00165518
-0.93	0.00182622	0.00192066	0.00173788	0.00182927
-0.92	0.0020183	0.00212267	0.00192066	0.00202167
-0.91	0.00223058	0.00234592	0.00212267	0.00223429
-0.9	0.00246517	0.00259264	0.00234592	0.00246928
-0.89	0.00272443	0.0028653	0.00259264	0.00272897
-0.88	0.00301094	0.00316662	0.0028653	0.00301596
-0.87	0.00332758	0.00349962	0.00316662	0.00333312
-0.86	0.0036775	0.00386763	0.00349962	0.00368362
-0.85	0.0040642	0.00427431	0.00386763	0.00407097
-0.84	0.00449154	0.00472373	0.00427431	0.00449902
-0.83	0.00496379	0.00522038	0.00472373	0.00497206
-0.82	0.00548566	0.00576922	0.00522038	0.0054948
-0.81	0.00606237	0.00637571	0.00576922	0.00607247
-0.8	0.00669967	0.00704592	0.00637571	0.00671082
-0.79	0.0074039	0.00778653	0.00704592	0.00741622
-0.78	0.0081821	0.0086049	0.00778653	0.00819571
-0.77	0.00904201	0.00950921	0.0086049	0.00905705
-0.76	0.00999221	0.0105084	0.00950921	0.0100088
-0.75	0.0110421	0.0116126	0.0105084	0.0110605
-0.74	0.0122023	0.0128325	0.0116126	0.0122225
-0.73	0.0134841	0.0141804	0.0128325	0.0135065
-0.72	0.0149004	0.0156697	0.0141804	0.0149251
-0.71	0.0164651	0.0173152	0.0156697	0.0164925
-0.7	0.0181939	0.0191331	0.0173152	0.0182241
-0.69	0.0201039	0.0211414	0.0191331	0.0201372
-0.68	0.0222139	0.02336	0.0211414	0.0222507
-0.67	0.0245448	0.0258108	0.02336	0.0245854
-0.66	0.0271196	0.028518	0.0258108	0.0271644
-0.65	0.0299636	0.0315083	0.028518	0.0300132
-0.64	0.033105	0.034811	0.0315083	0.0331596
-0.63	0.0365744	0.0384585	0.034811	0.0366347
-0.62	0.0404059	0.0424865	0.0384585	0.0404725
-0.61	0.0446371	0.0469345	0.0424865	0.0447105
-0.6	0.049309	0.0518456	0.0469345	0.04939
-0.59	0.0544673	0.0572676	0.0518456	0.0545566
-0.58	0.0601618	0.063253	0.0572676	0.0602603
-0.57	0.0664477	0.0698596	0.063253	0.0665563
-0.56	0.0733854	0.0771507	0.0698596	0.0735051
-0.55	0.0810416	0.0851962	0.0771507	0.0811735
-0.54	0.0894892	0.0940726	0.0851962	0.0896344
-0.53	0.0988085	0.103864	0.0940726	0.0989683
-0.52	0.109087	0.114663	0.103864	0.109263
-0.51	0.120422	0.126569	0.114663	0.120616
-0.5	0.132919	0.139695	0.126569	0.133132
-0.49	0.146693	0.15416	0.139695	0.146927
-0.48	0.161871	0.170096	0.15416	0.162128
-0.47	0.17859	0.187648	0.170096	0.178872
-0.46	0.197001	0.206972	0.187648	0.19731
-0.45	0.217266	0.228238	0.206972	0.217605
-0.44	0.239564	0.251632	0.228238	0.239935
-0.43	0.264088	0.277354	0.251632	0.264493
-0.42	0.291044	0.30562	0.277354	0.291487
-0.41	0.320659	0.336664	0.30562	0.321142
-0.4	0.353173	0.370735	0.336664	0.353699
-0.39	0.388847	0.408104	0.370735	0.38942
-0.38	0.427957	0.449055	0.408104	0.428579
-0.37	0.4708	0.493893	0.449055	0.471474
-0.36	0.517687	0.542939	0.493893	0.518416
-0.35	0.568949	0.596531	0.542939	0.569735
-0.34	0.62493	0.655022	0.596531	0.625776
-0.33	0.68599	0.718775	0.655022	0.686899
-0.32	0.7525	0.788166	0.718775	0.753471
-0.31	0.824836	0.863575	0.788166	0.825871
-0.3	0.903379	0.945379	0.863575	0.904477
-0.29	0.988508	1.03395	0.945379	0.989666
-0.28	1.08059	1.12966	1.03395	1.0818
-0.27	1.17997	1.23282	1.12966	1.18124
-0.26	1.28697	1.34375	1.23282	1.28828
-0.25	1.40186	1.46269	1.34375	1.40322
-0.24	1.52488	1.58982	1.46269	1.52625
-0.23	1.65615	1.72526	1.58982	1.65754
-0.22	1.79575	1.86901	1.72526	1.79713
-0.21	1.94363	2.02094	1.86901	1.94497
-0.2	2.09959	2.18082	2.02094	2.10088
-0.19	2.2633	2.34821	2.18082	2.26451
-0.18	2.43426	2.52251	2.34821	2.43536
-0.17	2.61177	2.70292	2.52251	2.61271
-0.16	2.79491	2.88841	2.70292	2.79566
-0.15	2.98254	3.07772	2.88841	2.98306
-0.14	3.17329	3.26936	3.07772	3.17354
-0.13	3.36553	3.46159	3.26936	3.36548
-0.12	3.55743	3.65246	3.46159	3.55703
-0.11	3.74691	3.8398	3.65246	3.74613
-0.1	3.93172	4.02128	3.8398	3.93054
-0.09	4.10946	4.19444	4.02128	4.10786
-0.08	4.27761	4.35674	4.19444	4.27559
-0.07	4.43364	4.50566	4.35674	4.4312
-0.06	4.57503	4.63872	4.50566	4.57219
-0.05	4.69938	4.75362	4.63872	4.69617
-0.04	4.80448	4.84827	4.75362	4.80094
-0.03	4.88839	4.9209	4.84827	4.88459
-0.02	4.94951	4.97011	4.9209	4.94551
-0.01	4.98665	4.99494	4.97011	4.98252
-1.68889e-13	4.99907	4.99489	4.99494	4.99491
0.01	4.98654	4.96995	4.99489	4.98242
0.02	4.9493	4.92064	4.96995	4.9453
0.03	4.88807	4.8479	4.92064	4.88427
0.04	4.80406	4.75314	4.8479	4.80052
0.05	4.69885	4.63813	4.75314	4.69564
0.06	4.57439	4.50496	4.63813	4.57155
0.07	4.43289	4.35593	4.50496	4.43045
0.08	4.27675	4.19352	4.35593	4.27473
0.09	4.10848	4.02024	4.19352	4.10688
0.1	3.93062	3.83865	4.02024	3.92945
0.11	3.74569	3.65118	3.83865	3.74492
0.12	3.55609	3.46019	3.65118	3.55569
0.13	3.36407	3.26783	3.46019	3.36401
0.14	3.17169	3.07606	3.26783	3.17194
0.15	2.98081	2.88661	3.07606	2.98133
0.16	2.79305	2.70098	2.88661	2.79379
0.17	2.60976	2.52042	2.70098	2.6107
0.18	2.43211	2.34597	2.52042	2.4332
0.19	2.26099	2.17843	2.34597	2.2622
0.2	2.09712	2.01839	2.17843	2.09841
0.21	1.94099	1.86629	2.01839	1.94234
0.22	1.79295	1.72237	1.86629	1.79433
0.23	1.65317	1.58675	1.72237	1.65456
0.24	1.52171	1.45942	1.58675	1.52308
0.25	1.3985	1.34029	1.45942	1.39985
0.26	1.28341	1.22916	1.34029	1.28472
0.27	1.1762	1.12578	1.22916	1.17747
0.28	1.0766	1.02985	1.12578	1.07781
0.29	0.984292	0.941046	1.02985	0.985449
0.3	0.898927	0.859	0.941046	0.900023
0.31	0.820138	0.783341	0.859	0.82117
0.32	0.747544	0.713687	0.783341	0.748514
0.33	0.680767	0.649659	0.713687	0.681673
0.34	0.619427	0.590883	0.649659	0.620271
0.35	0.563154	0.536993	0.590883	0.563938
0.36	0.511588	0.487636	0.536993	0.512314
0.37	0.464383	0.442474	0.487636	0.465055
0.38	0.421209	0.401184	0.442474	0.421829
0.39	0.381753	0.363463	0.401184	0.382324
0.4	0.345719	0.329023	0.363463	0.346243
0.41	0.312829	0.297595	0.329023	0.313309
0.42	0.282822	0.268929	0.297595	0.283262
0.43	0.255457	0.242789	0.268929	0.255859
0.44	0.230507	0.21896	0.242789	0.230875
0.45	0.207764	0.197239	0.21896	0.2081
0.46	0.187035	0.177442	0.197239	0.187341
0.47	0.168141	0.159397	0.177442	0.16842
0.48	0.150919	0.142947	0.159397	0.151172
0.49	0.135216	0.127946	0.142947	0.135447
0.5	0.120896	0.114263	0.127946	0.121105
0.51	0.10783	0.101775	0.114263	0.108019
0.52	0.0959017	0.0903718	0.101775	0.0960736
0.53	0.0850054	0.0799504	0.0903718	0.0851611
0.54	0.0750435	0.0704183	0.0799504	0.0751843
0.55	0.065927	0.0616904	0.0704183	0.0660543
0.56	0.0575748	0.0536893	0.0616904	0.0576898
0.57	0.0499129	0.0463442	0.0536893	0.0500167
0.58	0.0428739	0.0395906	0.0463442	0.0429674
0.59	0.0363961	0.0333699	0.0395906	0.0364803
0.6	0.0304235	0.0276285	0.0333699	0.0304992
0.61	0.0249051	0.0223176	0.0276285	0.024973
0.62	0.0197944	0.0173929	0.0223176	0.0198552
0.63	0.0150489	0.0128138	0.0173929	0.0151033
0.64	0.0106302	0.00854365	0.0128138	0.0106787
0.65	0.00650298	0.00454879	0.00854365	0.00654622
0.66	0.00263535	0.000798679	0.00454879	0.00267374
0.67	-0.00100189	-0.00273455	0.000798679	-0.000967936
0.68	-0.00443534	-0.0060763	-0.00273455	-0.00440542
0.69	-0.00768923	-0.00924972	-0.0060763	-0.00766301
0.7	-0.0107857	-0.0122759	-0.00924972	-0.0107628
0.71	-0.0137449	-0.0151743	-0.0122759	-0.0137251
0.72	-0.0165853	-0.0179624	-0.0151743	-0.0165683
0.73	-0.0193238	-0.0206563	-0.0179624	-0.0193094
0.74	-0.0219757	-0.0232709	-0.0206563	-0.0219636
0.75	-0.0245552	-0.0258196	-0.0232709	-0.0245453
0.76	-0.0270752	-0.0283149	-0.0258196	-0.0270673
0.77	-0.0295476	-0.0307681	-0.0283149	-0.0295415
0.78	-0.0319833	-0.0331897	-0.0307681	-0.0319789
0.79	-0.0343924	-0.0355893	-0.0331897	-0.0343895
0.8	-0.036784	-0.0379758	-0.0355893	-0.0367826
0.81	-0.0391668	-0.0403575	-0.0379758	-0.0391667
0.82	-0.0415487	-0.0427419	-0.0403575	-0.0415497
0.83	-0.0439368	-0.0451361	-0.0427419	-0.043939
0.84	-0.0463381	-0.0475466	-0.0451361	-0.0463413
0.85	-0.0487588	-0.0499795	-0.0475466	-0.0487631
0.86	-0.0512049	-0.0524405	-0.0499795	-0.05121
0.87	-0.0536817	-0.054935	-0.0524405	-0.0536877
0.88	-0.0561946	-0.0574678	-0.054935	-0.0562014
0.89	-0.0587482	-0.0600437	-0.0574678	-0.0587557
0.9	-0.0613471	-0.0626671	-0.0600437	-0.0613554
0.91	-0.0639956	-0.0653421	-0.0626671	-0.0640046
0.92	-0.0666978	-0.0680727	-0.0653421	-0.0667074
0.93	-0.0694575	-0.0708626	-0.0680727	-0.0694677
0.94	-0.0722783	-0.0737154	-0.0708626	-0.072289
0.95	-0.0751636	-0.0766345	-0.0737154	-0.0751749
0.96	-0.0781169	-0.079623	-0.0766345	-0.0781287
0.97	-0.0811412	-0.0826841	-0.079623	-0.0811536
0.98	-0.0842396	-0.0858208	-0.0826841	-0.0842525
0.99	-0.0874151	-0.0890359	-0.0858208	-0.0874284
1	-0.0906703	-0.0923321	-0.0890359	-0.090684
1.01	-0.094008	-0.0957122	-0.0923321	-0.0940222
1.02	-0.0974308	-0.0991786	-0.0957122	-0.0974454
1.03	-0.100941	-0.102734	-0.0991786	-0.100956
1.04	-0.104542	-0.10638	-0.102734	-0.104557
1.05	-0.108235	-0.11012	-0.10638	-0.10825
1.06	-0.112022	-0.113956	-0.11012	-0.112038
1.07	-0.115906	-0.11789	-0.113956	-0.115923
1.08	-0.11989	-0.121924	-0.11789	-0.119907
1.09	-0.123975	-0.12606	-0.121924	-0.123992
1.1	-0.128162	-0.1303	-0.12606	-0.12818
1.11	-0.132455	-0.134646	-0.1303	-0.132473
1.12	-0.136855	-0.1391	-0.134646	-0.136873
1.13	-0.141364	-0.143664	-0.1391	-0.141382
1.14	-0.145983	-0.148339	-0.143664	-0.146002
1.15	-0.150715	-0.153128	-0.148339	-0.150734
1.16	-0.15556	-0.158031	-0.153128	-0.15558
1.17	-0.160522	-0.163051	-0.158031	-0.160541
1.18	-0.1656	-0.168189	-0.163051	-0.16562
1.19	-0.170797	-0.173446	-0.168189	-0.170817
1.2	-0.176115	-0.178824	-0.173446	-0.176135
1.21	-0.181553	-0.184324	-0.178824	-0.181574
1.22	-0.187115	-0.189947	-0.184324	-0.187135
1.23	-0.1928	-0.195695	-0.189947	-0.192821
1.24	-0.19861	-0.201568	-0.195695	-0.198631
1.25	-0.204547	-0.207568	-0.201568	-0.204568
1.26	-0.210611	-0.213696	-0.207568	-0.210632
1.27	-0.216802	-0.219952	-0.213696	-0.216824
1.28	-0.223123	-0.226337	-0.219952	-0.223145
1.29	-0.229573	-0.232853	-0.226337	-0.229595
1.3	-0.236154	-0.239498	-0.232853	-0.236176
1.31	-0.242865	-0.246276	-0.239498	-0.242887
1.32	-0.249708	-0.253184	-0.246276	-0.24973
1.33	-0.256682	-0.260225	-0.253184	-0.256704
1.34	-0.263789	-0.267397	-0.260225	-0.263811
1.35	-0.271027	-0.274702	-0.267397	-0.27105
1.36	-0.278398	-0.282139	-0.274702	-0.27842
1.37	-0.285902	-0.289708	-0.282139	-0.285924
1.38	-0.293537	-0.297409	-0.289708	-0.293559
1.39	-0.301304	-0.305242	-0.297409	-0.301326
1.4	-0.309202	-0.313206	-0.305242	-0.309224
1.41	-0.317232	-0.321301	-0.313206	-0.317253
1.42	-0.325391	-0.329525	-0.321301	-0.325413
1.43	-0.333681	-0.337879	-0.329525	-0.333702
1.44	-0.342099	-0.346361	-0.337879	-0.34212
1.45	-0.350644	-0.35497	-0.346361	-0.350665
1.46	-0.359316	-0.363705	-0.35497	-0.359337
1.47	-0.368113	-0.372564	-0.363705	-0.368134
1.48	-0.377034	-0.381546	-0.372564	-0.377055
1.49	-0.386078	-0.390649	-0.381546	-0.386098
1.5	-0.395241	-0.399872	-0.390649	-0.395261
1.51	-0.404523	-0.409213	-0.399872	-0.404542
1.52	-0.413921	-0.418668	-0.409213	-0.41394
1.53	-0.423434	-0.428237	-0.418668	-0.423453
1.54	-0.433059	-0.437917	-0.428237	-0.433077
1.55	-0.442792	-0.447704	-0.437917	-0.44281
1.56	-0.452633	-0.457597	-0.447704	-0.45265
1.57	-0.462577	-0.467592	-0.457597	-0.462594
1.58	-0.472623	-0.477686	-0.467592	-0.472639
1.59	-0.482765	-0.487876	-0.477686	-0.482781
1.6	-0.493002	-0.498159	-0.487876	-0.493017
1.61	-0.50333	-0.50853	-0.498159	-0.503344
1.62	-0.513744	-0.518987	-0.50853	-0.513758
1.63	-0.524242	-0.529524	-0.518987	-0.524255
1.64	-0.534819	-0.540138	-0.529524	-0.534831
1.65	-0.54547	-0.550825	-0.540138	-0.545482
1.66	-0.556192	-0.56158	-0.550825	-0.556203
1.67	-0.566979	-0.572399	-0.56158	-0.56699
1.68	-0.577828	-0.583276	-0.572399	-0.577837
1.69	-0.588732	-0.594206	-0.583276	-0.588741
1.7	-0.599688	-0.605184	-0.594206	-0.599695
1.71	-0.610688	-0.616206	-0.605184	-0.610695
1.72	-0.621729	-0.627264	-0.616206	-0.621735
1.73	-0.632805	-0.638355	-0.627264	-0.63281
1.74	-0.643909	-0.64947	-0.638355	-0.643912
1.75	-0.655035	-0.660605	-0.64947	-0.655038
1.76	-0.666178	-0.671754	-0.660605	-0.66618
1.77	-0.677331	-0.682909	-0.671754	-0.677331
1.78	-0.688487	-0.694064	-0.682909	-0.688486
1.79	-0.69964	-0.705213	-0.694064	-0.699638
1.8	-0.710783	-0.716348	-0.705213	-0.71078
1.81	-0.721909	-0.727462	-0.716348	-0.721905
1.82	-0.733011	-0.738549	-0.727462	-0.733005
1.83	-0.744081	-0.7496	-0.738549	-0.744074
1.84	-0.755112	-0.760608	-0.7496	-0.755104
1.85	-0.766096	-0.771566	-0.760608	-0.766087
1.86	-0.777026	-0.782466	-0.771566	-0.777016
1.87	-0.787894	-0.793299	-0.782466	-0.787882
1.88	-0.798691	-0.804058	-0.793299	-0.798678
1.89	-0.80941	-0.814734	-0.804058	-0.809396
1.9	-0.820042	-0.825319	-0.814734	-0.820027
1.91	-0.830579	-0.835805	-0.825319	-0.830562
1.92	-0.841013	-0.846183	-0.835805	-0.840994
1.93	-0.851334	-0.856445	-0.846183	-0.851314
1.94	-0.861534	-0.866581	-0.856445	-0.861513
1.95	-0.871605	-0.876583	-0.866581	-0.871582
1.96	-0.881537	-0.886442	-0.876583	-0.881512
1.97	-0.891321	-0.896148	-0.886442	-0.891295
1.98	-0.900949	-0.905694	-0.896148	-0.900921
1.99	-0.910411	-0.91507	-0.905694	-0.910382
2	-0.919699	-0.924266	-0.91507	-0.919668
2.01	-0.928802	-0.933274	-0.924266	-0.92877
2.02	-0.937712	-0.942084	-0.933274	-0.937679
2.03	-0.94642	-0.950686	-0.942084	-0.946385
2.04	-0.954917	-0.959073	-0.950686	-0.95488
2.05	-0.963192	-0.967234	-0.959073	-0.963154
2.06	-0.971237	-0.97516	-0.967234	-0.971197
2.07	-0.979043	-0.982842	-0.97516	-0.979001
2.08	-0.9866	-0.990271	-0.982842	-0.986557
2.09	-0.993899	-0.997437	-0.990271	-0.993854
2.1	-1.00093	-1.00433	-0.997437	-1.00088
2.11	-1.00769	-1.01095	-1.00433	-1.00764
2.12	-1.01416	-1.01727	-1.01095	-1.01411
2.13	-1.02033	-1.02329	-1.01727	-1.02028
2.14	-1.02621	-1.02901	-1.02329	-1.02615
2.15	-1.03177	-1.03441	-1.02901	-1.03171
2.16	-1.03701	-1.03949	-1.03441	-1.03695
2.17	-1.04192	-1.04423	-1.03949	-1.04186
2.18	-1.04649	-1.04863	-1.04423	-1.04643
2.19	-1.05071	-1.05268	-1.04863	-1.05065
2.2	-1.05458	-1.05637	-1.05268	-1.05452
2.21	-1.05809	-1.05969	-1.05637	-1.05803
2.22	-1.06123	-1.06264	-1.05969	-1.06117
2.23	-1.06399	-1.06521	-1.06264	-1.06393
2.24	-1.06636	-1.06739	-1.06521	-1.0663
2.25	-1.06834	-1.06917	-1.06739	-1.06828
2.26	-1.06992	-1.07054	-1.06917	-1.06985
2.27	-1.07109	-1.07151	-1.07054	-1.07102
2.28	-1.07185	-1.07205	-1.07151	-1.07178
2.29	-1.07219	-1.07218	-1.07205	-1.07212
2.3	-1.0721	-1.07187	-1.07218	-1.07202
2.31	-1.07157	-1.07113	-1.07187	-1.0715
2.32	-1.07061	-1.06994	-1.07113	-1.07054
2.33	-1.0692	-1.06831	-1.06994	-1.06913
2.34	-1.06735	-1.06623	-1.06831	-1.06727
2.35	-1.06504	-1.06369	-1.06623	-1.06496
2.36	-1.06227	-1.06069	-1.06369	-1.06219
2.37	-1.05903	-1.05722	-1.06069	-1.05895
2.38	-1.05533	-1.05329	-1.05722	-1.05525
2.39	-1.05116	-1.04888	-1.05329	-1.05108
2.4	-1.04651	-1.04399	-1.04888	-1.04643
2.41	-1.04139	-1.03863	-1.04399	-1.04131
2.42	-1.03579	-1.03279	-1.03863	-1.03571
2.43	-1.0297	-1.02646	-1.03279	-1.02962
2.44	-1.02314	-1.01965	-1.02646	-1.02305
2.45	-1.01608	-1.01235	-1.01965	-1.016
2.46	-1.00854	-1.00457	-1.01235	-1.00846
2.47	-1.00051	-0.996295	-1.00457	-1.00043
2.48	-0.991996	-0.987535	-0.996295	-0.991915
2.49	-0.982992	-0.978287	-0.987535	-0.982911
2.5	-0.973501	-0.968552	-0.978287	-0.97342
2.51	-0.963523	-0.958331	-0.968552	-0.963442
2.52	-0.953059	-0.947625	-0.958331	-0.952978
2.53	-0.942111	-0.936437	-0.947625	-0.942031
2.54	-0.930682	-0.924767	-0.936437	-0.930602
2.55	-0.918772	-0.912619	-0.924767	-0.918693
2.56	-0.906386	-0.899996	-0.912619	-0.906307
2.57	-0.893526	-0.886901	-0.899996	-0.893448
2.58	-0.880197	-0.873338	-0.886901	-0.880119
2.59	-0.866401	-0.859311	-0.873338	-0.866324
2.6	-0.852144	-0.844825	-0.859311	-0.852068
2.61	-0.83743	-0.829885	-0.844825	-0.837355
2.62	-0.822264	-0.814496	-0.829885	-0.82219
2.63	-0.806653	-0.798664	-0.814496	-0.80658
2.64	-0.790602	-0.782396	-0.798664	-0.79053
2.65	-0.774118	-0.765697	-0.782396	-0.774047
2.66	-0.757207	-0.748576	-0.765697	-0.757137
2.67	-0.739877	-0.73104	-0.748576	-0.739808
2.68	-0.722135	-0.713095	-0.73104	-0.722067
2.69	-0.703989	-0.694751	-0.713095	-0.703923
2.7	-0.685448	-0.676017	-0.694751	-0.685384
2.71	-0.666521	-0.6569	-0.676017	-0.666458
2.72	-0.647216	-0.63741	-0.6569	-0.647155
2.73	-0.627543	-0.617557	-0.63741	-0.627484
2.74	-0.607512	-0.597351	-0.617557	-0.607454
2.75	-0.587133	-0.576803	-0.597351	-0.587077
2.76	-0.566416	-0.555922	-0.576803	-0.566362
2.77	-0.545373	-0.534719	-0.555922	-0.54532
2.78	-0.524014	-0.513207	-0.534719	-0.523963
2.79	-0.502351	-0.491397	-0.513207	-0.502302
2.8	-0.480395	-0.469299	-0.491397	-0.480348
2.81	-0.458158	-0.446928	-0.469299	-0.458114
2.82	-0.435654	-0.424294	-0.446928	-0.435611
2.83	-0.412893	-0.401411	-0.424294	-0.412853
2.84	-0.38989	-0.378292	-0.401411	-0.389852
2.85	-0.366657	-0.354949	-0.378292	-0.366621
2.86	-0.343207	-0.331397	-0.354949	-0.343173
2.87	-0.319554	-0.307648	-0.331397	-0.319522
2.88	-0.295711	-0.283716	-0.307648	-0.295682
2.89	-0.271693	-0.259615	-0.283716	-0.271666
2.9	-0.247512	-0.23536	-0.259615	-0.247488
2.91	-0.223185	-0.210965	-0.23536	-0.223163
2.92	-0.198724	-0.186444	-0.210965	-0.198704
2.93	-0.174145	-0.161811	-0.186444	-0.174127
2.94	-0.149461	-0.137081	-0.161811	-0.149446
2.95	-0.124688	-0.11227	-0.137081	-0.124675
2.96	-0.0998401	-0.0873907	-0.11227	-0.0998302
2.97	-0.0749325	-0.0624594	-0.0873907	-0.074925
2.98	-0.04998	-0.0374906	-0.0624594	-0.049975
2.99	-0.0249975	-0.0124994	-0.0374906	-0.024995
3	1.39968e-12	0.0124994	-0.0124994	1.43219e-12
3.01	0.0249975	0.0374906	0.0124994	0.024995
3.02	0.04998	0.0624594	0.0374906	0.049975
3.03	0.0749325	0.0873907	0.0624594	0.074925
3.04	0.0998401	0.11227	0.0873907	0.0998302
3.05	0.124688	0.137081	0.11227	0.124675
3.06	0.149461	0.161811	0.137081	0.149446
3.07	0.174145	0.186444	0.161811	0.174127
3.08	0.198724	0.210965	0.186444	0.198704
3.09	0.223185	0.23536	0.210965	0.223163
3.1	0.247512	0.259615	0.23536	0.247488
3.11	0.271693	0.283716	0.259615	0.271666
3.12	0.295711	0.307648	0.283716	0.295682
3.13	0.319554	0.331397	0.307648	0.319522
3.14	0.343207	0.354949	0.331397	0.343173
3.15	0.366657	0.378292	0.354949	0.366621
3.16	0.38989	0.401411	0.378292	0.389852
3.17	0.412893	0.424294	0.401411	0.412853
3.18	0.435654	0.446928	0.424294	0.435611
3.19	0.458158	0.469299	0.446928	0.458114
3.2	0.480395	0.491397	0.469299	0.480348
3.21	0.502351	0.513207	0.491397	0.502302
3.22	0.524014	0.534719	0.513207	0.523963
3.23	0.545373	0.555922	0.534719	0.54532
3.24	0.566416	0.576803	0.555922	0.566362
3.25	0.587133	0.597351	0.576803	0.587077
3.26	0.607512	0.617557	0.597351	0.607454
3.27	0.627543	0.63741	0.617557	0.627484
3.28	0.647216	0.6569	0.63741	0.647155
3.29	0.666521	0.676017	0.6569	0.666458
3.3	0.685448	0.694751	0.676017	0.685384
3.31	0.703989	0.713095	0.694751	0.703923
3.32	0.722135	0.73104	0.713095	0.722067
3.33	0.739877	0.748576	0.73104	0.739808
3.34	0.757207	0.765697	0.748576	0.757137
3.35	0.774118	0.782396	0.765697	0.774047
3.36	0.790602	0.798664	0.782396	0.79053
3.37	0.806653	0.814496	0.798664	0.80658
3.38	0.822264	0.829885	0.814496	0.82219
3.39	0.83743	0.844825	0.829885	0.837355
3.4	0.852144	0.859311	0.844825	0.852068
3.41	0.866401	0.873338	0.859311	0.866324
3.42	0.880197	0.886901	0.873338	0.880119
3.43	0.893526	0.899996	0.886901	0.893448
3.44	0.906386	0.912619	0.899996	0.906307
3.45	0.918772	0.924767	0.912619	0.918693
3.46	0.930682	0.936437	0.924767	0.930602
3.47	0.942111	0.947625	0.936437	0.942031
3.48	0.953059	0.958331	0.947625	0.952978
3.49	0.963523	0.968552	0.958331	0.963442
3.5	0.973501	0.978287	0.968552	0.97342
3.51	0.982992	0.987535	0.978287	0.982911
3.52	0.991996	0.996295	0.987535	0.991915
3.53	1.00051	1.00457	0.996295	1.00043
3.54	1.00854	1.01235	1.00457	1.00846
3.55	1.01608	1.01965	1.01235	1.016
3.56	1.02314	1.02646	1.01965	1.02305
3.57	1.0297	1.03279	1.02646	1.02962
3.58	1.03579	1.03863	1.03279	1.03571
3.59	1.04139	1.04399	1.03863	1.04131
3.6	1.04651	1.04888	1.04399	1.04643
3.61	1.05116	1.05329	1.04888	1.05108
3.62	1.05533	1.05722	1.05329	1.05525
3.63	1.05903	1.06069	1.05722	1.05895
3.64	1.06227	1.06369	1.06069	1.06219
3.65	1.06504	1.06623	1.06369	1.06496
3.66	1.06735	1.06831	1.06623	1.06727
3.67	1.0692	1.06994	1.06831	1.06913
3.68	1.07061	1.07113	1.06994	1.07054
3.69	1.07157	1.07187	1.07113	1.0715
3.7	1.0721	1.07218	1.07187	1.07202
3.71	1.07219	1.07205	1.07218	1.07212
3.72	1.07185	1.07151	1.07205	1.07178
3.73	1.07109	1.07054	1.07151	1.07102
3.74	1.06992	1.06917	1.07054	1.06985
3.75	1.06834	1.06739	1.06917	1.06828
3.76	1.06636	1.06521	1.06739	1.0663
3.77	1.06399	1.06264	1.06521	1.06393
3.78	1.06123	1.05969	1.06264	1.06117
3.79	1.05809	1.05637	1.05969	1.05803
3.8	1.05458	1.05268	1.05637	1.05452
3.81	1.05071	1.04863	1.05268	1.05065
3.82	1.04649	1.04423	1.04863	1.04643
3.83	1.04192	1.03949	1.04423	1.04186
3.84	1.03701	1.03441	1.03949	1.03695
3.85	1.03177	1.02901	1.03441	1.03171
3.86	1.02621	1.02329	1.02901	1.02615
3.87	1.02033	1.01727	1.02329	1.02028
3.88	1.01416	1.01095	1.01727	1.01411
3.89	1.00769	1.00433	1.01095	1.00764
3.9	1.00093	0.997437	1.00433	1.00088
3.91	0.993899	0.990271	0.997437	0.993854
3.92	0.9866	0.982842	0.990271	0.986557
3.93	0.979043	0.97516	0.982842	0.979001
3.94	0.971237	0.967234	0.97516	0.971197
3.95	0.963192	0.959073	0.967234	0.963154
3.96	0.954917	0.950686	0.959073	0.95488
3.97	0.94642	0.942084	0.950686	0.946385
3.98	0.937712	0.933274	0.942084	0.937679
3.99	0.928802	0.924266	0.933274	0.92877
4	0.919699	0.91507	0.924266	0.919668
4.01	0.910411	0.905694	0.91507	0.910382
4.02	0.900949	0.896148	0.905694	0.900921
4.03	0.891321	0.886442	0.896148	0.891295
4.04	0.881537	0.876583	0.886442	0.881512
4.05	0.871605	0.866581	0.876583	0.871582
4.06	0.861534	0.856445	0.866581	0.861513
4.07	0.851334	0.846183	0.856445	0.851314
4.08	0.841013	0.835805	0.846183	0.840994
4.09	0.83058	0.825319	0.835805	0.830562
4.1	0.820043	0.814734	0.825319	0.820027
4.11	0.80941	0.804058	0.814734	0.809396
4.12	0.798691	0.793299	0.804058	0.798678
4.13	0.787894	0.782466	0.793299	0.787882
4.14	0.777026	0.771566	0.782466	0.777016
4.15	0.766096	0.760608	0.771566	0.766087
4.16	0.755112	0.7496	0.760608	0.755104
4.17	0.744081	0.738549	0.7496	0.744074
4.18	0.733011	0.727462	0.738549	0.733006
4.19	0.721909	0.716348	0.727462	0.721905
4.2	0.710783	0.705213	0.716348	0.71078
4.21	0.69964	0.694064	0.705213	0.699639
4.22	0.688487	0.682909	0.694064	0.688487
4.23	0.677331	0.671754	0.682909	0.677332
4.24	0.666178	0.660606	0.671754	0.66618
4.25	0.655036	0.649471	0.660606	0.655038
4.26	0.643909	0.638355	0.649471	0.643913
4.27	0.632805	0.627265	0.638355	0.63281
4.28	0.62173	0.616207	0.627265	0.621736
4.29	0.610689	0.605185	0.616207	0.610696
4.3	0.599688	0.594207	0.605185	0.599696
4.31	0.588733	0.583277	0.594207	0.588742
4.32	0.577829	0.5724	0.583277	0.577838
4.33	0.566981	0.561582	0.5724	0.566991
4.34	0.556193	0.550827	0.561582	0.556204
4.35	0.545472	0.54014	0.550827	0.545483
4.36	0.53482	0.529526	0.54014	0.534833
4.37	0.524244	0.518988	0.529526	0.524257
4.38	0.513746	0.508532	0.518988	0.51376
4.39	0.503332	0.498161	0.508532	0.503346
4.4	0.493004	0.487878	0.498161	0.49302
4.41	0.482768	0.477689	0.487878	0.482783
4.42	0.472625	0.467595	0.477689	0.472642
4.43	0.46258	0.4576	0.467595	0.462597
4.44	0.452636	0.447708	0.4576	0.452654
4.45	0.442796	0.43792	0.447708	0.442814
4.46	0.433063	0.428241	0.43792	0.433081
4.47	0.423439	0.418673	0.428241	0.423457
4.48	0.413926	0.409218	0.418673	0.413945
4.49	0.404528	0.399878	0.409218	0.404548
4.5	0.395247	0.390656	0.399878	0.395267
4.51	0.386084	0.381553	0.390656	0.386104
4.52	0.377042	0.372572	0.381553	0.377062
4.53	0.368122	0.363713	0.372572	0.368142
4.54	0.359325	0.354979	0.363713	0.359346
4.55	0.350654	0.346371	0.354979	0.350675
4.56	0.34211	0.337891	0.346371	0.342131
4.57	0.333693	0.329538	0.337891	0.333715
4.58	0.325405	0.321315	0.329538	0.325427
4.59	0.317247	0.313222	0.321315	0.317269
4.6	0.309219	0.30526	0.313222	0.309241
4.61	0.301322	0.297429	0.30526	0.301344
4.62	0.293557	0.28973	0.297429	0.293579
4.63	0.285924	0.282163	0.28973	0.285946
4.64	0.278423	0.274728	0.282163	0.278445
4.65	0.271055	0.267426	0.274728	0.271077
4.66	0.263819	0.260256	0.267426	0.263841
4.67	0.256716	0.253219	0.260256	0.256738
4.68	0.249745	0.246314	0.253219	0.249767
4.69	0.242906	0.239541	0.246314	0.242928
4.7	0.236199	0.2329	0.239541	0.236221
4.71	0.229623	0.22639	0.2329	0.229645
4.72	0.223178	0.22001	0.22639	0.2232
4.73	0.216863	0.21376	0.22001	0.216885
4.74	0.210678	0.207639	0.21376	0.2107
4.75	0.204621	0.201647	0.207639	0.204643
4.76	0.198693	0.195781	0.201647	0.198714
4.77	0.192891	0.190043	0.195781	0.192912
4.78	0.187215	0.18443	0.190043	0.187236
4.79	0.181665	0.178941	0.18443	0.181685
4.8	0.176238	0.173575	0.178941	0.176258
4.81	0.170933	0.168332	0.173575	0.170953
4.82	0.16575	0.163209	0.168332	0.16577
4.83	0.160688	0.158206	0.163209	0.160707
4.84	0.155744	0.153321	0.158206	0.155763
4.85	0.150917	0.148552	0.153321	0.150937
4.86	0.146207	0.143899	0.148552	0.146226
4.87	0.141611	0.13936	0.143899	0.14163
4.88	0.137128	0.134934	0.13936	0.137147
4.89	0.132757	0.130618	0.134934	0.132776
4.9	0.128496	0.126411	0.130618	0.128514
4.91	0.124344	0.122312	0.126411	0.124361
4.92	0.120298	0.118319	0.122312	0.120315
4.93	0.116357	0.11443	0.118319	0.116375
4.94	0.11252	0.110644	0.11443	0.112537
4.95	0.108785	0.106959	0.110644	0.108802
4.96	0.10515	0.103374	0.106959	0.105167
4.97	0.101614	0.099886	0.103374	0.10163
4.98	0.0981741	0.096494	0.099886	0.09819
4.99	0.0948295	0.0931961	0.096494	0.0948451
5	0.0915782	0.0899908	0.0931961	0.0915935
5.01	0.0884185	0.0868761	0.0899908	0.0884334
5.02	0.0853486	0.0838504	0.0868761	0.0853632
5.03	0.0823667	0.0809119	0.0838504	0.0823811
5.04	0.0794713	0.0780589	0.0809119	0.0794854
5.05	0.0766604	0.0752896	0.0780589	0.0766743
5.06	0.0739325	0.0726024	0.0752896	0.073946
5.07	0.0712856	0.0699954	0.0726024	0.0712989
5.08	0.0687182	0.0674669	0.0699954	0.0687311
5.09	0.0662284	0.0650153	0.0674669	0.0662411
5.1	0.0638147	0.0626388	0.0650153	0.0638271
5.11	0.0614752	0.0603358	0.0626388	0.0614873
5.12	0.0592083	0.0581045	0.0603358	0.0592201
5.13	0.0570124	0.0559433	0.0581045	0.0570239
5.14	0.0548856	0.0538505	0.0559433	0.0548969
5.15	0.0528265	0.0518246	0.0538505	0.0528375
5.16	0.0508334	0.0498638	0.0518246	0.0508442
5.17	0.0489047	0.0479665	0.0498638	0.0489151
5.18	0.0470387	0.0461313	0.0479665	0.0470489
5.19	0.0452339	0.0443565	0.0461313	0.0452439
5.2	0.0434888	0.0426405	0.0443565	0.0434985
5.21	0.0418018	0.0409819	0.0426405	0.0418112
5.22	0.0401713	0.0393791	0.0409819	0.0401805
5.23	0.038596	0.0378307	0.0393791	0.0386049
5.24	0.0370742	0.0363351	0.0378307	0.0370829
5.25	0.0356046	0.0348911	0.0363351	0.0356131
5.26	0.0341858	0.033497	0.0348911	0.034194
5.27	0.0328163	0.0321516	0.033497	0.0328243
5.28	0.0314948	0.0308535	0.0321516	0.0315025
5.29	0.0302198	0.0296013	0.0308535	0.0302274
5.3	0.0289901	0.0283936	0.0296013	0.0289974
5.31	0.0278044	0.0272293	0.0283936	0.0278115
5.32	0.0266613	0.0261071	0.0272293	0.0266682
5.33	0.0255596	0.0250256	0.0261071	0.0255663
5.34	0.0244981	0.0239837	0.0250256	0.0245046
5.35	0.0234756	0.0229801	0.0239837	0.0234819
5.36	0.0224908	0.0220137	0.0229801	0.0224969
5.37	0.0215427	0.0210834	0.0220137	0.0215486
5.38	0.02063	0.020188	0.0210834	0.0206357
5.39	0.0197517	0.0193265	0.020188	0.0197572
5.4	0.0189067	0.0184976	0.0193265	0.018912
5.41	0.0180939	0.0177005	0.0184976	0.0180991
5.42	0.0173122	0.016934	0.0177005	0.0173173
5.43	0.0165608	0.0161973	0.016934	0.0165656
5.44	0.0158385	0.0154892	0.0161973	0.0158432
5.45	0.0151444	0.0148088	0.0154892	0.015149
5.46	0.0144777	0.0141553	0.0148088	0.0144821
5.47	0.0138372	0.0135277	0.0141553	0.0138415
5.48	0.0132223	0.0129251	0.0135277	0.0132264
5.49	0.0126319	0.0123467	0.0129251	0.0126359
5.5	0.0120653	0.0117916	0.0123467	0.0120692
5.51	0.0115217	0.0112591	0.0117916	0.0115253
5.52	0.0110001	0.0107483	0.0112591	0.0110037
5.53	0.0104999	0.0102584	0.0107483	0.0105033
5.54	0.0100203	0.00978876	0.0102584	0.0100236
5.55	0.00956049	0.00933861	0.00978876	0.00956368
5.56	0.00911985	0.00890724	0.00933861	0.00912292
5.57	0.00869764	0.00849397	0.00890724	0.0087006
5.58	0.0082932	0.00809813	0.00849397	0.00829605
5.59	0.00790586	0.00771908	0.00809813	0.0079086
5.6	0.00753499	0.00735619	0.00771908	0.00753763
5.61	0.00717998	0.00700885	0.00735619	0.00718252
5.62	0.00684022	0.00667649	0.00700885	0.00684267
5.63	0.00651515	0.00635852	0.00667649	0.0065175
5.64	0.00620419	0.00605439	0.00635852	0.00620645
5.65	0.00590681	0.00576358	0.00605439	0.00590898
5.66	0.00562248	0.00548556	0.00576358	0.00562457
5.67	0.00535068	0.00521983	0.00548556	0.00535269
5.68	0.00509094	0.00496591	0.00521983	0.00509287
5.69	0.00484277	0.00472334	0.00496591	0.00484462
5.7	0.00460571	0.00449165	0.00472334	0.00460749
5.71	0.00437933	0.00427041	0.00449165	0.00438103
5.72	0.00416317	0.00405921	0.00427041	0.00416481
5.73	0.00395685	0.00385763	0.00405921	0.00395842
5.74	0.00375994	0.00366527	0.00385763	0.00376145
5.75	0.00357208	0.00348177	0.00366527	0.00357352
5.76	0.00339287	0.00330674	0.00348177	0.00339426
5.77	0.00322197	0.00313985	0.00330674	0.0032233
5.78	0.00305903	0.00298074	0.00313985	0.0030603
5.79	0.00290371	0.0028291	0.00298074	0.00290492
5.8	0.00275568	0.0026846	0.0028291	0.00275685
5.81	0.00261465	0.00254693	0.0026846	0.00261577
5.82	0.00248031	0.00241582	0.00254693	0.00248138
5.83	0.00235237	0.00229096	0.00241582	0.00235339
5.84	0.00223055	0.0021721	0.00229096	0.00223153
5.85	0.0021146	0.00205897	0.0021721	0.00211553
5.86	0.00200425	0.00195131	0.00205897	0.00200514
5.87	0.00189925	0.00184889	0.00195131	0.0019001
5.88	0.00179937	0.00175148	0.00184889	0.00180018
5.89	0.00170438	0.00165884	0.00175148	0.00170516
5.9	0.00161407	0.00157078	0.00165884	0.00161481
5.91	0.00152821	0.00148707	0.00157078	0.00152892
5.92	0.00144662	0.00140753	0.00148707	0.0014473
5.93	0.00136909	0.00133195	0.00140753	0.00136974
5.94	0.00129545	0.00126017	0.00133195	0.00129606
5.95	0.0012255	0.00119201	0.00126017	0.00122609
5.96	0.00115909	0.00112729	0.00119201	0.00115965
5.97	0.00109604	0.00106587	0.00112729	0.00109658
5.98	0.00103621	0.00100757	0.00106587	0.00103672
5.99	0.000979434	0.000952267	0.00100757	0.00097992
6	0.000925574	0.000899806	0.000952267	0.000926036
6.01	0.00087449	0.000850056	0.000899806	0.000874931
6.02	0.000826052	0.000802888	0.000850056	0.000826472
6.03	0.000780133	0.000758177	0.000802888	0.000780532
6.04	0.00073661	0.000715804	0.000758177	0.00073699
6.05	0.000695369	0.000675658	0.000715804	0.000695731
6.06	0.000656299	0.000637628	0.000675658	0.000656643
6.07	0.000619293	0.000601613	0.000637628	0.00061962
6.08	0.000584251	0.000567512	0.000601613	0.000584562
6.09	0.000551076	0.000535231	0.000567512	0.000551372
6.1	0.000519675	0.000504681	0.000535231	0.000519956
6.11	0.00048996	0.000475774	0.000504681	0.000490227
6.12	0.000461847	0.000448428	0.000475774	0.000462101
6.13	0.000435256	0.000422565	0.000448428	0.000435497
6.14	0.000410109	0.000398111	0.000422565	0.000410338
6.15	0.000386335	0.000374992	0.000398111	0.000386552
6.16	0.000363862	0.000353142	0.000374992	0.000364067
6.17	0.000342624	0.000332496	0.000353142	0.000342819
6.18	0.000322558	0.00031299	0.000332496	0.000322743
6.19	0.000303603	0.000294568	0.00031299	0.000303779
6.2	0.000285703	0.000277171	0.000294568	0.000285869
6.21	0.000268801	0.000260747	0.000277171	0.000268959
6.22	0.000252847	0.000245245	0.000260747	0.000252996
6.23	0.000237789	0.000230616	0.000245245	0.000237931
6.24	0.000223581	0.000216814	0.000230616	0.000223715
6.25	0.000210178	0.000203796	0.000216814	0.000210305
6.26	0.000197538	0.000191519	0.000203796	0.000197658
6.27	0.000185618	0.000179944	0.000191519	0.000185732
6.28	0.000174381	0.000169034	0.000179944	0.000174489
6.29	0.000163791	0.000158751	0.000169034	0.000163892
6.3	0.000153811	0.000149063	0.000158751	0.000153907
6.31	0.000144409	0.000139937	0.000149063	0.0001445
6.32	0.000135553	0.000131342	0.000139937	0.00013564
6.33	0.000127214	0.000123249	0.000131342	0.000127296
6.34	0.000119363	0.000115631	0.000123249	0.00011944
6.35	0.000111973	0.000108461	0.000115631	0.000112046
6.36	0.000105019	0.000101714	0.000108461	0.000105088
6.37	9.84761e-05	9.53674e-05	0.000101714	9.85408e-05
6.38	9.23215e-05	8.93978e-05	9.53674e-05	9.23826e-05
6.39	8.65335e-05	8.37844e-05	8.93978e-05	8.65911e-05
6.4	8.10914e-05	7.85071e-05	8.37844e-05	8.11458e-05
6.41	7.59757e-05	7.35469e-05	7.85071e-05	7.6027e-05
6.42	7.11679e-05	6.88857e-05	7.35469e-05	7.12163e-05
6.43	6.66504e-05	6.45064e-05	6.88857e-05	6.66961e-05
6.44	6.24067e-05	6.0393e-05	6.45064e-05	6.24497e-05
6.45	5.8421e-05	5.65301e-05	6.0393e-05	5.84615e-05
6.46	5.46785e-05	5.29032e-05	5.65301e-05	5.47166e-05
6.47	5.1165e-05	4.94987e-05	5.29032e-05	5.1201e-05
6.48	4.78673e-05	4.63037e-05	4.94987e-05	4.79012e-05
6.49	4.47729e-05	4.33059e-05	4.63037e-05	4.48048e-05
6.5	4.18698e-05	4.04937e-05	4.33059e-05	4.18998e-05
6.51	3.91467e-05	3.78563e-05	4.04937e-05	3.9175e-05
6.52	3.65932e-05	3.53833e-05	3.78563e-05	3.66198e-05
6.53	3.41991e-05	3.30649e-05	3.53833e-05	3.42241e-05
6.54	3.1955e-05	3.08921e-05	3.30649e-05	3.19785e-05
6.55	2.98519e-05	2.8856e-05	3.08921e-05	2.9874e-05
6.56	2.78815e-05	2.69485e-05	2.8856e-05	2.79022e-05
6.57	2.60357e-05	2.51619e-05	2.69485e-05	2.60552e-05
6.58	2.4307e-05	2.34888e-05	2.51619e-05	2.43253e-05
6.59	2.26884e-05	2.19224e-05	2.34888e-05	2.27056e-05
6.6	2.11732e-05	2.04563e-05	2.19224e-05	2.11894e-05
6.61	1.9755e-05	1.90842e-05	2.04563e-05	1.97702e-05
6.62	1.84281e-05	1.78005e-05	1.90842e-05	1.84423e-05
6.63	1.71867e-05	1.65996e-05	1.78005e-05	1.72e-05
6.64	1.60256e-05	1.54766e-05	1.65996e-05	1.60381e-05
6.65	1.49398e-05	1.44265e-05	1.54766e-05	1.49516e-05
6.66	1.39247e-05	1.34449e-05	1.44265e-05	1.39357e-05
6.67	1.29759e-05	1.25275e-05	1.34449e-05	1.29862e-05
6.68	1.20892e-05	1.16703e-05	1.25275e-05	1.20989e-05
6.69	1.12608e-05	1.08695e-05	1.16703e-05	1.12699e-05
6.7	1.0487e-05	1.01215e-05	1.08695e-05	1.04955e-05
6.71	9.7643e-06	9.42306e-06	1.01215e-05	9.77229e-06
6.72	9.08955e-06	8.77099e-06	9.42306e-06	9.09702e-06
6.73	8.45966e-06	8.16235e-06	8.77099e-06	8.46667e-06
6.74	7.8718e-06	7.59437e-06	8.16235e-06	7.87836e-06
6.75	7.32327e-06	7.06445e-06	7.59437e-06	7.32941e-06
6.76	6.81155e-06	6.57014e-06	7.06445e-06	6.81729e-06
6.77	6.33428e-06	6.10916e-06	6.57014e-06	6.33965e-06
6.78	5.88923e-06	5.67935e-06	6.10916e-06	5.89425e-06
6.79	5.47432e-06	5.27868e-06	5.67935e-06	5.47901e-06
6.8	5.08758e-06	4.90526e-06	5.27868e-06	5.09197e-06
6.81	4.72719e-06	4.55732e-06	4.90526e-06	4.73129e-06
6.82	4.39142e-06	4.23318e-06	4.55732e-06	4.39525e-06
6.83	4.07865e-06	3.93128e-06	4.23318e-06	4.08223e-06
6.84	3.78738e-06	3.65016e-06	3.93128e-06	3.79072e-06
6.85	3.51618e-06	3.38844e-06	3.65016e-06	3.5193e-06
6.86	3.26372e-06	3.14484e-06	3.38844e-06	3.26664e-06
6.87	3.02877e-06	2.91814e-06	3.14484e-06	3.03149e-06
6.88	2.81015e-06	2.70723e-06	2.91814e-06	2.81269e-06
6.89	2.60677e-06	2.51104e-06	2.70723e-06	2.60914e-06
6.9	2.41761e-06	2.32859e-06	2.51104e-06	2.41982e-06
6.91	2.24171e-06	2.15895e-06	2.32859e-06	2.24377e-06
6.92	2.07818e-06	2.00125e-06	2.15895e-06	2.0801e-06
6.93	1.92618e-06	1.85469e-06	2.00125e-06	1.92797e-06
6.94	1.78494e-06	1.71851e-06	1.85469e-06	1.7866e-06
6.95	1.6537e-06	1.592e-06	1.71851e-06	1.65526e-06
6.96	1.5318e-06	1.4745e-06	1.592e-06	1.53325e-06
6.97	1.4186e-06	1.36539e-06	1.4745e-06	1.41994e-06
6.98	1.31348e-06	1.26409e-06	1.36539e-06	1.31474e-06
6.99	1.21591e-06	1.17007e-06	1.26409e-06	1.21708e-06
7	1.12535e-06	1.08281e-06	1.17007e-06	1.12644e-06
7.01	1.04132e-06	1.00186e-06	1.08281e-06	1.04234e-06
7.02	9.63371e-07	9.26766e-07	1.00186e-06	9.64313e-07
7.03	8.9107e-07	8.57125e-07	9.26766e-07	8.91946e-07
7.04	8.24025e-07	7.92554e-07	8.57125e-07	8.2484e-07
7.05	7.61868e-07	7.32696e-07	7.92554e-07	7.62625e-07
7.06	7.04254e-07	6.7722e-07	7.32696e-07	7.04958e-07
7.07	6.50863e-07	6.25815e-07	6.7722e-07	6.51517e-07
7.08	6.01396e-07	5.78192e-07	6.25815e-07	6.02003e-07
7.09	5.55574e-07	5.34084e-07	5.78192e-07	5.56138e-07
7.1	5.13137e-07	4.93239e-07	5.34084e-07	5.13661e-07
7.11	4.73845e-07	4.55423e-07	4.93239e-07	4.74331e-07
7.12	4.37471e-07	4.20421e-07	4.55423e-07	4.37922e-07
7.13	4.03806e-07	3.88029e-07	4.20421e-07	4.04225e-07
7.14	3.72655e-07	3.58058e-07	3.88029e-07	3.73043e-07
7.15	3.43836e-07	3.30335e-07	3.58058e-07	3.44197e-07
7.16	3.17181e-07	3.04695e-07	3.30335e-07	3.17515e-07
7.17	2.92532e-07	2.80988e-07	3.04695e-07	2.92842e-07
7.18	2.69743e-07	2.59072e-07	2.80988e-07	2.7003e-07
7.19	2.48678e-07	2.38816e-07	2.59072e-07	2.48944e-07
7.2	2.29211e-07	2.20099e-07	2.38816e-07	2.29457e-07
7.21	2.11224e-07	2.02806e-07	2.20099e-07	2.11453e-07
7.22	1.94609e-07	1.86835e-07	2.02806e-07	1.94821e-07
7.23	1.79264e-07	1.72085e-07	1.86835e-07	1.7946e-07
7.24	1.65095e-07	1.58467e-07	1.72085e-07	1.65276e-07
7.25	1.52014e-07	1.45897e-07	1.58467e-07	1.52182e-07
7.26	1.39942e-07	1.34297e-07	1.45897e-07	1.40097e-07
7.27	1.28801e-07	1.23593e-07	1.34297e-07	1.28945e-07
7.28	1.18523e-07	1.13719e-07	1.23593e-07	1.18656e-07
7.29	1.09043e-07	1.04613e-07	1.13719e-07	1.09166e-07
7.3	1.00301e-07	9.62157e-08	1.04613e-07	1.00414e-07
7.31	9.22401e-08	8.84745e-08	9.62157e-08	9.23451e-08
7.32	8.48099e-08	8.13394e-08	8.84745e-08	8.49069e-08
7.33	7.79622e-08	7.47644e-08	8.13394e-08	7.80519e-08
7.34	7.16527e-08	6.87067e-08	7.47644e-08	7.17355e-08
7.35	6.58403e-08	6.31269e-08	6.87067e-08	6.59168e-08
7.36	6.0487e-08	5.79884e-08	6.31269e-08	6.05576e-08
7.37	5.55576e-08	5.32571e-08	5.79884e-08	5.56228e-08
7.38	5.10194e-08	4.89019e-08	5.32571e-08	5.10795e-08
7.39	4.68423e-08	4.48936e-08	4.89019e-08	4.68978e-08
7.4	4.29983e-08	4.12054e-08	4.48936e-08	4.30495e-08
7.41	3.94617e-08	3.78125e-08	4.12054e-08	3.9509e-08
7.42	3.62086e-08	3.46918e-08	3.78125e-08	3.62521e-08
7.43	3.32168e-08	3.18221e-08	3.46918e-08	3.3257e-08
7.44	3.0466e-08	2.91839e-08	3.18221e-08	3.0503e-08
7.45	2.79372e-08	2.67588e-08	2.91839e-08	2.79713e-08
7.46	2.56131e-08	2.45303e-08	2.67588e-08	2.56446e-08
7.47	2.34776e-08	2.24827e-08	2.45303e-08	2.35065e-08
7.48	2.15156e-08	2.06018e-08	2.24827e-08	2.15423e-08
7.49	1.97136e-08	1.88744e-08	2.06018e-08	1.97381e-08
7.5	1.80588e-08	1.72883e-08	1.88744e-08	1.80814e-08
7.51	1.65395e-08	1.58323e-08	1.72883e-08	1.65603e-08
7.52	1.5145e-08	1.44959e-08	1.58323e-08	1.51641e-08
7.53	1.38652e-08	1.32696e-08	1.44959e-08	1.38827e-08
7.54	1.26909e-08	1.21445e-08	1.32696e-08	1.27071e-08
7.55	1.16137e-08	1.11126e-08	1.21445e-08	1.16286e-08
7.56	1.06257e-08	1.01662e-08	1.11126e-08	1.06394e-08
7.57	9.71985e-09	9.29858e-09	1.01662e-08	9.73241e-09
7.58	8.88936e-09	8.50323e-09	9.29858e-09	8.90091e-09
7.59	8.12818e-09	7.77434e-09	8.50323e-09	8.13878e-09
7.6	7.43065e-09	7.10645e-09	7.77434e-09	7.44039e-09
7.61	6.79159e-09	6.4946e-09	7.10645e-09	6.80053e-09
7.62	6.20622e-09	5.93425e-09	6.4946e-09	6.21443e-09
7.63	5.67014e-09	5.42111e-09	5.93425e-09	5.67768e-09
7.64	5.17931e-09	4.95134e-09	5.42111e-09	5.18622e-09
7.65	4.72999e-09	4.52134e-09	4.95134e-09	4.73634e-09
7.66	4.31878e-09	4.12785e-09	4.52134e-09	4.3246e-09
7.67	3.9425e-09	3.76783e-09	4.12785e-09	3.94784e-09
7.68	3.59828e-09	3.43852e-09	3.76783e-09	3.60317e-09
7.69	3.28343e-09	3.13732e-09	3.43852e-09	3.28792e-09
7.7	2.99552e-09	2.86194e-09	3.13732e-09	2.99963e-09
7.71	2.7323e-09	2.6102e-09	2.86194e-09	2.73607e-09
7.72	2.4917e-09	2.38011e-09	2.6102e-09	2.49515e-09
7.73	2.27182e-09	2.16986e-09	2.38011e-09	2.27499e-09
7.74	2.07092e-09	1.97777e-09	2.16986e-09	2.07382e-09
7.75	1.8874e-09	1.80232e-09	1.97777e-09	1.89005e-09
7.76	1.71979e-09	1.64211e-09	1.80232e-09	1.72222e-09
7.77	1.56675e-09	1.49584e-09	1.64211e-09	1.56897e-09
7.78	1.42703e-09	1.3623e-09	1.49584e-09	1.42907e-09
7.79	1.29951e-09	1.24043e-09	1.3623e-09	1.30136e-09
7.8	1.18314e-09	1.12925e-09	1.24043e-09	1.18484e-09
7.81	1.07697e-09	1.0278e-09	1.12925e-09	1.07853e-09
7.82	9.80131e-10	9.35296e-10	1.0278e-09	9.81548e-10
7.83	8.91815e-10	8.5093e-10	9.35296e-10	8.93113e-10
7.84	8.11291e-10	7.74025e-10	8.5093e-10	8.12478e-10
7.85	7.37887e-10	7.03915e-10	7.74025e-10	7.3897e-10
7.86	6.70987e-10	6.40044e-10	7.03915e-10	6.71979e-10
7.87	6.10029e-10	5.81823e-10	6.40044e-10	6.10934e-10
7.88	5.54495e-10	5.2881e-10	5.81823e-10	5.55317e-10
7.89	5.03913e-10	4.80527e-10	5.2881e-10	5.04669e-10
7.9	4.57852e-10	4.36551e-10	4.80527e-10	4.58539e-10
7.91	4.15917e-10	3.96538e-10	4.36551e-10	4.16545e-10
7.92	3.77745e-10	3.60101e-10	3.96538e-10	3.7832e-10
7.93	3.43007e-10	3.2695e-10	3.60101e-10	3.43525e-10
7.94	3.114e-10	2.96796e-10	3.2695e-10	3.11873e-10
7.95	2.82647e-10	2.69373e-10	2.96796e-10	2.83085e-10
7.96	2.56497e-10	2.44416e-10	2.69373e-10	2.56895e-10
7.97	2.32719e-10	2.21745e-10	2.44416e-10	2.3308e-10
7.98	2.11102e-10	2.01117e-10	2.21745e-10	2.11431e-10
7.99	1.91454e-10	1.82387e-10	2.01117e-10	1.91752e-10
8	1.73599e-10	1.65357e-10	1.82387e-10	1.73872e-10
8.01	1.57378e-10	1.49891e-10	1.65357e-10	1.57624e-10
8.02	1.42643e-10	1.35847e-10	1.49891e-10	1.42869e-10
8.03	1.29261e-10	1.23079e-10	1.35847e-10	1.29463e-10
8.04	1.1711e-10	1.11511e-10	1.23079e-10	1.17295e-10
8.05	1.06081e-10	1.00997e-10	1.11511e-10	1.06254e-10
8.06	9.60701e-11	9.14491e-11	1.00997e-10	9.6223e-11
8.07	8.69865e-11	8.28004e-11	9.14491e-11	8.71248e-11
8.08	7.87457e-11	7.49512e-11	8.28004e-11	7.88758e-11
8.09	7.1271e-11	6.78235e-11	7.49512e-11	7.13873e-11
8.1	6.44927e-11	6.13731e-11	6.78235e-11	6.45983e-11
8.11	5.83472e-11	5.55112e-11	6.13731e-11	5.84421e-11
8.12	5.27765e-11	5.02154e-11	5.55112e-11	5.28633e-11
8.13	4.7728e-11	4.5397e-11	5.02154e-11	4.78062e-11
8.14	4.31536e-11	4.1056e-11	4.5397e-11	4.32265e-11
8.15	3.90096e-11	3.71037e-11	4.1056e-11	3.90799e-11
8.16	3.52564e-11	3.35287e-11	3.71037e-11	3.53162e-11
8.17	3.18579e-11	3.02869e-11	3.35287e-11	3.19078e-11
8.18	2.8781e-11	2.7367e-11	3.02869e-11	2.88269e-11
8.19	2.59961e-11	2.47136e-11	2.7367e-11	2.60403e-11
8.2	2.34758e-11	2.23155e-11	2.47136e-11	2.35145e-11
8.21	2.11956e-11	2.01505e-11	2.23155e-11	2.1233e-11
8.22	1.91329e-11	1.81855e-11	2.01505e-11	1.9168e-11
8.23	1.72674e-11	1.64091e-11	1.81855e-11	1.72973e-11
8.24	1.55807e-11	1.47993e-11	1.64091e-11	1.56042e-11
8.25	1.40559e-11	1.3356e-11	1.47993e-11	1.40776e-11
8.26	1.26777e-11	1.20459e-11	1.3356e-11	1.2701e-11
8.27	1.14323e-11	1.0858e-11	1.20459e-11	1.1452e-11
8.28	1.03072e-11	9.79217e-12	1.0858e-11	1.03251e-11
8.29	9.29085e-12	8.82627e-12	9.79217e-12	9.30922e-12
8.3	8.37305e-12	7.9492e-12	8.82627e-12	8.38773e-12
8.31	7.54439e-12	7.17204e-12	7.9492e-12	7.56062e-12
8.32	6.79635e-12	6.4504e-12	7.17204e-12	6.81122e-12
8.33	6.12123e-12	5.80647e-12	6.4504e-12	6.12843e-12
8.34	5.51205e-12	5.24025e-12	5.80647e-12	5.52336e-12
8.35	4.96249e-12	4.70735e-12	5.24025e-12	4.9738e-12
8.36	4.46682e-12	4.24105e-12	4.70735e-12	4.4742e-12
8.37	4.01983e-12	3.80806e-12	4.24105e-12	4.02456e-12
8.38	3.61684e-12	3.43059e-12	3.80806e-12	3.61933e-12
8.39	3.25358e-12	3.09752e-12	3.43059e-12	3.26406e-12
8.4	2.92622e-12	2.77556e-12	3.09752e-12	2.93654e-12
8.41	2.63126e-12	2.4869e-12	2.77556e-12	2.63123e-12
8.42	2.36554e-12	2.25375e-12	2.4869e-12	2.37033e-12
8.43	2.12623e-12	2.0095e-12	2.25375e-12	2.13163e-12
8.44	1.91074e-12	1.80966e-12	2.0095e-12	1.90958e-12
8.45	1.71674e-12	1.63203e-12	1.80966e-12	1.72085e-12
8.46	1.54212e-12	1.46549e-12	1.63203e-12	1.54876e-12
8.47	1.38499e-12	1.31006e-12	1.46549e-12	1.38778e-12
8.48	1.24361e-12	1.17684e-12	1.31006e-12	1.24345e-12
8.49	1.11643e-12	1.05471e-12	1.17684e-12	1.11577e-12
8.5	1.00206e-12	9.54792e-13	1.05471e-12	1.00475e-12
8.51	8.99224e-13	8.54872e-13	9.54792e-13	9.04832e-13
8.52	8.06775e-13	7.66054e-13	8.54872e-13	8.10463e-13
8.53	7.23684e-13	6.77236e-13	7.66054e-13	7.21645e-13
8.54	6.49019e-13	6.21725e-13	6.77236e-13	6.4948e-13
8.55	5.81939e-13	5.44009e-13	6.21725e-13	5.82867e-13
8.56	5.21686e-13	4.996e-13	5.44009e-13	5.21805e-13
8.57	4.67576e-13	4.44089e-13	4.996e-13	4.71845e-13
8.58	4.18994e-13	3.9968e-13	4.44089e-13	4.21885e-13
8.59	3.75383e-13	3.55271e-13	3.9968e-13	3.77476e-13
8.6	3.36243e-13	3.10862e-13	3.55271e-13	3.33067e-13
8.61	3.01123e-13	2.88658e-13	3.10862e-13	2.9976e-13
8.62	2.69616e-13	2.55351e-13	2.88658e-13	2.72005e-13
8.63	2.41357e-13	2.33147e-13	2.55351e-13	2.44249e-13
8.64	2.16016e-13	1.9984e-13	2.33147e-13	2.16493e-13
8.65	1.93296e-13	1.77636e-13	1.9984e-13	1.88738e-13
8.66	1.72931e-13	1.66533e-13	1.77636e-13	1.72085e-13
8.67	1.5468e-13	1.44329e-13	1.66533e-13	1.55431e-13
8.68	1.38327e-13	1.33227e-13	1.44329e-13	1.38778e-13
8.69	1.23678e-13	1.22125e-13	1.33227e-13	1.27676e-13
8.7	1.10557e-13	9.99201e-14	1.22125e-13	1.11022e-13
8.71	9.88087e-14	8.88178e-14	9.99201e-14	9.4369e-14
8.72	8.82908e-14	8.88178e-14	8.88178e-14	8.88178e-14
8.73	7.88764e-14	7.77156e-14	8.88178e-14	8.32667e-14
8.74	7.04516e-14	6.66134e-14	7.77156e-14	7.21645e-14
8.75	6.29139e-14	5.55112e-14	6.66134e-14	6.10623e-14
8.76	5.61712e-14	5.55112e-14	5.55112e-14	5.55112e-14
8.77	5.0141e-14	4.44089e-14	5.55112e-14	4.996e-14
8.78	4.47491e-14	4.44089e-14	4.44089e-14	4.44089e-14
8.79	3.99289e-14	3.33067e-14	4.44089e-14	3.88578e-14
8.8	3.56206e-14	3.33067e-14	3.33067e-14	3.33067e-14
8.81	3.17708e-14	3.33067e-14	3.33067e-14	3.33067e-14
8.82	2.83313e-14	2.22045e-14	3.33067e-14	2.77556e-14
8.83	2.5259e-14	3.33067e-14	2.22045e-14	2.77556e-14
8.84	2.25154e-14	2.22045e-14	3.33067e-14	2.77556e-14
8.85	2.00656e-14	1.11022e-14	2.22045e-14	1.66533e-14
8.86	1.78788e-14	2.22045e-14	1.11022e-14	1.66533e-14
8.87	1.59271e-14	1.11022e-14	2.22045e-14	1.66533e-14
8.88	1.41856e-14	1.11022e-14	1.11022e-14	1.11022e-14
8.89	1.26319e-14	1.11022e-14	1.11022e-14	1.11022e-14
8.9	1.12461e-14	1.11022e-14	1.11022e-14	1.11022e-14
8.91	1.00103e-14	1.11022e-14	1.11022e-14	1.11022e-14
8.92	8.90848e-15	1.11022e-14	1.11022e-14	1.11022e-14
8.93	7.92634e-15	1.11022e-14	1.11022e-14	1.11022e-14
8.94	7.05105e-15	0	1.11022e-14	5.55112e-15
8.95	6.27114e-15	1.11022e-14	0	5.55112e-15
8.96	5.57637e-15	0	1.11022e-14	5.55112e-15
8.97	4.95756e-15	1.11022e-14	0	5.55112e-15
8.98	4.40653e-15	0	1.11022e-14	5.55112e-15
8.99	3.91595e-15	0	0	0
9	3.47928e-15	1.11022e-14	0	5.55112e-15
9.01	3.09068e-15	0	1.11022e-14	5.55112e-15
9.02	2.74493e-15	0	0	0
9.03	2.43736e-15	0	0	0
9.04	2.16381e-15	1.11022e-14	0	5.55112e-15
9.05	1.92058e-15	0	1.11022e-14	5.55112e-15
9.06	1.70434e-15	0	0	0
9.07	1.51214e-15	0	0	0
9.08	1.34134e-15	0	0	0
9.09	1.1896e-15	0	0	0
9.1	1.0548e-15	0	0	0
9.11	9.35096e-16	0	0	0
9.12	8.28805e-16	0	0	0
9.13	7.34447e-16	1.11022e-14	0	5.55112e-15
9.14	6.50699e-16	0	1.11022e-14	5.55112e-15
9.15	5.76384e-16	0	0	0
9.16	5.10453e-16	0	0	0
9.17	4.51972e-16	0	0	0
9.18	4.0011e-16	0	0	0
9.19	3.54128e-16	0	0	0
9.2	3.13366e-16	0	0	0
9.21	2.7724e-16	0	0	0
9.22	2.45229e-16	0	0	0
9.23	2.1687e-16	0	0	0
9.24	1.91752e-16	0	0	0
9.25	1.69509e-16	0	0	0
9.26	1.49815e-16	0	0	0
9.27	1.32383e-16	0	0	0
9.28	1.16955e-16	0	0	0
9.29	1.03305e-16	0	0	0
9.3	9.12289e-17	0	0	0
9.31	8.05484e-17	0	0	0
9.32	7.11039e-17	0	0	0
9.33	6.2754e-17	0	0	0
9.34	5.53735e-17	0	0	0
9.35	4.88511e-17	0	0	0
9.36	4.30883e-17	0	0	0
9.37	3.79976e-17	0	0	0
9.38	3.35015e-17	0	0	0
9.39	2.95315e-17	0	0	0
9.4	2.60266e-17	0	0	0
9.41	2.29331e-17	0	0	0
9.42	2.02032e-17	0	0	0
9.43	1.77946e-17	0	0	0
9.44	1.567e-17	0	0	0
9.45	1.37963e-17	0	0	0
9.46	1.21442e-17	0	0	0
9.47	1.06878e-17	0	0	0
9.48	9.40407e-18	0	0	0
9.49	8.2729e-18	0	0	0
9.5	7.27632e-18	0	0	0
9.51	6.39849e-18	0	0	0
9.52	5.62543e-18	0	0	0
9.53	4.94476e-18	0	0	0
9.54	4.34558e-18	0	0	0
9.55	3.81823e-18	0	0	0
9.56	3.3542e-18	0	0	0
9.57	2.94596e-18	0	0	0
9.58	2.58689e-18	0	0	0
9.59	2.27113e-18	0	0	0
9.6	1.9935e-18	0	0	0
9.61	1.74946e-18	0	0	0
9.62	1.53498e-18	0	0	0
9.63	1.34653e-18	0	0	0
9.64	1.18097e-18	0	0	0
9.65	1.03556e-18	0	0	0
9.66	9.07866e-19	0	0	0
9.67	7.9576e-19	0	0	0
9.68	6.97356e-19	0	0	0
9.69	6.10997e-19	0	0	0
9.7	5.35224e-19	0	0	0
9.71	4.68753e-19	0	0	0
9.72	4.10455e-19	0	0	0
9.73	3.59334e-19	0	0	0
9.74	3.14517e-19	0	0	0
9.75	2.75234e-19	0	0	0
9.76	2.40808e-19	0	0	0
9.77	2.10646e-19	0	0	0
9.78	1.84224e-19	0	0	0
9.79	1.61084e-19	0	0	0
9.8	1.40823e-19	0	0	0
9.81	1.23084e-19	0	0	0
9.82	1.07559e-19	0	0	0
9.83	9.39725e-20	0	0	0
9.84	8.20858e-20	0	0	0
9.85	7.16882e-20	0	0	0
9.86	6.2595e-20	0	0	0
9.87	5.46441e-20	0	0	0
9.88	4.76936e-20	0	0	0
9.89	4.16187e-20	0	0	0
9.9	3.63102e-20	0	0	0
9.91	3.16725e-20	0	0	0
9.92	2.76215e-20	0	0	0
9.93	2.40838e-20	0	0	0
9.94	2.09949e-20	0	0	0
9.95	1.82985e-20	0	0	0
9.96	1.59452e-20	0	0	0
9.97	1.38917e-20	0	0	0
9.98	1.21003e-20	0	0	0
9.99	1.05377e-20	0	0	0
10	9.17505e-21	0	0	0
