0.00000	0.00000	0.00000	0.00000
0.00000	0.02439	-0.00354	0.00000
0.00000	0.04878	-0.00712	0.00000
0.00000	0.07317	-0.01076	0.00000
0.00000	0.09756	-0.01451	0.00000
0.00000	0.12195	-0.01840	0.00000
0.00000	0.14634	-0.02246	0.00000
0.00000	0.17073	-0.02671	0.00000
0.00000	0.19512	-0.03119	0.00000
0.00000	0.21951	-0.03590	0.00000
0.00000	0.24390	-0.04086	0.00000
0.00000	0.26829	-0.04608	0.00000
0.00000	0.29268	-0.05153	0.00000
0.00000	0.31707	-0.05721	0.00000
0.00000	0.34146	-0.06306	0.00000
0.00000	0.36585	-0.06903	0.00000
0.00000	0.39024	-0.07503	0.00000
0.00000	0.41463	-0.08094	0.00000
0.00000	0.43902	-0.08665	0.00000
0.00000	0.46341	-0.09200	0.00000
0.00000	0.48780	-0.09682	0.00000
0.00000	0.51220	-0.10096	0.00000
0.00000	0.53659	-0.10425	0.00000
0.00000	0.56098	-0.10653	0.00000
0.00000	0.58537	-0.10764	0.00000
0.00000	0.60976	-0.10749	0.00000
0.00000	0.63415	-0.10600	0.00000
0.00000	0.65854	-0.10318	0.00000
0.00000	0.68293	-0.09908	0.00000
0.00000	0.70732	-0.09381	0.00000
0.00000	0.73171	-0.08753	0.00000
0.00000	0.75610	-0.08040	0.00000
0.00000	0.78049	-0.07260	0.00000
0.00000	0.80488	-0.06428	0.00000
0.00000	0.82927	-0.05558	0.00000
0.00000	0.85366	-0.04660	0.00000
0.00000	0.87805	-0.03744	0.00000
0.00000	0.90244	-0.02816	0.00000
0.00000	0.92683	-0.01880	0.00000
0.00000	0.95122	-0.00941	0.00000
0.02623	0.00000	0.00000	-0.00354
0.02623	0.02439	-0.00350	-0.00358
0.02623	0.04878	-0.00703	-0.00365
0.02623	0.07317	-0.01064	-0.00375
0.02623	0.09756	-0.01435	-0.00389
0.02623	0.12195	-0.01821	-0.00406
0.02623	0.14634	-0.02223	-0.00425
0.02623	0.17073	-0.02646	-0.00447
0.02623	0.19512	-0.03091	-0.00471
0.02623	0.21951	-0.03561	-0.00496
0.02623	0.24390	-0.04057	-0.00521
0.02623	0.26829	-0.04580	-0.00546
0.02623	0.29268	-0.05128	-0.00568
0.02623	0.31707	-0.05701	-0.00585
0.02623	0.34146	-0.06293	-0.00597
0.02623	0.36585	-0.06900	-0.00600
0.02623	0.39024	-0.07512	-0.00592
0.02623	0.41463	-0.08119	-0.00571
0.02623	0.43902	-0.08707	-0.00535
0.02623	0.46341	-0.09260	-0.00483
0.02623	0.48780	-0.09762	-0.00414
0.02623	0.51220	-0.10195	-0.00329
0.02623	0.53659	-0.10543	-0.00227
0.02623	0.56098	-0.10787	-0.00111
0.02623	0.58537	-0.10911	0.00015
0.02623	0.60976	-0.10903	0.00148
0.02623	0.63415	-0.10755	0.00282
0.02623	0.65854	-0.10466	0.00410
0.02623	0.68293	-0.10043	0.00527
0.02623	0.70732	-0.09498	0.00628
0.02623	0.73171	-0.08851	0.00713
0.02623	0.75610	-0.08118	0.00780
0.02623	0.78049	-0.07320	0.00832
0.02623	0.80488	-0.06473	0.00870
0.02623	0.82927	-0.05590	0.00898
0.02623	0.85366	-0.04682	0.00916
0.02623	0.87805	-0.03758	0.00928
0.02623	0.90244	-0.02824	0.00935
0.02623	0.92683	-0.01885	0.00939
0.02623	0.95122	-0.00943	0.00941
0.05246	0.00000	0.00000	-0.00704
0.05246	0.02439	-0.00342	-0.00711
0.05246	0.04878	-0.00687	-0.00725
0.05246	0.07317	-0.01040	-0.00746
0.05246	0.09756	-0.01403	-0.00774
0.05246	0.12195	-0.01781	-0.00808
0.05246	0.14634	-0.02177	-0.00848
0.05246	0.17073	-0.02594	-0.00893
0.05246	0.19512	-0.03035	-0.00941
0.05246	0.21951	-0.03502	-0.00992
0.05246	0.24390	-0.03997	-0.01044
0.05246	0.26829	-0.04522	-0.01094
0.05246	0.29268	-0.05075	-0.01140
0.05246	0.31707	-0.05657	-0.01178
0.05246	0.34146	-0.06263	-0.01203
0.05246	0.36585	-0.06890	-0.01212
0.05246	0.39024	-0.07527	-0.01199
0.05246	0.41463	-0.08165	-0.01159
0.05246	0.43902	-0.08788	-0.01088
0.05246	0.46341	-0.09380	-0.00984
0.05246	0.48780	-0.09920	-0.00847
0.05246	0.51220	-0.10393	-0.00676
0.05246	0.53659	-0.10779	-0.00472
0.05246	0.56098	-0.11060	-0.00236
0.05246	0.58537	-0.11211	0.00024
0.05246	0.60976	-0.11218	0.00296
0.05246	0.63415	-0.11072	0.00571
0.05246	0.65854	-0.10771	0.00834
0.05246	0.68293	-0.10318	0.01071
0.05246	0.70732	-0.09735	0.01276
0.05246	0.73171	-0.09046	0.01445
0.05246	0.75610	-0.08273	0.01578
0.05246	0.78049	-0.07438	0.01680
0.05246	0.80488	-0.06559	0.01754
0.05246	0.82927	-0.05650	0.01806
0.05246	0.85366	-0.04722	0.01840
0.05246	0.87805	-0.03783	0.01862
0.05246	0.90244	-0.02839	0.01875
0.05246	0.92683	-0.01893	0.01881
0.05246	0.95122	-0.00946	0.01884
0.07869	0.00000	0.00000	-0.01045
0.07869	0.02439	-0.00329	-0.01056
0.07869	0.04878	-0.00662	-0.01078
0.07869	0.07317	-0.01002	-0.01110
0.07869	0.09756	-0.01354	-0.01152
0.07869	0.12195	-0.01721	-0.01204
0.07869	0.14634	-0.02107	-0.01265
0.07869	0.17073	-0.02515	-0.01333
0.07869	0.19512	-0.02949	-0.01408
0.07869	0.21951	-0.03411	-0.01487
0.07869	0.24390	-0.03904	-0.01568
0.07869	0.26829	-0.04430	-0.01648
0.07869	0.29268	-0.04990	-0.01722
0.07869	0.31707	-0.05584	-0.01784
0.07869	0.34146	-0.06211	-0.01830
0.07869	0.36585	-0.06866	-0.01850
0.07869	0.39024	-0.07543	-0.01836
0.07869	0.41463	-0.08228	-0.01782
0.07869	0.43902	-0.08907	-0.01679
0.07869	0.46341	-0.09558	-0.01525
0.07869	0.48780	-0.10158	-0.01320
0.07869	0.51220	-0.10689	-0.01063
0.07869	0.53659	-0.11139	-0.00752
0.07869	0.56098	-0.11482	-0.00387
0.07869	0.58537	-0.11677	0.00017
0.07869	0.60976	-0.11709	0.00442
0.07869	0.63415	-0.11570	0.00872
0.07869	0.65854	-0.11249	0.01286
0.07869	0.68293	-0.10744	0.01654
0.07869	0.70732	-0.10095	0.01966
0.07869	0.73171	-0.09337	0.02218
0.07869	0.75610	-0.08499	0.02413
0.07869	0.78049	-0.07606	0.02559
0.07869	0.80488	-0.06679	0.02663
0.07869	0.82927	-0.05731	0.02734
0.07869	0.85366	-0.04774	0.02779
0.07869	0.87805	-0.03814	0.02806
0.07869	0.90244	-0.02856	0.02821
0.07869	0.92683	-0.01901	0.02828
0.07869	0.95122	-0.00950	0.02830
0.10492	0.00000	0.00000	-0.01374
0.10492	0.02439	-0.00312	-0.01389
0.10492	0.04878	-0.00628	-0.01418
0.10492	0.07317	-0.00952	-0.01462
0.10492	0.09756	-0.01288	-0.01519
0.10492	0.12195	-0.01640	-0.01590
0.10492	0.14634	-0.02011	-0.01673
0.10492	0.17073	-0.02406	-0.01767
0.10492	0.19512	-0.02829	-0.01870
0.10492	0.21951	-0.03283	-0.01980
0.10492	0.24390	-0.03772	-0.02094
0.10492	0.26829	-0.04298	-0.02208
0.10492	0.29268	-0.04865	-0.02316
0.10492	0.31707	-0.05474	-0.02411
0.10492	0.34146	-0.06126	-0.02485
0.10492	0.36585	-0.06819	-0.02526
0.10492	0.39024	-0.07547	-0.02522
0.10492	0.41463	-0.08300	-0.02460
0.10492	0.43902	-0.09058	-0.02330
0.10492	0.46341	-0.09794	-0.02125
0.10492	0.48780	-0.10475	-0.01851
0.10492	0.51220	-0.11080	-0.01513
0.10492	0.53659	-0.11623	-0.01095
0.10492	0.56098	-0.12077	-0.00582
0.10492	0.58537	-0.12332	-0.00015
0.10492	0.60976	-0.12398	0.00581
0.10492	0.63415	-0.12280	0.01194
0.10492	0.65854	-0.11939	0.01790
0.10492	0.68293	-0.11337	0.02303
0.10492	0.70732	-0.10582	0.02724
0.10492	0.73171	-0.09720	0.03056
0.10492	0.75610	-0.08788	0.03305
0.10492	0.78049	-0.07815	0.03486
0.10492	0.80488	-0.06823	0.03610
0.10492	0.82927	-0.05824	0.03691
0.10492	0.85366	-0.04829	0.03739
0.10492	0.87805	-0.03843	0.03764
0.10492	0.90244	-0.02869	0.03775
0.10492	0.92683	-0.01905	0.03779
0.10492	0.95122	-0.00950	0.03780
0.13115	0.00000	0.00000	-0.01686
0.13115	0.02439	-0.00290	-0.01705
0.13115	0.04878	-0.00585	-0.01742
0.13115	0.07317	-0.00888	-0.01798
0.13115	0.09756	-0.01203	-0.01871
0.13115	0.12195	-0.01535	-0.01962
0.13115	0.14634	-0.01888	-0.02068
0.13115	0.17073	-0.02266	-0.02190
0.13115	0.19512	-0.02674	-0.02324
0.13115	0.21951	-0.03115	-0.02469
0.13115	0.24390	-0.03596	-0.02621
0.13115	0.26829	-0.04120	-0.02775
0.13115	0.29268	-0.04691	-0.02925
0.13115	0.31707	-0.05315	-0.03063
0.13115	0.34146	-0.05994	-0.03178
0.13115	0.36585	-0.06730	-0.03254
0.13115	0.39024	-0.07523	-0.03275
0.13115	0.41463	-0.08365	-0.03219
0.13115	0.43902	-0.09235	-0.03066
0.13115	0.46341	-0.10094	-0.02806
0.13115	0.48780	-0.10880	-0.02456
0.13115	0.51220	-0.11542	-0.02056
0.13115	0.53659	-0.12209	-0.01549
0.13115	0.56098	-0.12900	-0.00837
0.13115	0.58537	-0.13207	-0.00081
0.13115	0.60976	-0.13301	0.00699
0.13115	0.63415	-0.13246	0.01535
0.13115	0.65854	-0.12930	0.02392
0.13115	0.68293	-0.12108	0.03058
0.13115	0.70732	-0.11193	0.03587
0.13115	0.73171	-0.10183	0.03988
0.13115	0.75610	-0.09123	0.04278
0.13115	0.78049	-0.08047	0.04479
0.13115	0.80488	-0.06974	0.04609
0.13115	0.82927	-0.05913	0.04686
0.13115	0.85366	-0.04874	0.04725
0.13115	0.87805	-0.03859	0.04739
0.13115	0.90244	-0.02869	0.04739
0.13115	0.92683	-0.01900	0.04734
0.13115	0.95122	-0.00946	0.04730
0.15738	0.00000	0.00000	-0.01977
0.15738	0.02439	-0.00264	-0.02000
0.15738	0.04878	-0.00532	-0.02045
0.15738	0.07317	-0.00809	-0.02113
0.15738	0.09756	-0.01099	-0.02203
0.15738	0.12195	-0.01406	-0.02314
0.15738	0.14634	-0.01735	-0.02446
0.15738	0.17073	-0.02091	-0.02597
0.15738	0.19512	-0.02479	-0.02766
0.15738	0.21951	-0.02903	-0.02950
0.15738	0.24390	-0.03370	-0.03145
0.15738	0.26829	-0.03886	-0.03347
0.15738	0.29268	-0.04458	-0.03549
0.15738	0.31707	-0.05091	-0.03742
0.15738	0.34146	-0.05795	-0.03914
0.15738	0.36585	-0.06577	-0.04047
0.15738	0.39024	-0.07443	-0.04116
0.15738	0.41463	-0.08396	-0.04089
0.15738	0.43902	-0.09424	-0.03925
0.15738	0.46341	-0.10480	-0.03592
0.15738	0.48780	-0.11428	-0.03118
0.15738	0.51220	-0.11998	-0.02723
0.15738	0.53659	-0.12768	-0.02240
0.15738	0.56098	-0.14168	-0.01144
0.15738	0.58537	-0.14326	-0.00176
0.15738	0.60976	-0.14376	0.00754
0.15738	0.63415	-0.14516	0.01851
0.15738	0.65854	-0.14505	0.03213
0.15738	0.68293	-0.12988	0.03974
0.15738	0.70732	-0.11914	0.04597
0.15738	0.73171	-0.10705	0.05048
0.15738	0.75610	-0.09477	0.05354
0.15738	0.78049	-0.08277	0.05552
0.15738	0.80488	-0.07109	0.05669
0.15738	0.82927	-0.05978	0.05725
0.15738	0.85366	-0.04890	0.05739
0.15738	0.87805	-0.03847	0.05729
0.15738	0.90244	-0.02845	0.05708
0.15738	0.92683	-0.01877	0.05688
0.15738	0.95122	-0.00933	0.05677
0.18361	0.00000	0.00000	-0.02241
0.18361	0.02439	-0.00233	-0.02268
0.18361	0.04878	-0.00470	-0.02322
0.18361	0.07317	-0.00716	-0.02403
0.18361	0.09756	-0.00975	-0.02510
0.18361	0.12195	-0.01252	-0.02643
0.18361	0.14634	-0.01552	-0.02802
0.18361	0.17073	-0.01880	-0.02985
0.18361	0.19512	-0.02241	-0.03191
0.18361	0.21951	-0.02641	-0.03417
0.18361	0.24390	-0.03088	-0.03661
0.18361	0.26829	-0.03589	-0.03918
0.18361	0.29268	-0.04152	-0.04183
0.18361	0.31707	-0.04787	-0.04446
0.18361	0.34146	-0.05506	-0.04696
0.18361	0.36585	-0.06325	-0.04913
0.18361	0.39024	-0.07263	-0.05069
0.18361	0.41463	-0.08341	-0.05117
0.18361	0.43902	-0.09582	-0.04980
0.18361	0.46341	-0.10988	-0.04541
0.18361	0.48780	-0.12416	-0.03687
0.18361	0.51220	-0.12222	-0.03494
0.18361	0.53659	-0.12597	-0.03641
0.18361	0.56098	-0.16873	-0.01302
0.18361	0.58537	-0.15571	-0.00225
0.18361	0.60976	-0.15346	0.00614
0.18361	0.63415	-0.15960	0.01862
0.18361	0.65854	-0.17822	0.04731
0.18361	0.68293	-0.13353	0.05047
0.18361	0.70732	-0.12792	0.05806
0.18361	0.73171	-0.11248	0.06276
0.18361	0.75610	-0.09798	0.06554
0.18361	0.78049	-0.08469	0.06720
0.18361	0.80488	-0.07202	0.06800
0.18361	0.82927	-0.05993	0.06813
0.18361	0.85366	-0.04854	0.06782
0.18361	0.87805	-0.03787	0.06730
0.18361	0.90244	-0.02782	0.06676
0.18361	0.92683	-0.01827	0.06633
0.18361	0.95122	-0.00905	0.06609
0.20984	0.00000	0.00000	-0.02474
0.20984	0.02439	-0.00196	-0.02505
0.20984	0.04878	-0.00397	-0.02568
0.20984	0.07317	-0.00607	-0.02662
0.20984	0.09756	-0.00830	-0.02787
0.20984	0.12195	-0.01072	-0.02943
0.20984	0.14634	-0.01336	-0.03130
0.20984	0.17073	-0.01629	-0.03346
0.20984	0.19512	-0.01957	-0.03591
0.20984	0.21951	-0.02326	-0.03864
0.20984	0.24390	-0.02744	-0.04161
0.20984	0.26829	-0.03219	-0.04481
0.20984	0.29268	-0.03762	-0.04818
0.20984	0.31707	-0.04384	-0.05166
0.20984	0.34146	-0.05102	-0.05515
0.20984	0.36585	-0.05937	-0.05851
0.20984	0.39024	-0.06920	-0.06147
0.20984	0.41463	-0.08098	-0.06358
0.20984	0.43902	-0.09549	-0.06387
0.20984	0.46341	-0.11472	-0.05968
0.20984	0.48780	-0.15279	-0.03493
0.20984	0.51220	-0.11786	-0.03869
0.20984	0.53659	-0.07917	-0.07917
0.20984	0.56098	0.00000	0.00000
0.20984	0.58537	0.00000	0.00000
0.20984	0.60976	0.00000	0.00000
0.20984	0.63415	0.00000	0.00000
0.20984	0.65854	0.00000	0.09200
0.20984	0.68293	-0.09200	0.05608
0.20984	0.70732	-0.14807	0.07350
0.20984	0.73171	-0.11683	0.07726
0.20984	0.75610	-0.09979	0.07882
0.20984	0.78049	-0.08590	0.07987
0.20984	0.80488	-0.07227	0.08009
0.20984	0.82927	-0.05928	0.07952
0.20984	0.85366	-0.04736	0.07850
0.20984	0.87805	-0.03654	0.07735
0.20984	0.90244	-0.02663	0.07631
0.20984	0.92683	-0.01739	0.07555
0.20984	0.95122	-0.00859	0.07515
0.23607	0.00000	0.00000	-0.02670
0.23607	0.02439	-0.00155	-0.02706
0.23607	0.04878	-0.00315	-0.02778
0.23607	0.07317	-0.00483	-0.02885
0.23607	0.09756	-0.00664	-0.03029
0.23607	0.12195	-0.00864	-0.03208
0.23607	0.14634	-0.01087	-0.03423
0.23607	0.17073	-0.01339	-0.03674
0.23607	0.19512	-0.01626	-0.03960
0.23607	0.21951	-0.01955	-0.04282
0.23607	0.24390	-0.02334	-0.04636
0.23607	0.26829	-0.02772	-0.05023
0.23607	0.29268	-0.03280	-0.05440
0.23607	0.31707	-0.03871	-0.05884
0.23607	0.34146	-0.04563	-0.06350
0.23607	0.36585	-0.05378	-0.06833
0.23607	0.39024	-0.06350	-0.07325
0.23607	0.41463	-0.07539	-0.07809
0.23607	0.43902	-0.08970	-0.08309
0.23607	0.46341	-0.09776	-0.09776
0.23607	0.48780	0.00000	0.00000
0.23607	0.51220	0.00000	0.00000
0.23607	0.53659	0.00000	0.00000
0.23607	0.56098	0.00000	0.00000
0.23607	0.58537	0.00000	0.00000
0.23607	0.60976	0.00000	0.00000
0.23607	0.63415	0.00000	0.00000
0.23607	0.65854	0.00000	0.00000
0.23607	0.68293	0.00000	0.00000
0.23607	0.70732	0.00000	0.10475
0.23607	0.73171	-0.10475	0.09430
0.23607	0.75610	-0.09795	0.09271
0.23607	0.78049	-0.08682	0.09350
0.23607	0.80488	-0.07178	0.09308
0.23607	0.82927	-0.05740	0.09145
0.23607	0.85366	-0.04491	0.08933
0.23607	0.87805	-0.03414	0.08726
0.23607	0.90244	-0.02465	0.08555
0.23607	0.92683	-0.01601	0.08435
0.23607	0.95122	-0.00788	0.08374
0.26230	0.00000	0.00000	-0.02825
0.26230	0.02439	-0.00109	-0.02866
0.26230	0.04878	-0.00222	-0.02946
0.26230	0.07317	-0.00343	-0.03067
0.26230	0.09756	-0.00478	-0.03228
0.26230	0.12195	-0.00630	-0.03431
0.26230	0.14634	-0.00805	-0.03675
0.26230	0.17073	-0.01008	-0.03961
0.26230	0.19512	-0.01246	-0.04289
0.26230	0.21951	-0.01526	-0.04660
0.26230	0.24390	-0.01855	-0.05074
0.26230	0.26829	-0.02243	-0.05531
0.26230	0.29268	-0.02701	-0.06031
0.26230	0.31707	-0.03242	-0.06575
0.26230	0.34146	-0.03882	-0.07164
0.26230	0.36585	-0.04636	-0.07806
0.26230	0.39024	-0.05532	-0.08514
0.26230	0.41463	-0.06698	-0.09240
0.26230	0.43902	-0.09115	-0.09115
0.26230	0.46341	0.00000	0.00000
0.26230	0.48780	0.00000	0.00000
0.26230	0.51220	0.00000	0.00000
0.26230	0.53659	0.00000	0.00000
0.26230	0.56098	0.00000	0.00000
0.26230	0.58537	0.00000	0.00000
0.26230	0.60976	0.00000	0.00000
0.26230	0.63415	0.00000	0.00000
0.26230	0.65854	0.00000	0.00000
0.26230	0.68293	0.00000	0.00000
0.26230	0.70732	0.00000	0.00000
0.26230	0.73171	0.00000	0.10110
0.26230	0.75610	-0.10110	0.10384
0.26230	0.78049	-0.09227	0.10855
0.26230	0.80488	-0.07051	0.10745
0.26230	0.82927	-0.05332	0.10393
0.26230	0.85366	-0.04047	0.10009
0.26230	0.87805	-0.03029	0.09675
0.26230	0.90244	-0.02169	0.09419
0.26230	0.92683	-0.01402	0.09247
0.26230	0.95122	-0.00689	0.09162
0.28852	0.00000	0.00000	-0.02934
0.28852	0.02439	-0.00057	-0.02978
0.28852	0.04878	-0.00119	-0.03067
0.28852	0.07317	-0.00188	-0.03201
0.28852	0.09756	-0.00270	-0.03381
0.28852	0.12195	-0.00369	-0.03606
0.28852	0.14634	-0.00490	-0.03879
0.28852	0.17073	-0.00638	-0.04199
0.28852	0.19512	-0.00819	-0.04569
0.28852	0.21951	-0.01040	-0.04990
0.28852	0.24390	-0.01308	-0.05462
0.28852	0.26829	-0.01634	-0.05989
0.28852	0.29268	-0.02027	-0.06572
0.28852	0.31707	-0.02500	-0.07215
0.28852	0.34146	-0.03067	-0.07919
0.28852	0.36585	-0.03731	-0.08702
0.28852	0.39024	-0.04400	-0.09680
0.28852	0.41463	-0.04413	-0.11657
0.28852	0.43902	0.00000	0.00000
0.28852	0.46341	0.00000	0.00000
0.28852	0.48780	0.00000	0.00000
0.28852	0.51220	0.00000	0.00000
0.28852	0.53659	0.00000	0.00000
0.28852	0.56098	0.00000	0.00000
0.28852	0.58537	0.00000	0.00000
0.28852	0.60976	0.00000	0.00000
0.28852	0.63415	0.00000	0.00000
0.28852	0.65854	0.00000	0.00000
0.28852	0.68293	0.00000	0.00000
0.28852	0.70732	0.00000	0.00000
0.28852	0.73171	0.00000	0.00000
0.28852	0.75610	0.00000	0.11267
0.28852	0.78049	-0.11267	0.13031
0.28852	0.80488	-0.06396	0.12464
0.28852	0.82927	-0.04425	0.11679
0.28852	0.85366	-0.03292	0.11027
0.28852	0.87805	-0.02460	0.10535
0.28852	0.90244	-0.01764	0.10186
0.28852	0.92683	-0.01142	0.09961
0.28852	0.95122	-0.00561	0.09850
0.31475	0.00000	0.00000	-0.02991
0.31475	0.02439	-0.00001	-0.03040
0.31475	0.04878	-0.00006	-0.03137
0.31475	0.07317	-0.00019	-0.03283
0.31475	0.09756	-0.00043	-0.03479
0.31475	0.12195	-0.00083	-0.03727
0.31475	0.14634	-0.00143	-0.04026
0.31475	0.17073	-0.00228	-0.04380
0.31475	0.19512	-0.00345	-0.04790
0.31475	0.21951	-0.00498	-0.05258
0.31475	0.24390	-0.00696	-0.05788
0.31475	0.26829	-0.00947	-0.06382
0.31475	0.29268	-0.01260	-0.07046
0.31475	0.31707	-0.01649	-0.07782
0.31475	0.34146	-0.02140	-0.08583
0.31475	0.36585	-0.02820	-0.09370
0.31475	0.39024	-0.04027	-0.09693
0.31475	0.41463	-0.07244	-0.07244
0.31475	0.43902	0.00000	0.00000
0.31475	0.46341	0.00000	0.00000
0.31475	0.48780	0.00000	0.00000
0.31475	0.51220	0.00000	0.00000
0.31475	0.53659	0.00000	0.00000
0.31475	0.56098	0.00000	0.00000
0.31475	0.58537	0.00000	0.00000
0.31475	0.60976	0.00000	0.00000
0.31475	0.63415	0.00000	0.00000
0.31475	0.65854	0.00000	0.00000
0.31475	0.68293	0.00000	0.00000
0.31475	0.70732	0.00000	0.00000
0.31475	0.73171	0.00000	0.00000
0.31475	0.75610	0.00000	0.00000
0.31475	0.78049	0.00000	0.17902
0.31475	0.80488	-0.02387	0.14435
0.31475	0.82927	-0.02546	0.12811
0.31475	0.85366	-0.02192	0.11859
0.31475	0.87805	-0.01734	0.11231
0.31475	0.90244	-0.01274	0.10808
0.31475	0.92683	-0.00834	0.10541
0.31475	0.95122	-0.00412	0.10412
0.34098	0.00000	0.00000	-0.02993
0.34098	0.02439	0.00059	-0.03045
0.34098	0.04878	0.00115	-0.03149
0.34098	0.07317	0.00163	-0.03307
0.34098	0.09756	0.00202	-0.03519
0.34098	0.12195	0.00226	-0.03787
0.34098	0.14634	0.00233	-0.04112
0.34098	0.17073	0.00216	-0.04496
0.34098	0.19512	0.00172	-0.04943
0.34098	0.21951	0.00095	-0.05456
0.34098	0.24390	-0.00023	-0.06038
0.34098	0.26829	-0.00187	-0.06695
0.34098	0.29268	-0.00404	-0.07435
0.34098	0.31707	-0.00678	-0.08274
0.34098	0.34146	-0.00997	-0.09262
0.34098	0.36585	-0.01299	-0.10577
0.34098	0.39024	-0.01329	-0.12910
0.34098	0.41463	0.00000	0.00000
0.34098	0.43902	0.00000	0.00000
0.34098	0.46341	0.00000	0.00000
0.34098	0.48780	0.00000	0.00000
0.34098	0.51220	0.00000	0.00000
0.34098	0.53659	0.00000	0.00000
0.34098	0.56098	0.00000	0.00000
0.34098	0.58537	0.00000	0.00000
0.34098	0.60976	0.00000	0.00000
0.34098	0.63415	0.00000	0.00000
0.34098	0.65854	0.00000	0.00000
0.34098	0.68293	0.00000	0.00000
0.34098	0.70732	0.00000	0.00000
0.34098	0.73171	0.00000	0.00000
0.34098	0.75610	0.00000	0.00000
0.34098	0.78049	0.00000	0.15514
0.34098	0.80488	-0.00956	0.14276
0.34098	0.82927	-0.01263	0.13166
0.34098	0.85366	-0.01210	0.12317
0.34098	0.87805	-0.01009	0.11691
0.34098	0.90244	-0.00761	0.11248
0.34098	0.92683	-0.00504	0.10963
0.34098	0.95122	-0.00251	0.10824
0.36721	0.00000	0.00000	-0.02934
0.36721	0.02439	0.00123	-0.02989
0.36721	0.04878	0.00243	-0.03101
0.36721	0.07317	0.00358	-0.03269
0.36721	0.09756	0.00463	-0.03495
0.36721	0.12195	0.00557	-0.03781
0.36721	0.14634	0.00635	-0.04128
0.36721	0.17073	0.00693	-0.04541
0.36721	0.19512	0.00728	-0.05021
0.36721	0.21951	0.00734	-0.05574
0.36721	0.24390	0.00705	-0.06203
0.36721	0.26829	0.00634	-0.06913
0.36721	0.29268	0.00516	-0.07708
0.36721	0.31707	0.00344	-0.08592
0.36721	0.34146	0.00128	-0.09565
0.36721	0.36585	-0.00094	-0.10607
0.36721	0.39024	-0.00203	-0.11581
0.36721	0.41463	0.00000	0.00000
0.36721	0.43902	0.00000	0.00000
0.36721	0.46341	0.00000	0.00000
0.36721	0.48780	0.00000	0.00000
0.36721	0.51220	0.00000	0.00000
0.36721	0.53659	0.00000	0.00000
0.36721	0.56098	0.00000	0.00000
0.36721	0.58537	0.00000	0.00000
0.36721	0.60976	0.00000	0.00000
0.36721	0.63415	0.00000	0.00000
0.36721	0.65854	0.00000	0.00000
0.36721	0.68293	0.00000	0.00000
0.36721	0.70732	0.00000	0.00000
0.36721	0.73171	0.00000	0.00000
0.36721	0.75610	0.00000	0.00000
0.36721	0.78049	0.00000	0.14558
0.36721	0.80488	-0.00275	0.13969
0.36721	0.82927	-0.00396	0.13220
0.36721	0.85366	-0.00398	0.12518
0.36721	0.87805	-0.00340	0.11939
0.36721	0.90244	-0.00259	0.11505
0.36721	0.92683	-0.00172	0.11217
0.36721	0.95122	-0.00085	0.11074
0.39344	0.00000	0.00000	-0.02811
0.39344	0.02439	0.00191	-0.02869
0.39344	0.04878	0.00379	-0.02986
0.39344	0.07317	0.00563	-0.03163
0.39344	0.09756	0.00739	-0.03401
0.39344	0.12195	0.00905	-0.03703
0.39344	0.14634	0.01059	-0.04070
0.39344	0.17073	0.01198	-0.04506
0.39344	0.19512	0.01317	-0.05015
0.39344	0.21951	0.01413	-0.05603
0.39344	0.24390	0.01480	-0.06273
0.39344	0.26829	0.01511	-0.07031
0.39344	0.29268	0.01496	-0.07879
0.39344	0.31707	0.01420	-0.08809
0.39344	0.34146	0.01259	-0.09787
0.39344	0.36585	0.00983	-0.10717
0.39344	0.39024	0.00560	-0.11378
0.39344	0.41463	0.00000	0.00000
0.39344	0.43902	0.00000	0.00000
0.39344	0.46341	0.00000	0.00000
0.39344	0.48780	0.00000	0.00000
0.39344	0.51220	0.00000	0.00000
0.39344	0.53659	0.00000	0.00000
0.39344	0.56098	0.00000	0.00000
0.39344	0.58537	0.00000	0.00000
0.39344	0.60976	0.00000	0.00000
0.39344	0.63415	0.00000	0.00000
0.39344	0.65854	0.00000	0.00000
0.39344	0.68293	0.00000	0.00000
0.39344	0.70732	0.00000	0.00000
0.39344	0.73171	0.00000	0.00000
0.39344	0.75610	0.00000	0.00000
0.39344	0.78049	0.00000	0.14284
0.39344	0.80488	0.00229	0.13848
0.39344	0.82927	0.00334	0.13217
0.39344	0.85366	0.00344	0.12576
0.39344	0.87805	0.00302	0.12020
0.39344	0.90244	0.00237	0.11592
0.39344	0.92683	0.00161	0.11304
0.39344	0.95122	0.00081	0.11159
0.41967	0.00000	0.00000	-0.02620
0.41967	0.02439	0.00261	-0.02681
0.41967	0.04878	0.00520	-0.02803
0.41967	0.07317	0.00776	-0.02987
0.41967	0.09756	0.01026	-0.03235
0.41967	0.12195	0.01268	-0.03549
0.41967	0.14634	0.01502	-0.03931
0.41967	0.17073	0.01724	-0.04387
0.41967	0.19512	0.01933	-0.04919
0.41967	0.21951	0.02125	-0.05535
0.41967	0.24390	0.02297	-0.06242
0.41967	0.26829	0.02442	-0.07046
0.41967	0.29268	0.02548	-0.07956
0.41967	0.31707	0.02592	-0.08970
0.41967	0.34146	0.02523	-0.10063
0.41967	0.36585	0.02228	-0.11139
0.41967	0.39024	0.01484	-0.11938
0.41967	0.41463	0.00000	0.00000
0.41967	0.43902	0.00000	0.00000
0.41967	0.46341	0.00000	0.00000
0.41967	0.48780	0.00000	0.00000
0.41967	0.51220	0.00000	0.00000
0.41967	0.53659	0.00000	0.00000
0.41967	0.56098	0.00000	0.00000
0.41967	0.58537	0.00000	0.00000
0.41967	0.60976	0.00000	0.00000
0.41967	0.63415	0.00000	0.00000
0.41967	0.65854	0.00000	0.00000
0.41967	0.68293	0.00000	0.00000
0.41967	0.70732	0.00000	0.00000
0.41967	0.73171	0.00000	0.00000
0.41967	0.75610	0.00000	0.00000
0.41967	0.78049	0.00000	0.14513
0.41967	0.80488	0.00876	0.13953
0.41967	0.82927	0.01174	0.13227
0.41967	0.85366	0.01145	0.12534
0.41967	0.87805	0.00972	0.11955
0.41967	0.90244	0.00745	0.11516
0.41967	0.92683	0.00499	0.11224
0.41967	0.95122	0.00250	0.11078
0.44590	0.00000	0.00000	-0.02359
0.44590	0.02439	0.00333	-0.02422
0.44590	0.04878	0.00665	-0.02547
0.44590	0.07317	0.00995	-0.02737
0.44590	0.09756	0.01321	-0.02992
0.44590	0.12195	0.01642	-0.03315
0.44590	0.14634	0.01958	-0.03709
0.44590	0.17073	0.02267	-0.04178
0.44590	0.19512	0.02568	-0.04727
0.44590	0.21951	0.02861	-0.05364
0.44590	0.24390	0.03145	-0.06097
0.44590	0.26829	0.03417	-0.06940
0.44590	0.29268	0.03672	-0.07912
0.44590	0.31707	0.03896	-0.09039
0.44590	0.34146	0.04047	-0.10357
0.44590	0.36585	0.03993	-0.11884
0.44590	0.39024	0.03263	-0.13422
0.44590	0.41463	0.00000	0.00000
0.44590	0.43902	0.00000	0.00000
0.44590	0.46341	0.00000	0.00000
0.44590	0.48780	0.00000	0.00000
0.44590	0.51220	0.00000	0.00000
0.44590	0.53659	0.00000	0.00000
0.44590	0.56098	0.00000	0.00000
0.44590	0.58537	0.00000	0.00000
0.44590	0.60976	0.00000	0.00000
0.44590	0.63415	0.00000	0.00000
0.44590	0.65854	0.00000	0.00000
0.44590	0.68293	0.00000	0.00000
0.44590	0.70732	0.00000	0.00000
0.44590	0.73171	0.00000	0.00000
0.44590	0.75610	0.00000	0.00000
0.44590	0.78049	0.00000	0.15388
0.44590	0.80488	0.02190	0.14252
0.44590	0.82927	0.02394	0.13197
0.44590	0.85366	0.02112	0.12362
0.44590	0.87805	0.01705	0.11728
0.44590	0.90244	0.01273	0.11271
0.44590	0.92683	0.00842	0.10974
0.44590	0.95122	0.00419	0.10828
0.47213	0.00000	0.00000	-0.02026
0.47213	0.02439	0.00407	-0.02090
0.47213	0.04878	0.00813	-0.02218
0.47213	0.07317	0.01218	-0.02411
0.47213	0.09756	0.01621	-0.02671
0.47213	0.12195	0.02022	-0.03000
0.47213	0.14634	0.02421	-0.03400
0.47213	0.17073	0.02818	-0.03877
0.47213	0.19512	0.03213	-0.04434
0.47213	0.21951	0.03608	-0.05080
0.47213	0.24390	0.04006	-0.05825
0.47213	0.26829	0.04412	-0.06685
0.47213	0.29268	0.04832	-0.07688
0.47213	0.31707	0.05283	-0.08888
0.47213	0.34146	0.05809	-0.10411
0.47213	0.36585	0.06542	-0.12614
0.47213	0.39024	0.07969	-0.16684
0.47213	0.41463	0.12042	0.00000
0.47213	0.43902	0.00000	0.00000
0.47213	0.46341	0.00000	0.00000
0.47213	0.48780	0.00000	0.00000
0.47213	0.51220	0.00000	0.00000
0.47213	0.53659	0.00000	0.00000
0.47213	0.56098	0.00000	0.00000
0.47213	0.58537	0.00000	0.00000
0.47213	0.60976	0.00000	0.00000
0.47213	0.63415	0.00000	0.00000
0.47213	0.65854	0.00000	0.00000
0.47213	0.68293	0.00000	0.00000
0.47213	0.70732	0.00000	0.00000
0.47213	0.73171	0.00000	0.00000
0.47213	0.75610	0.00000	0.00000
0.47213	0.78049	0.10112	0.17578
0.47213	0.80488	0.05800	0.14457
0.47213	0.82927	0.04177	0.12915
0.47213	0.85366	0.03222	0.11955
0.47213	0.87805	0.02468	0.11295
0.47213	0.90244	0.01800	0.10840
0.47213	0.92683	0.01177	0.10551
0.47213	0.95122	0.00582	0.10409
0.49836	0.00000	0.00000	-0.01619
0.49836	0.02439	0.00482	-0.01683
0.49836	0.04878	0.00963	-0.01813
0.49836	0.07317	0.01444	-0.02008
0.49836	0.09756	0.01925	-0.02270
0.49836	0.12195	0.02405	-0.02601
0.49836	0.14634	0.02887	-0.03004
0.49836	0.17073	0.03370	-0.03481
0.49836	0.19512	0.03857	-0.04039
0.49836	0.21951	0.04352	-0.04682
0.49836	0.24390	0.04860	-0.05420
0.49836	0.26829	0.05389	-0.06265
0.49836	0.29268	0.05955	-0.07237
0.49836	0.31707	0.06585	-0.08362
0.49836	0.34146	0.07330	-0.09678
0.49836	0.36585	0.08287	-0.11187
0.49836	0.39024	0.09618	-0.12612
0.49836	0.41463	0.11383	-0.12042
0.49836	0.43902	0.12056	0.00000
0.49836	0.46341	0.00000	0.00000
0.49836	0.48780	0.00000	0.00000
0.49836	0.51220	0.00000	0.00000
0.49836	0.53659	0.00000	0.00000
0.49836	0.56098	0.00000	0.00000
0.49836	0.58537	0.00000	0.00000
0.49836	0.60976	0.00000	0.00000
0.49836	0.63415	0.00000	0.00000
0.49836	0.65854	0.00000	0.00000
0.49836	0.68293	0.00000	0.00000
0.49836	0.70732	0.00000	0.00000
0.49836	0.73171	0.00000	0.00000
0.49836	0.75610	0.00000	0.10112
0.49836	0.78049	0.06465	0.13265
0.49836	0.80488	0.06298	0.12834
0.49836	0.82927	0.05188	0.11960
0.49836	0.85366	0.04098	0.11202
0.49836	0.87805	0.03134	0.10627
0.49836	0.90244	0.02273	0.10218
0.49836	0.92683	0.01480	0.09955
0.49836	0.95122	0.00730	0.09827
0.52459	0.00000	0.00000	-0.01137
0.52459	0.02439	0.00556	-0.01202
0.52459	0.04878	0.01113	-0.01332
0.52459	0.07317	0.01670	-0.01527
0.52459	0.09756	0.02228	-0.01789
0.52459	0.12195	0.02788	-0.02120
0.52459	0.14634	0.03350	-0.02520
0.52459	0.17073	0.03918	-0.02994
0.52459	0.19512	0.04493	-0.03544
0.52459	0.21951	0.05081	-0.04174
0.52459	0.24390	0.05688	-0.04891
0.52459	0.26829	0.06324	-0.05699
0.52459	0.29268	0.07005	-0.06607
0.52459	0.31707	0.07754	-0.07617
0.52459	0.34146	0.08605	-0.08720
0.52459	0.36585	0.09601	-0.09856
0.52459	0.39024	0.10763	-0.10846
0.52459	0.41463	0.11987	-0.11368
0.52459	0.43902	0.12852	-0.12056
0.52459	0.46341	0.13293	0.00000
0.52459	0.48780	0.00000	0.00000
0.52459	0.51220	0.00000	0.00000
0.52459	0.53659	0.00000	0.00000
0.52459	0.56098	0.00000	0.00000
0.52459	0.58537	0.00000	0.00000
0.52459	0.60976	0.00000	0.00000
0.52459	0.63415	0.00000	0.00000
0.52459	0.65854	0.00000	0.00000
0.52459	0.68293	0.00000	0.00000
0.52459	0.70732	0.00000	0.00000
0.52459	0.73171	0.09418	0.00000
0.52459	0.75610	0.16565	0.16577
0.52459	0.78049	0.10489	0.13098
0.52459	0.80488	0.07888	0.11724
0.52459	0.82927	0.06178	0.10869
0.52459	0.85366	0.04827	0.10238
0.52459	0.87805	0.03681	0.09765
0.52459	0.90244	0.02666	0.09425
0.52459	0.92683	0.01735	0.09205
0.52459	0.95122	0.00855	0.09097
0.55082	0.00000	0.00000	-0.00581
0.55082	0.02439	0.00631	-0.00645
0.55082	0.04878	0.01262	-0.00775
0.55082	0.07317	0.01895	-0.00969
0.55082	0.09756	0.02529	-0.01229
0.55082	0.12195	0.03166	-0.01557
0.55082	0.14634	0.03808	-0.01953
0.55082	0.17073	0.04457	-0.02418
0.55082	0.19512	0.05115	-0.02956
0.55082	0.21951	0.05788	-0.03567
0.55082	0.24390	0.06483	-0.04255
0.55082	0.26829	0.07208	-0.05018
0.55082	0.29268	0.07976	-0.05858
0.55082	0.31707	0.08804	-0.06766
0.55082	0.34146	0.09713	-0.07724
0.55082	0.36585	0.10723	-0.08695
0.55082	0.39024	0.11835	-0.09622
0.55082	0.41463	0.13005	-0.10503
0.55082	0.43902	0.14140	-0.11616
0.55082	0.46341	0.15232	-0.13293
0.55082	0.48780	0.16165	0.00000
0.55082	0.51220	0.00000	0.00000
0.55082	0.53659	0.00000	0.00000
0.55082	0.56098	0.00000	0.00000
0.55082	0.58537	0.00000	0.00000
0.55082	0.60976	0.00000	0.00000
0.55082	0.63415	0.00000	0.00000
0.55082	0.65854	0.00000	0.00000
0.55082	0.68293	0.00000	0.00000
0.55082	0.70732	0.12397	0.09418
0.55082	0.73171	0.12046	0.07146
0.55082	0.75610	0.12685	0.10501
0.55082	0.78049	0.10493	0.10497
0.55082	0.80488	0.08446	0.10014
0.55082	0.82927	0.06751	0.09519
0.55082	0.85366	0.05321	0.09092
0.55082	0.87805	0.04077	0.08750
0.55082	0.90244	0.02961	0.08494
0.55082	0.92683	0.01930	0.08326
0.55082	0.95122	0.00952	0.08242
0.57705	0.00000	0.00000	0.00050
0.57705	0.02439	0.00705	-0.00014
0.57705	0.04878	0.01411	-0.00142
0.57705	0.07317	0.02118	-0.00335
0.57705	0.09756	0.02827	-0.00592
0.57705	0.12195	0.03540	-0.00915
0.57705	0.14634	0.04258	-0.01304
0.57705	0.17073	0.04984	-0.01760
0.57705	0.19512	0.05720	-0.02283
0.57705	0.21951	0.06471	-0.02873
0.57705	0.24390	0.07243	-0.03530
0.57705	0.26829	0.08041	-0.04251
0.57705	0.29268	0.08877	-0.05030
0.57705	0.31707	0.09760	-0.05856
0.57705	0.34146	0.10706	-0.06714
0.57705	0.36585	0.11728	-0.07583
0.57705	0.39024	0.12841	-0.08452
0.57705	0.41463	0.14065	-0.09369
0.57705	0.43902	0.15476	-0.10524
0.57705	0.46341	0.17354	-0.12359
0.57705	0.48780	0.20567	-0.16165
0.57705	0.51220	0.28019	0.00000
0.57705	0.53659	0.24101	0.00000
0.57705	0.56098	0.22026	0.00000
0.57705	0.58537	0.20815	0.00000
0.57705	0.60976	0.20148	0.00000
0.57705	0.63415	0.20001	0.00000
0.57705	0.65854	0.20610	0.00000
0.57705	0.68293	0.22733	0.12397
0.57705	0.70732	0.16248	0.09067
0.57705	0.73171	0.13530	0.07785
0.57705	0.75610	0.12077	0.08310
0.57705	0.78049	0.10331	0.08450
0.57705	0.80488	0.08598	0.08319
0.57705	0.82927	0.07016	0.08089
0.57705	0.85366	0.05601	0.07848
0.57705	0.87805	0.04325	0.07633
0.57705	0.90244	0.03156	0.07464
0.57705	0.92683	0.02064	0.07348
0.57705	0.95122	0.01020	0.07289
0.60328	0.00000	0.00000	0.00755
0.60328	0.02439	0.00778	0.00692
0.60328	0.04878	0.01557	0.00565
0.60328	0.07317	0.02338	0.00375
0.60328	0.09756	0.03121	0.00121
0.60328	0.12195	0.03907	-0.00197
0.60328	0.14634	0.04699	-0.00578
0.60328	0.17073	0.05498	-0.01023
0.60328	0.19512	0.06308	-0.01531
0.60328	0.21951	0.07130	-0.02101
0.60328	0.24390	0.07971	-0.02731
0.60328	0.26829	0.08833	-0.03415
0.60328	0.29268	0.09722	-0.04146
0.60328	0.31707	0.10645	-0.04911
0.60328	0.34146	0.11609	-0.05692
0.60328	0.36585	0.12627	-0.06470
0.60328	0.39024	0.13717	-0.07228
0.60328	0.41463	0.14909	-0.07958
0.60328	0.43902	0.16270	-0.08645
0.60328	0.46341	0.17933	-0.09146
0.60328	0.48780	0.20067	-0.08713
0.60328	0.51220	0.22473	-0.03918
0.60328	0.53659	0.21970	-0.02075
0.60328	0.56098	0.21028	-0.01211
0.60328	0.58537	0.20185	-0.00667
0.60328	0.60976	0.19548	-0.00147
0.60328	0.63415	0.19127	0.00609
0.60328	0.65854	0.18859	0.02123
0.60328	0.68293	0.18351	0.05912
0.60328	0.70732	0.15743	0.06349
0.60328	0.73171	0.13549	0.06332
0.60328	0.75610	0.11808	0.06564
0.60328	0.78049	0.10156	0.06716
0.60328	0.80488	0.08573	0.06738
0.60328	0.82927	0.07090	0.06674
0.60328	0.85366	0.05719	0.06572
0.60328	0.87805	0.04450	0.06464
0.60328	0.90244	0.03264	0.06371
0.60328	0.92683	0.02142	0.06304
0.60328	0.95122	0.01061	0.06269
0.62951	0.00000	0.00000	0.01533
0.62951	0.02439	0.00851	0.01471
0.62951	0.04878	0.01702	0.01345
0.62951	0.07317	0.02555	0.01158
0.62951	0.09756	0.03410	0.00907
0.62951	0.12195	0.04268	0.00595
0.62951	0.14634	0.05132	0.00221
0.62951	0.17073	0.06001	-0.00214
0.62951	0.19512	0.06880	-0.00709
0.62951	0.21951	0.07769	-0.01261
0.62951	0.24390	0.08673	-0.01869
0.62951	0.26829	0.09593	-0.02526
0.62951	0.29268	0.10529	-0.03223
0.62951	0.31707	0.11481	-0.03947
0.62951	0.34146	0.12450	-0.04674
0.62951	0.36585	0.13444	-0.05380
0.62951	0.39024	0.14475	-0.06036
0.62951	0.41463	0.15558	-0.06597
0.62951	0.43902	0.16717	-0.06983
0.62951	0.46341	0.17966	-0.07011
0.62951	0.48780	0.19253	-0.06308
0.62951	0.51220	0.20290	-0.04420
0.62951	0.53659	0.20347	-0.03017
0.62951	0.56098	0.19914	-0.02054
0.62951	0.58537	0.19317	-0.01304
0.62951	0.60976	0.18696	-0.00568
0.62951	0.63415	0.18077	0.00340
0.62951	0.65854	0.17385	0.01615
0.62951	0.68293	0.16396	0.03304
0.62951	0.70732	0.14758	0.04156
0.62951	0.73171	0.13046	0.04591
0.62951	0.75610	0.11437	0.04912
0.62951	0.78049	0.09901	0.05133
0.62951	0.80488	0.08431	0.05255
0.62951	0.82927	0.07035	0.05303
0.62951	0.85366	0.05719	0.05303
0.62951	0.87805	0.04477	0.05279
0.62951	0.90244	0.03299	0.05249
0.62951	0.92683	0.02171	0.05223
0.62951	0.95122	0.01077	0.05209
0.65574	0.00000	0.00000	0.02384
0.65574	0.02439	0.00922	0.02322
0.65574	0.04878	0.01845	0.02198
0.65574	0.07317	0.02769	0.02013
0.65574	0.09756	0.03696	0.01766
0.65574	0.12195	0.04624	0.01458
0.65574	0.14634	0.05557	0.01090
0.65574	0.17073	0.06494	0.00664
0.65574	0.19512	0.07438	0.00181
0.65574	0.21951	0.08392	-0.00357
0.65574	0.24390	0.09357	-0.00949
0.65574	0.26829	0.10334	-0.01590
0.65574	0.29268	0.11317	-0.02271
0.65574	0.31707	0.12297	-0.02977
0.65574	0.34146	0.13264	-0.03680
0.65574	0.36585	0.14219	-0.04350
0.65574	0.39024	0.15171	-0.04952
0.65574	0.41463	0.16121	-0.05438
0.65574	0.43902	0.17059	-0.05734
0.65574	0.46341	0.17954	-0.05724
0.65574	0.48780	0.18730	-0.05271
0.65574	0.51220	0.19240	-0.04363
0.65574	0.53659	0.19291	-0.03450
0.65574	0.56098	0.18990	-0.02651
0.65574	0.58537	0.18477	-0.01925
0.65574	0.60976	0.17842	-0.01186
0.65574	0.63415	0.17112	-0.00352
0.65574	0.65854	0.16255	0.00625
0.65574	0.68293	0.15192	0.01667
0.65574	0.70732	0.13861	0.02443
0.65574	0.73171	0.12422	0.02982
0.65574	0.75610	0.10981	0.03376
0.65574	0.78049	0.09570	0.03663
0.65574	0.80488	0.08203	0.03860
0.65574	0.82927	0.06889	0.03986
0.65574	0.85366	0.05632	0.04061
0.65574	0.87805	0.04430	0.04102
0.65574	0.90244	0.03277	0.04121
0.65574	0.92683	0.02162	0.04129
0.65574	0.95122	0.01074	0.04131
0.68197	0.00000	0.00000	0.03306
0.68197	0.02439	0.00993	0.03245
0.68197	0.04878	0.01987	0.03122
0.68197	0.07317	0.02982	0.02939
0.68197	0.09756	0.03978	0.02694
0.68197	0.12195	0.04976	0.02390
0.68197	0.14634	0.05976	0.02028
0.68197	0.17073	0.06979	0.01609
0.68197	0.19512	0.07986	0.01135
0.68197	0.21951	0.09002	0.00608
0.68197	0.24390	0.10029	0.00027
0.68197	0.26829	0.11067	-0.00607
0.68197	0.29268	0.12108	-0.01292
0.68197	0.31707	0.13128	-0.02010
0.68197	0.34146	0.14090	-0.02724
0.68197	0.36585	0.14999	-0.03399
0.68197	0.39024	0.15869	-0.04002
0.68197	0.41463	0.16696	-0.04500
0.68197	0.43902	0.17452	-0.04839
0.68197	0.46341	0.18079	-0.04948
0.68197	0.48780	0.18515	-0.04762
0.68197	0.51220	0.18719	-0.04312
0.68197	0.53659	0.18644	-0.03752
0.68197	0.56098	0.18311	-0.03164
0.68197	0.58537	0.17778	-0.02560
0.68197	0.60976	0.17097	-0.01916
0.68197	0.63415	0.16293	-0.01208
0.68197	0.65854	0.15365	-0.00438
0.68197	0.68293	0.14296	0.00336
0.68197	0.70732	0.13089	0.01004
0.68197	0.73171	0.11801	0.01541
0.68197	0.75610	0.10490	0.01965
0.68197	0.78049	0.09188	0.02296
0.68197	0.80488	0.07914	0.02546
0.68197	0.82927	0.06677	0.02729
0.68197	0.85366	0.05481	0.02859
0.68197	0.87805	0.04327	0.02948
0.68197	0.90244	0.03210	0.03006
0.68197	0.92683	0.02122	0.03041
0.68197	0.95122	0.01056	0.03057
0.70820	0.00000	0.00000	0.04300
0.70820	0.02439	0.01064	0.04239
0.70820	0.04878	0.02128	0.04117
0.70820	0.07317	0.03193	0.03935
0.70820	0.09756	0.04259	0.03692
0.70820	0.12195	0.05325	0.03390
0.70820	0.14634	0.06392	0.03031
0.70820	0.17073	0.07458	0.02616
0.70820	0.19512	0.08526	0.02150
0.70820	0.21951	0.09598	0.01634
0.70820	0.24390	0.10686	0.01066
0.70820	0.26829	0.11799	0.00434
0.70820	0.29268	0.12925	-0.00272
0.70820	0.31707	0.14024	-0.01048
0.70820	0.34146	0.14977	-0.01815
0.70820	0.36585	0.15825	-0.02529
0.70820	0.39024	0.16616	-0.03174
0.70820	0.41463	0.17356	-0.03744
0.70820	0.43902	0.17993	-0.04212
0.70820	0.46341	0.18426	-0.04512
0.70820	0.48780	0.18568	-0.04558
0.70820	0.51220	0.18522	-0.04387
0.70820	0.53659	0.18294	-0.04085
0.70820	0.56098	0.17862	-0.03697
0.70820	0.58537	0.17252	-0.03241
0.70820	0.60976	0.16495	-0.02721
0.70820	0.63415	0.15617	-0.02136
0.70820	0.65854	0.14636	-0.01507
0.70820	0.68293	0.13562	-0.00872
0.70820	0.70732	0.12409	-0.00284
0.70820	0.73171	0.11207	0.00230
0.70820	0.75610	0.09988	0.00664
0.70820	0.78049	0.08775	0.01021
0.70820	0.80488	0.07582	0.01308
0.70820	0.82927	0.06416	0.01534
0.70820	0.85366	0.05283	0.01705
0.70820	0.87805	0.04181	0.01831
0.70820	0.90244	0.03108	0.01919
0.70820	0.92683	0.02058	0.01975
0.70820	0.95122	0.01025	0.02001
0.73443	0.00000	0.00000	0.05363
0.73443	0.02439	0.01133	0.05303
0.73443	0.04878	0.02267	0.05182
0.73443	0.07317	0.03402	0.05001
0.73443	0.09756	0.04539	0.04759
0.73443	0.12195	0.05674	0.04457
0.73443	0.14634	0.06808	0.04097
0.73443	0.17073	0.07936	0.03684
0.73443	0.19512	0.09058	0.03223
0.73443	0.21951	0.10178	0.02722
0.73443	0.24390	0.11314	0.02179
0.73443	0.26829	0.12513	0.01561
0.73443	0.29268	0.13775	0.00826
0.73443	0.31707	0.15089	-0.00094
0.73443	0.34146	0.15988	-0.00968
0.73443	0.36585	0.16715	-0.01738
0.73443	0.39024	0.17421	-0.02434
0.73443	0.41463	0.18134	-0.03107
0.73443	0.43902	0.18769	-0.03779
0.73443	0.46341	0.19109	-0.04370
0.73443	0.48780	0.18839	-0.04604
0.73443	0.51220	0.18534	-0.04614
0.73443	0.53659	0.18181	-0.04517
0.73443	0.56098	0.17619	-0.04306
0.73443	0.58537	0.16896	-0.03998
0.73443	0.60976	0.16032	-0.03598
0.73443	0.63415	0.15062	-0.03118
0.73443	0.65854	0.14016	-0.02581
0.73443	0.68293	0.12918	-0.02025
0.73443	0.70732	0.11784	-0.01485
0.73443	0.73171	0.10633	-0.00989
0.73443	0.75610	0.09480	-0.00550
0.73443	0.78049	0.08339	-0.00172
0.73443	0.80488	0.07217	0.00143
0.73443	0.82927	0.06119	0.00400
0.73443	0.85366	0.05048	0.00603
0.73443	0.87805	0.04002	0.00758
0.73443	0.90244	0.02979	0.00869
0.73443	0.92683	0.01975	0.00941
0.73443	0.95122	0.00984	0.00976
0.76066	0.00000	0.00000	0.06496
0.76066	0.02439	0.01202	0.06437
0.76066	0.04878	0.02405	0.06318
0.76066	0.07317	0.03611	0.06137
0.76066	0.09756	0.04819	0.05895
0.76066	0.12195	0.06027	0.05590
0.76066	0.14634	0.07229	0.05226
0.76066	0.17073	0.08421	0.04806
0.76066	0.19512	0.09595	0.04343
0.76066	0.21951	0.10738	0.03858
0.76066	0.24390	0.11869	0.03378
0.76066	0.26829	0.13155	0.02823
0.76066	0.29268	0.14565	0.02140
0.76066	0.31707	0.16634	0.00804
0.76066	0.34146	0.17196	-0.00241
0.76066	0.36585	0.17629	-0.01031
0.76066	0.39024	0.18221	-0.01722
0.76066	0.41463	0.19001	-0.02472
0.76066	0.43902	0.19888	-0.03439
0.76066	0.46341	0.20499	-0.04641
0.76066	0.48780	0.19149	-0.04909
0.76066	0.51220	0.18600	-0.04967
0.76066	0.53659	0.18311	-0.05079
0.76066	0.56098	0.17562	-0.05030
0.76066	0.58537	0.16702	-0.04862
0.76066	0.60976	0.15693	-0.04569
0.76066	0.63415	0.14593	-0.04163
0.76066	0.65854	0.13457	-0.03680
0.76066	0.68293	0.12315	-0.03158
0.76066	0.70732	0.11181	-0.02636
0.76066	0.73171	0.10061	-0.02141
0.76066	0.75610	0.08960	-0.01691
0.76066	0.78049	0.07880	-0.01295
0.76066	0.80488	0.06824	-0.00955
0.76066	0.82927	0.05791	-0.00671
0.76066	0.85366	0.04783	-0.00442
0.76066	0.87805	0.03796	-0.00265
0.76066	0.90244	0.02829	-0.00135
0.76066	0.92683	0.01877	-0.00050
0.76066	0.95122	0.00936	-0.00008
0.78689	0.00000	0.00000	0.07698
0.78689	0.02439	0.01268	0.07640
0.78689	0.04878	0.02540	0.07524
0.78689	0.07317	0.03818	0.07345
0.78689	0.09756	0.05101	0.07102
0.78689	0.12195	0.06385	0.06792
0.78689	0.14634	0.07662	0.06418
0.78689	0.17073	0.08927	0.05980
0.78689	0.19512	0.10166	0.05486
0.78689	0.21951	0.11313	0.04989
0.78689	0.24390	0.12243	0.04665
0.78689	0.26829	0.13656	0.04232
0.78689	0.29268	0.14592	0.04209
0.78689	0.31707	0.19921	0.01367
0.78689	0.34146	0.18554	0.00193
0.78689	0.36585	0.18361	-0.00440
0.78689	0.39024	0.18801	-0.00942
0.78689	0.41463	0.19743	-0.01584
0.78689	0.43902	0.21327	-0.02828
0.78689	0.46341	0.24156	-0.05990
0.78689	0.48780	0.18534	-0.05458
0.78689	0.51220	0.18366	-0.05256
0.78689	0.53659	0.18973	-0.05828
0.78689	0.56098	0.17632	-0.05889
0.78689	0.58537	0.16682	-0.05872
0.78689	0.60976	0.15457	-0.05668
0.78689	0.63415	0.14165	-0.05299
0.78689	0.65854	0.12905	-0.04821
0.78689	0.68293	0.11703	-0.04292
0.78689	0.70732	0.10561	-0.03756
0.78689	0.73171	0.09467	-0.03243
0.78689	0.75610	0.08414	-0.02771
0.78689	0.78049	0.07394	-0.02351
0.78689	0.80488	0.06403	-0.01987
0.78689	0.82927	0.05436	-0.01680
0.78689	0.85366	0.04493	-0.01429
0.78689	0.87805	0.03569	-0.01232
0.78689	0.90244	0.02661	-0.01087
0.78689	0.92683	0.01767	-0.00991
0.78689	0.95122	0.00881	-0.00944
0.81311	0.00000	0.00000	0.08965
0.81311	0.02439	0.01330	0.08912
0.81311	0.04878	0.02667	0.08802
0.81311	0.07317	0.04018	0.08629
0.81311	0.09756	0.05382	0.08386
0.81311	0.12195	0.06750	0.08070
0.81311	0.14634	0.08110	0.07682
0.81311	0.17073	0.09463	0.07219
0.81311	0.19512	0.10843	0.06634
0.81311	0.21951	0.12140	0.05918
0.81311	0.24390	0.12060	0.06077
0.81311	0.26829	0.14706	0.05168
0.81311	0.29268	0.09538	0.09538
0.81311	0.31707	0.00000	0.00000
0.81311	0.34146	0.00000	0.00000
0.81311	0.36585	0.00000	0.00000
0.81311	0.39024	0.00000	0.00000
0.81311	0.41463	0.00000	0.00000
0.81311	0.43902	0.00000	0.00000
0.81311	0.46341	0.00000	-0.11612
0.81311	0.48780	0.11612	-0.05626
0.81311	0.51220	0.17238	-0.04650
0.81311	0.53659	0.21887	-0.07170
0.81311	0.56098	0.17248	-0.06838
0.81311	0.58537	0.16981	-0.07097
0.81311	0.60976	0.15300	-0.06960
0.81311	0.63415	0.13702	-0.06560
0.81311	0.65854	0.12283	-0.06023
0.81311	0.68293	0.11023	-0.05435
0.81311	0.70732	0.09883	-0.04849
0.81311	0.73171	0.08827	-0.04296
0.81311	0.75610	0.07830	-0.03791
0.81311	0.78049	0.06876	-0.03342
0.81311	0.80488	0.05953	-0.02953
0.81311	0.82927	0.05055	-0.02624
0.81311	0.85366	0.04179	-0.02353
0.81311	0.87805	0.03321	-0.02139
0.81311	0.90244	0.02478	-0.01981
0.81311	0.92683	0.01646	-0.01877
0.81311	0.95122	0.00821	-0.01825
0.83934	0.00000	0.00000	0.10295
0.83934	0.02439	0.01382	0.10250
0.83934	0.04878	0.02779	0.10153
0.83934	0.07317	0.04204	0.09992
0.83934	0.09756	0.05657	0.09754
0.83934	0.12195	0.07124	0.09430
0.83934	0.14634	0.08567	0.09035
0.83934	0.17073	0.09969	0.08598
0.83934	0.19512	0.11614	0.07931
0.83934	0.21951	0.14561	0.05838
0.83934	0.24390	0.08723	0.08723
0.83934	0.26829	0.00000	0.00000
0.83934	0.29268	0.00000	0.00000
0.83934	0.31707	0.00000	0.00000
0.83934	0.34146	0.00000	0.00000
0.83934	0.36585	0.00000	0.00000
0.83934	0.39024	0.00000	0.00000
0.83934	0.41463	0.00000	0.00000
0.83934	0.43902	0.00000	0.00000
0.83934	0.46341	0.00000	0.00000
0.83934	0.48780	0.00000	0.00000
0.83934	0.51220	0.00000	0.00000
0.83934	0.53659	0.00000	-0.11809
0.83934	0.56098	0.11809	-0.07106
0.83934	0.58537	0.18915	-0.08778
0.83934	0.60976	0.15046	-0.08558
0.83934	0.63415	0.13032	-0.07979
0.83934	0.65854	0.11479	-0.07283
0.83934	0.68293	0.10204	-0.06575
0.83934	0.70732	0.09108	-0.05905
0.83934	0.73171	0.08120	-0.05293
0.83934	0.75610	0.07198	-0.04746
0.83934	0.78049	0.06320	-0.04265
0.83934	0.80488	0.05473	-0.03850
0.83934	0.82927	0.04650	-0.03500
0.83934	0.85366	0.03846	-0.03211
0.83934	0.87805	0.03058	-0.02983
0.83934	0.90244	0.02282	-0.02813
0.83934	0.92683	0.01516	-0.02701
0.83934	0.95122	0.00756	-0.02646
0.86557	0.00000	0.00000	0.11677
0.86557	0.02439	0.01416	0.11647
0.86557	0.04878	0.02860	0.11577
0.86557	0.07317	0.04356	0.11446
0.86557	0.09756	0.05917	0.11221
0.86557	0.12195	0.07527	0.10873
0.86557	0.14634	0.09071	0.10437
0.86557	0.17073	0.10194	0.10243
0.86557	0.19512	0.10879	0.10879
0.86557	0.21951	0.00000	0.00000
0.86557	0.24390	0.00000	0.00000
0.86557	0.26829	0.00000	0.00000
0.86557	0.29268	0.00000	0.00000
0.86557	0.31707	0.00000	0.00000
0.86557	0.34146	0.00000	0.00000
0.86557	0.36585	0.00000	0.00000
0.86557	0.39024	0.00000	0.00000
0.86557	0.41463	0.00000	0.00000
0.86557	0.43902	0.00000	0.00000
0.86557	0.46341	0.00000	0.00000
0.86557	0.48780	0.00000	0.00000
0.86557	0.51220	0.00000	0.00000
0.86557	0.53659	0.00000	0.00000
0.86557	0.56098	0.00000	0.00000
0.86557	0.58537	0.00000	-0.12646
0.86557	0.60976	0.12646	-0.10572
0.86557	0.63415	0.11829	-0.09532
0.86557	0.65854	0.10353	-0.08558
0.86557	0.68293	0.09179	-0.07671
0.86557	0.70732	0.08207	-0.06893
0.86557	0.73171	0.07335	-0.06214
0.86557	0.75610	0.06515	-0.05624
0.86557	0.78049	0.05728	-0.05113
0.86557	0.80488	0.04965	-0.04674
0.86557	0.82927	0.04221	-0.04303
0.86557	0.85366	0.03494	-0.03999
0.86557	0.87805	0.02779	-0.03758
0.86557	0.90244	0.02075	-0.03579
0.86557	0.92683	0.01379	-0.03461
0.86557	0.95122	0.00688	-0.03402
0.89180	0.00000	0.00000	0.13093
0.89180	0.02439	0.01418	0.13091
0.89180	0.04878	0.02881	0.13073
0.89180	0.07317	0.04433	0.13007
0.89180	0.09756	0.06122	0.12830
0.89180	0.12195	0.08004	0.12417
0.89180	0.14634	0.10061	0.11561
0.89180	0.17073	0.10927	0.10927
0.89180	0.19512	0.00000	0.00000
0.89180	0.21951	0.00000	0.00000
0.89180	0.24390	0.00000	0.00000
0.89180	0.26829	0.00000	0.00000
0.89180	0.29268	0.00000	0.00000
0.89180	0.31707	0.00000	0.00000
0.89180	0.34146	0.00000	0.00000
0.89180	0.36585	0.00000	0.00000
0.89180	0.39024	0.00000	0.00000
0.89180	0.41463	0.00000	0.00000
0.89180	0.43902	0.00000	0.00000
0.89180	0.46341	0.00000	0.00000
0.89180	0.48780	0.00000	0.00000
0.89180	0.51220	0.00000	0.00000
0.89180	0.53659	0.00000	0.00000
0.89180	0.56098	0.00000	0.00000
0.89180	0.58537	0.00000	0.00000
0.89180	0.60976	0.00000	-0.11389
0.89180	0.63415	0.11389	-0.11008
0.89180	0.65854	0.08878	-0.09732
0.89180	0.68293	0.07919	-0.08643
0.89180	0.70732	0.07192	-0.07765
0.89180	0.73171	0.06491	-0.07034
0.89180	0.75610	0.05795	-0.06411
0.89180	0.78049	0.05109	-0.05876
0.89180	0.80488	0.04435	-0.05417
0.89180	0.82927	0.03775	-0.05031
0.89180	0.85366	0.03127	-0.04714
0.89180	0.87805	0.02489	-0.04462
0.89180	0.90244	0.01859	-0.04276
0.89180	0.92683	0.01236	-0.04152
0.89180	0.95122	0.00617	-0.04090
0.91803	0.00000	0.00000	0.14511
0.91803	0.02439	0.01369	0.14554
0.91803	0.04878	0.02798	0.14625
0.91803	0.07317	0.04351	0.14696
0.91803	0.09756	0.06103	0.14713
0.91803	0.12195	0.08281	0.14474
0.91803	0.14634	0.12427	0.12427
0.91803	0.17073	0.00000	0.00000
0.91803	0.19512	0.00000	0.00000
0.91803	0.21951	0.00000	0.00000
0.91803	0.24390	0.00000	0.00000
0.91803	0.26829	0.00000	0.00000
0.91803	0.29268	0.00000	0.00000
0.91803	0.31707	0.00000	0.00000
0.91803	0.34146	0.00000	0.00000
0.91803	0.36585	0.00000	0.00000
0.91803	0.39024	0.00000	0.00000
0.91803	0.41463	0.00000	0.00000
0.91803	0.43902	0.00000	0.00000
0.91803	0.46341	0.00000	0.00000
0.91803	0.48780	0.00000	0.00000
0.91803	0.51220	0.00000	0.00000
0.91803	0.53659	0.00000	0.00000
0.91803	0.56098	0.00000	0.00000
0.91803	0.58537	0.00000	0.00000
0.91803	0.60976	0.00000	0.00000
0.91803	0.63415	0.00000	-0.13519
0.91803	0.65854	0.05607	-0.10691
0.91803	0.68293	0.06392	-0.09370
0.91803	0.70732	0.06146	-0.08466
0.91803	0.73171	0.05639	-0.07730
0.91803	0.75610	0.05063	-0.07098
0.91803	0.78049	0.04474	-0.06549
0.91803	0.80488	0.03890	-0.06078
0.91803	0.82927	0.03314	-0.05679
0.91803	0.85366	0.02747	-0.05351
0.91803	0.87805	0.02188	-0.05092
0.91803	0.90244	0.01636	-0.04899
0.91803	0.92683	0.01088	-0.04771
0.91803	0.95122	0.00543	-0.04707
0.94426	0.00000	0.00000	0.15880
0.94426	0.02439	0.01250	0.15983
0.94426	0.04878	0.02573	0.16178
0.94426	0.07317	0.04039	0.16448
0.94426	0.09756	0.05591	0.16890
0.94426	0.12195	0.06280	0.18620
0.94426	0.14634	0.00000	0.00000
0.94426	0.17073	0.00000	0.00000
0.94426	0.19512	0.00000	0.00000
0.94426	0.21951	0.00000	0.00000
0.94426	0.24390	0.00000	0.00000
0.94426	0.26829	0.00000	0.00000
0.94426	0.29268	0.00000	0.00000
0.94426	0.31707	0.00000	0.00000
0.94426	0.34146	0.00000	0.00000
0.94426	0.36585	0.00000	0.00000
0.94426	0.39024	0.00000	0.00000
0.94426	0.41463	0.00000	0.00000
0.94426	0.43902	0.00000	0.00000
0.94426	0.46341	0.00000	0.00000
0.94426	0.48780	0.00000	0.00000
0.94426	0.51220	0.00000	0.00000
0.94426	0.53659	0.00000	0.00000
0.94426	0.56098	0.00000	0.00000
0.94426	0.58537	0.00000	0.00000
0.94426	0.60976	0.00000	0.00000
0.94426	0.63415	0.00000	-0.07912
0.94426	0.65854	0.07912	-0.09906
0.94426	0.68293	0.06057	-0.09616
0.94426	0.70732	0.05401	-0.08973
0.94426	0.73171	0.04869	-0.08306
0.94426	0.75610	0.04347	-0.07687
0.94426	0.78049	0.03835	-0.07134
0.94426	0.80488	0.03334	-0.06653
0.94426	0.82927	0.02843	-0.06246
0.94426	0.85366	0.02359	-0.05910
0.94426	0.87805	0.01881	-0.05644
0.94426	0.90244	0.01407	-0.05447
0.94426	0.92683	0.00937	-0.05316
0.94426	0.95122	0.00468	-0.05250
0.97049	0.00000	0.00000	0.17130
0.97049	0.02439	0.01045	0.17307
0.97049	0.04878	0.02184	0.17644
0.97049	0.07317	0.03626	0.18000
0.97049	0.09756	0.06078	0.17580
0.97049	0.12195	0.12340	0.12340
0.97049	0.14634	0.00000	0.00000
0.97049	0.17073	0.00000	0.00000
0.97049	0.19512	0.00000	0.00000
0.97049	0.21951	0.00000	0.00000
0.97049	0.24390	0.00000	0.00000
0.97049	0.26829	0.00000	0.00000
0.97049	0.29268	0.00000	0.00000
0.97049	0.31707	0.00000	0.00000
0.97049	0.34146	0.00000	0.00000
0.97049	0.36585	0.00000	0.00000
0.97049	0.39024	0.00000	0.00000
0.97049	0.41463	0.00000	0.00000
0.97049	0.43902	0.00000	0.00000
0.97049	0.46341	0.00000	0.00000
0.97049	0.48780	0.00000	0.00000
0.97049	0.51220	0.00000	0.00000
0.97049	0.53659	0.00000	0.00000
0.97049	0.56098	0.00000	0.00000
0.97049	0.58537	0.00000	0.00000
0.97049	0.60976	0.00000	0.00000
0.97049	0.63415	0.00000	0.00000
0.97049	0.65854	0.00000	-0.11760
0.97049	0.68293	0.04336	-0.10272
0.97049	0.70732	0.04514	-0.09505
0.97049	0.73171	0.04084	-0.08827
0.97049	0.75610	0.03620	-0.08198
0.97049	0.78049	0.03183	-0.07635
0.97049	0.80488	0.02768	-0.07145
0.97049	0.82927	0.02363	-0.06730
0.97049	0.85366	0.01964	-0.06388
0.97049	0.87805	0.01569	-0.06118
0.97049	0.90244	0.01175	-0.05917
0.97049	0.92683	0.00783	-0.05784
0.97049	0.95122	0.00391	-0.05718
0.99672	0.00000	0.00000	0.18175
0.99672	0.02439	0.00732	0.18445
0.99672	0.04878	0.01443	0.19086
0.99672	0.07317	0.02046	0.20452
0.99672	0.09756	0.02157	0.23842
0.99672	0.12195	0.00000	0.00000
0.99672	0.14634	0.00000	0.00000
0.99672	0.17073	0.00000	0.00000
0.99672	0.19512	0.00000	0.00000
0.99672	0.21951	0.00000	0.00000
0.99672	0.24390	0.00000	0.00000
0.99672	0.26829	0.00000	0.00000
0.99672	0.29268	0.00000	0.00000
0.99672	0.31707	0.00000	0.00000
0.99672	0.34146	0.00000	0.00000
0.99672	0.36585	0.00000	0.00000
0.99672	0.39024	0.00000	0.00000
0.99672	0.41463	0.00000	0.00000
0.99672	0.43902	0.00000	0.00000
0.99672	0.46341	0.00000	0.00000
0.99672	0.48780	0.00000	0.00000
0.99672	0.51220	0.00000	0.00000
0.99672	0.53659	0.00000	0.00000
0.99672	0.56098	0.00000	0.00000
0.99672	0.58537	0.00000	0.00000
0.99672	0.60976	0.00000	0.00000
0.99672	0.63415	0.00000	0.00000
0.99672	0.65854	0.00000	-0.07424
0.99672	0.68293	0.07424	-0.10094
0.99672	0.70732	0.04331	-0.09935
0.99672	0.73171	0.03340	-0.09292
0.99672	0.75610	0.02860	-0.08635
0.99672	0.78049	0.02507	-0.08050
0.99672	0.80488	0.02188	-0.07549
0.99672	0.82927	0.01876	-0.07129
0.99672	0.85366	0.01566	-0.06784
0.99672	0.87805	0.01254	-0.06512
0.99672	0.90244	0.00941	-0.06310
0.99672	0.92683	0.00628	-0.06176
0.99672	0.95122	0.00314	-0.06109
1.02295	0.00000	0.00000	0.18907
1.02295	0.02439	0.00444	0.19156
1.02295	0.04878	0.00826	0.19689
1.02295	0.07317	0.01036	0.20563
1.02295	0.09756	0.00859	0.21685
1.02295	0.12195	0.00000	0.00000
1.02295	0.14634	0.00000	0.00000
1.02295	0.17073	0.00000	0.00000
1.02295	0.19512	0.00000	0.00000
1.02295	0.21951	0.00000	0.00000
1.02295	0.24390	0.00000	0.00000
1.02295	0.26829	0.00000	0.00000
1.02295	0.29268	0.00000	0.00000
1.02295	0.31707	0.00000	0.00000
1.02295	0.34146	0.00000	0.00000
1.02295	0.36585	0.00000	0.00000
1.02295	0.39024	0.00000	0.00000
1.02295	0.41463	0.00000	0.00000
1.02295	0.43902	0.00000	0.00000
1.02295	0.46341	0.00000	0.00000
1.02295	0.48780	0.00000	0.00000
1.02295	0.51220	0.00000	0.00000
1.02295	0.53659	0.00000	0.00000
1.02295	0.56098	0.00000	0.00000
1.02295	0.58537	0.00000	0.00000
1.02295	0.60976	0.00000	0.00000
1.02295	0.63415	0.00000	0.00000
1.02295	0.65854	0.00000	0.00000
1.02295	0.68293	0.00000	-0.13187
1.02295	0.70732	0.01716	-0.10926
1.02295	0.73171	0.02007	-0.09773
1.02295	0.75610	0.01951	-0.08987
1.02295	0.78049	0.01794	-0.08370
1.02295	0.80488	0.01600	-0.07861
1.02295	0.82927	0.01389	-0.07440
1.02295	0.85366	0.01168	-0.07096
1.02295	0.87805	0.00940	-0.06824
1.02295	0.90244	0.00709	-0.06623
1.02295	0.92683	0.00474	-0.06490
1.02295	0.95122	0.00237	-0.06423
1.04918	0.00000	0.00000	0.19351
1.04918	0.02439	0.00228	0.19538
1.04918	0.04878	0.00408	0.19899
1.04918	0.07317	0.00475	0.20385
1.04918	0.09756	0.00348	0.20826
1.04918	0.12195	0.00000	0.00000
1.04918	0.14634	0.00000	0.00000
1.04918	0.17073	0.00000	0.00000
1.04918	0.19512	0.00000	0.00000
1.04918	0.21951	0.00000	0.00000
1.04918	0.24390	0.00000	0.00000
1.04918	0.26829	0.00000	0.00000
1.04918	0.29268	0.00000	0.00000
1.04918	0.31707	0.00000	0.00000
1.04918	0.34146	0.00000	0.00000
1.04918	0.36585	0.00000	0.00000
1.04918	0.39024	0.00000	0.00000
1.04918	0.41463	0.00000	0.00000
1.04918	0.43902	0.00000	0.00000
1.04918	0.46341	0.00000	0.00000
1.04918	0.48780	0.00000	0.00000
1.04918	0.51220	0.00000	0.00000
1.04918	0.53659	0.00000	0.00000
1.04918	0.56098	0.00000	0.00000
1.04918	0.58537	0.00000	0.00000
1.04918	0.60976	0.00000	0.00000
1.04918	0.63415	0.00000	0.00000
1.04918	0.65854	0.00000	0.00000
1.04918	0.68293	0.00000	-0.11472
1.04918	0.70732	0.00748	-0.10635
1.04918	0.73171	0.01076	-0.09829
1.04918	0.75610	0.01158	-0.09144
1.04918	0.78049	0.01123	-0.08563
1.04918	0.80488	0.01032	-0.08072
1.04918	0.82927	0.00913	-0.07661
1.04918	0.85366	0.00777	-0.07323
1.04918	0.87805	0.00632	-0.07056
1.04918	0.90244	0.00479	-0.06858
1.04918	0.92683	0.00322	-0.06726
1.04918	0.95122	0.00162	-0.06661
1.07541	0.00000	0.00000	0.19580
1.07541	0.02439	0.00069	0.19718
1.07541	0.04878	0.00121	0.19966
1.07541	0.07317	0.00136	0.20259
1.07541	0.09756	0.00095	0.20478
1.07541	0.12195	0.00000	0.00000
1.07541	0.14634	0.00000	0.00000
1.07541	0.17073	0.00000	0.00000
1.07541	0.19512	0.00000	0.00000
1.07541	0.21951	0.00000	0.00000
1.07541	0.24390	0.00000	0.00000
1.07541	0.26829	0.00000	0.00000
1.07541	0.29268	0.00000	0.00000
1.07541	0.31707	0.00000	0.00000
1.07541	0.34146	0.00000	0.00000
1.07541	0.36585	0.00000	0.00000
1.07541	0.39024	0.00000	0.00000
1.07541	0.41463	0.00000	0.00000
1.07541	0.43902	0.00000	0.00000
1.07541	0.46341	0.00000	0.00000
1.07541	0.48780	0.00000	0.00000
1.07541	0.51220	0.00000	0.00000
1.07541	0.53659	0.00000	0.00000
1.07541	0.56098	0.00000	0.00000
1.07541	0.58537	0.00000	0.00000
1.07541	0.60976	0.00000	0.00000
1.07541	0.63415	0.00000	0.00000
1.07541	0.65854	0.00000	0.00000
1.07541	0.68293	0.00000	-0.10724
1.07541	0.70732	0.00266	-0.10307
1.07541	0.73171	0.00428	-0.09747
1.07541	0.75610	0.00500	-0.09179
1.07541	0.78049	0.00516	-0.08654
1.07541	0.80488	0.00497	-0.08191
1.07541	0.82927	0.00455	-0.07796
1.07541	0.85366	0.00399	-0.07469
1.07541	0.87805	0.00331	-0.07209
1.07541	0.90244	0.00255	-0.07015
1.07541	0.92683	0.00173	-0.06887
1.07541	0.95122	0.00088	-0.06822
1.10164	0.00000	0.00000	0.19649
1.10164	0.02439	-0.00070	0.19769
1.10164	0.04878	-0.00123	0.19981
1.10164	0.07317	-0.00138	0.20218
1.10164	0.09756	-0.00096	0.20383
1.10164	0.12195	0.00000	0.00000
1.10164	0.14634	0.00000	0.00000
1.10164	0.17073	0.00000	0.00000
1.10164	0.19512	0.00000	0.00000
1.10164	0.21951	0.00000	0.00000
1.10164	0.24390	0.00000	0.00000
1.10164	0.26829	0.00000	0.00000
1.10164	0.29268	0.00000	0.00000
1.10164	0.31707	0.00000	0.00000
1.10164	0.34146	0.00000	0.00000
1.10164	0.36585	0.00000	0.00000
1.10164	0.39024	0.00000	0.00000
1.10164	0.41463	0.00000	0.00000
1.10164	0.43902	0.00000	0.00000
1.10164	0.46341	0.00000	0.00000
1.10164	0.48780	0.00000	0.00000
1.10164	0.51220	0.00000	0.00000
1.10164	0.53659	0.00000	0.00000
1.10164	0.56098	0.00000	0.00000
1.10164	0.58537	0.00000	0.00000
1.10164	0.60976	0.00000	0.00000
1.10164	0.63415	0.00000	0.00000
1.10164	0.65854	0.00000	0.00000
1.10164	0.68293	0.00000	-0.10457
1.10164	0.70732	-0.00094	-0.10146
1.10164	0.73171	-0.00116	-0.09675
1.10164	0.75610	-0.00091	-0.09163
1.10164	0.78049	-0.00051	-0.08673
1.10164	0.80488	-0.00013	-0.08233
1.10164	0.82927	0.00016	-0.07853
1.10164	0.85366	0.00033	-0.07536
1.10164	0.87805	0.00040	-0.07285
1.10164	0.90244	0.00038	-0.07097
1.10164	0.92683	0.00029	-0.06972
1.10164	0.95122	0.00016	-0.06910
1.12787	0.00000	0.00000	0.19578
1.12787	0.02439	-0.00230	0.19717
1.12787	0.04878	-0.00411	0.19966
1.12787	0.07317	-0.00478	0.20260
1.12787	0.09756	-0.00351	0.20480
1.12787	0.12195	0.00000	0.00000
1.12787	0.14634	0.00000	0.00000
1.12787	0.17073	0.00000	0.00000
1.12787	0.19512	0.00000	0.00000
1.12787	0.21951	0.00000	0.00000
1.12787	0.24390	0.00000	0.00000
1.12787	0.26829	0.00000	0.00000
1.12787	0.29268	0.00000	0.00000
1.12787	0.31707	0.00000	0.00000
1.12787	0.34146	0.00000	0.00000
1.12787	0.36585	0.00000	0.00000
1.12787	0.39024	0.00000	0.00000
1.12787	0.41463	0.00000	0.00000
1.12787	0.43902	0.00000	0.00000
1.12787	0.46341	0.00000	0.00000
1.12787	0.48780	0.00000	0.00000
1.12787	0.51220	0.00000	0.00000
1.12787	0.53659	0.00000	0.00000
1.12787	0.56098	0.00000	0.00000
1.12787	0.58537	0.00000	0.00000
1.12787	0.60976	0.00000	0.00000
1.12787	0.63415	0.00000	0.00000
1.12787	0.65854	0.00000	0.00000
1.12787	0.68293	0.00000	-0.10552
1.12787	0.70732	-0.00538	-0.10168
1.12787	0.73171	-0.00715	-0.09650
1.12787	0.75610	-0.00701	-0.09123
1.12787	0.78049	-0.00615	-0.08635
1.12787	0.80488	-0.00511	-0.08204
1.12787	0.82927	-0.00411	-0.07835
1.12787	0.85366	-0.00320	-0.07530
1.12787	0.87805	-0.00241	-0.07287
1.12787	0.90244	-0.00172	-0.07106
1.12787	0.92683	-0.00110	-0.06986
1.12787	0.95122	-0.00054	-0.06926
1.15410	0.00000	0.00000	0.19348
1.15410	0.02439	-0.00448	0.19536
1.15410	0.04878	-0.00832	0.19899
1.15410	0.07317	-0.01043	0.20387
1.15410	0.09756	-0.00863	0.20830
1.15410	0.12195	0.00000	0.00000
1.15410	0.14634	0.00000	0.00000
1.15410	0.17073	0.00000	0.00000
1.15410	0.19512	0.00000	0.00000
1.15410	0.21951	0.00000	0.00000
1.15410	0.24390	0.00000	0.00000
1.15410	0.26829	0.00000	0.00000
1.15410	0.29268	0.00000	0.00000
1.15410	0.31707	0.00000	0.00000
1.15410	0.34146	0.00000	0.00000
1.15410	0.36585	0.00000	0.00000
1.15410	0.39024	0.00000	0.00000
1.15410	0.41463	0.00000	0.00000
1.15410	0.43902	0.00000	0.00000
1.15410	0.46341	0.00000	0.00000
1.15410	0.48780	0.00000	0.00000
1.15410	0.51220	0.00000	0.00000
1.15410	0.53659	0.00000	0.00000
1.15410	0.56098	0.00000	0.00000
1.15410	0.58537	0.00000	0.00000
1.15410	0.60976	0.00000	0.00000
1.15410	0.63415	0.00000	0.00000
1.15410	0.65854	0.00000	0.00000
1.15410	0.68293	0.00000	-0.11090
1.15410	0.70732	-0.01399	-0.10345
1.15410	0.73171	-0.01535	-0.09636
1.15410	0.75610	-0.01394	-0.09037
1.15410	0.78049	-0.01200	-0.08531
1.15410	0.80488	-0.01006	-0.08104
1.15410	0.82927	-0.00825	-0.07745
1.15410	0.85366	-0.00661	-0.07450
1.15410	0.87805	-0.00510	-0.07218
1.15410	0.90244	-0.00372	-0.07044
1.15410	0.92683	-0.00243	-0.06929
1.15410	0.95122	-0.00120	-0.06872
1.18033	0.00000	0.00000	0.18900
1.18033	0.02439	-0.00738	0.19151
1.18033	0.04878	-0.01453	0.19688
1.18033	0.07317	-0.02058	0.20566
1.18033	0.09756	-0.02167	0.21694
1.18033	0.12195	0.00000	0.00000
1.18033	0.14634	0.00000	0.00000
1.18033	0.17073	0.00000	0.00000
1.18033	0.19512	0.00000	0.00000
1.18033	0.21951	0.00000	0.00000
1.18033	0.24390	0.00000	0.00000
1.18033	0.26829	0.00000	0.00000
1.18033	0.29268	0.00000	0.00000
1.18033	0.31707	0.00000	0.00000
1.18033	0.34146	0.00000	0.00000
1.18033	0.36585	0.00000	0.00000
1.18033	0.39024	0.00000	0.00000
1.18033	0.41463	0.00000	0.00000
1.18033	0.43902	0.00000	0.00000
1.18033	0.46341	0.00000	0.00000
1.18033	0.48780	0.00000	0.00000
1.18033	0.51220	0.00000	0.00000
1.18033	0.53659	0.00000	0.00000
1.18033	0.56098	0.00000	0.00000
1.18033	0.58537	0.00000	0.00000
1.18033	0.60976	0.00000	0.00000
1.18033	0.63415	0.00000	0.00000
1.18033	0.65854	0.00000	0.00000
1.18033	0.68293	-0.06785	-0.12489
1.18033	0.70732	-0.03723	-0.10480
1.18033	0.73171	-0.02674	-0.09495
1.18033	0.75610	-0.02149	-0.08843
1.18033	0.78049	-0.01784	-0.08337
1.18033	0.80488	-0.01485	-0.07923
1.18033	0.82927	-0.01222	-0.07580
1.18033	0.85366	-0.00984	-0.07300
1.18033	0.87805	-0.00766	-0.07079
1.18033	0.90244	-0.00562	-0.06915
1.18033	0.92683	-0.00369	-0.06806
1.18033	0.95122	-0.00183	-0.06752
1.20656	0.00000	0.00000	0.18163
1.20656	0.02439	-0.01054	0.18436
1.20656	0.04878	-0.02201	0.19083
1.20656	0.07317	-0.03649	0.20458
1.20656	0.09756	-0.06102	0.23861
1.20656	0.12195	-0.12366	0.00000
1.20656	0.14634	0.00000	0.00000
1.20656	0.17073	0.00000	0.00000
1.20656	0.19512	0.00000	0.00000
1.20656	0.21951	0.00000	0.00000
1.20656	0.24390	0.00000	0.00000
1.20656	0.26829	0.00000	0.00000
1.20656	0.29268	0.00000	0.00000
1.20656	0.31707	0.00000	0.00000
1.20656	0.34146	0.00000	0.00000
1.20656	0.36585	0.00000	0.00000
1.20656	0.39024	0.00000	0.00000
1.20656	0.41463	0.00000	0.00000
1.20656	0.43902	0.00000	0.00000
1.20656	0.46341	0.00000	0.00000
1.20656	0.48780	0.00000	0.00000
1.20656	0.51220	0.00000	0.00000
1.20656	0.53659	0.00000	0.00000
1.20656	0.56098	0.00000	0.00000
1.20656	0.58537	0.00000	0.00000
1.20656	0.60976	0.00000	0.00000
1.20656	0.63415	0.00000	0.00000
1.20656	0.65854	0.00000	-0.06785
1.20656	0.68293	-0.03729	-0.09427
1.20656	0.70732	-0.03718	-0.09432
1.20656	0.73171	-0.03208	-0.08970
1.20656	0.75610	-0.02717	-0.08478
1.20656	0.78049	-0.02293	-0.08038
1.20656	0.80488	-0.01922	-0.07660
1.20656	0.82927	-0.01590	-0.07342
1.20656	0.85366	-0.01286	-0.07082
1.20656	0.87805	-0.01005	-0.06875
1.20656	0.90244	-0.00740	-0.06722
1.20656	0.92683	-0.00487	-0.06620
1.20656	0.95122	-0.00241	-0.06569
1.23279	0.00000	0.00000	0.17108
1.23279	0.02439	-0.01264	0.17290
1.23279	0.04878	-0.02600	0.17635
1.23279	0.07317	-0.04075	0.18004
1.23279	0.09756	-0.05632	0.17597
1.23279	0.12195	-0.06316	0.12366
1.23279	0.14634	0.00000	0.00000
1.23279	0.17073	0.00000	0.00000
1.23279	0.19512	0.00000	0.00000
1.23279	0.21951	0.00000	0.00000
1.23279	0.24390	0.00000	0.00000
1.23279	0.26829	0.00000	0.00000
1.23279	0.29268	0.00000	0.00000
1.23279	0.31707	0.00000	0.00000
1.23279	0.34146	0.00000	0.00000
1.23279	0.36585	0.00000	0.00000
1.23279	0.39024	0.00000	0.00000
1.23279	0.41463	0.00000	0.00000
1.23279	0.43902	0.00000	0.00000
1.23279	0.46341	0.00000	0.00000
1.23279	0.48780	0.00000	0.00000
1.23279	0.51220	0.00000	0.00000
1.23279	0.53659	0.00000	0.00000
1.23279	0.56098	0.00000	0.00000
1.23279	0.58537	0.00000	0.00000
1.23279	0.60976	0.00000	0.00000
1.23279	0.63415	0.00000	0.00000
1.23279	0.65854	-0.06785	-0.10514
1.23279	0.68293	-0.04999	-0.09416
1.23279	0.70732	-0.04288	-0.08922
1.23279	0.73171	-0.03722	-0.08478
1.23279	0.75610	-0.03208	-0.08054
1.23279	0.78049	-0.02740	-0.07667
1.23279	0.80488	-0.02314	-0.07328
1.23279	0.82927	-0.01924	-0.07039
1.23279	0.85366	-0.01563	-0.06800
1.23279	0.87805	-0.01224	-0.06610
1.23279	0.90244	-0.00903	-0.06469
1.23279	0.92683	-0.00595	-0.06375
1.23279	0.95122	-0.00295	-0.06328
1.25902	0.00000	0.00000	0.15845
1.25902	0.02439	-0.01390	0.15953
1.25902	0.04878	-0.02838	0.16160
1.25902	0.07317	-0.04408	0.16447
1.25902	0.09756	-0.06173	0.16914
1.25902	0.12195	-0.08359	0.18681
1.25902	0.14634	-0.12517	0.00000
1.25902	0.17073	0.00000	0.00000
1.25902	0.19512	0.00000	0.00000
1.25902	0.21951	0.00000	0.00000
1.25902	0.24390	0.00000	0.00000
1.25902	0.26829	0.00000	0.00000
1.25902	0.29268	0.00000	0.00000
1.25902	0.31707	0.00000	0.00000
1.25902	0.34146	0.00000	0.00000
1.25902	0.36585	0.00000	0.00000
1.25902	0.39024	0.00000	0.00000
1.25902	0.41463	0.00000	0.00000
1.25902	0.43902	0.00000	0.00000
1.25902	0.46341	0.00000	0.00000
1.25902	0.48780	0.00000	0.00000
1.25902	0.51220	0.00000	0.00000
1.25902	0.53659	0.00000	0.00000
1.25902	0.56098	0.00000	0.00000
1.25902	0.58537	0.00000	0.00000
1.25902	0.60976	0.00000	0.00000
1.25902	0.63415	0.00000	-0.06785
1.25902	0.65854	-0.04539	-0.08728
1.25902	0.68293	-0.05026	-0.08704
1.25902	0.70732	-0.04689	-0.08357
1.25902	0.73171	-0.04176	-0.07964
1.25902	0.75610	-0.03645	-0.07586
1.25902	0.78049	-0.03138	-0.07241
1.25902	0.80488	-0.02665	-0.06938
1.25902	0.82927	-0.02225	-0.06678
1.25902	0.85366	-0.01812	-0.06462
1.25902	0.87805	-0.01423	-0.06289
1.25902	0.90244	-0.01052	-0.06161
1.25902	0.92683	-0.00694	-0.06075
1.25902	0.95122	-0.00345	-0.06032
1.28525	0.00000	0.00000	0.14455
1.28525	0.02439	-0.01447	0.14505
1.28525	0.04878	-0.02937	0.14590
1.28525	0.07317	-0.04514	0.14682
1.28525	0.09756	-0.06225	0.14727
1.28525	0.12195	-0.08125	0.14524
1.28525	0.14634	-0.10195	0.12517
1.28525	0.17073	-0.11067	0.00000
1.28525	0.19512	0.00000	0.00000
1.28525	0.21951	0.00000	0.00000
1.28525	0.24390	0.00000	0.00000
1.28525	0.26829	0.00000	0.00000
1.28525	0.29268	0.00000	0.00000
1.28525	0.31707	0.00000	0.00000
1.28525	0.34146	0.00000	0.00000
1.28525	0.36585	0.00000	0.00000
1.28525	0.39024	0.00000	0.00000
1.28525	0.41463	0.00000	0.00000
1.28525	0.43902	0.00000	0.00000
1.28525	0.46341	0.00000	0.00000
1.28525	0.48780	0.00000	0.00000
1.28525	0.51220	0.00000	0.00000
1.28525	0.53659	0.00000	0.00000
1.28525	0.56098	0.00000	0.00000
1.28525	0.58537	0.00000	0.00000
1.28525	0.60976	0.00000	0.00000
1.28525	0.63415	-0.09293	-0.11324
1.28525	0.65854	-0.06977	-0.09215
1.28525	0.68293	-0.06008	-0.08367
1.28525	0.70732	-0.05294	-0.07844
1.28525	0.73171	-0.04652	-0.07433
1.28525	0.75610	-0.04055	-0.07079
1.28525	0.78049	-0.03498	-0.06768
1.28525	0.80488	-0.02979	-0.06497
1.28525	0.82927	-0.02493	-0.06265
1.28525	0.85366	-0.02035	-0.06072
1.28525	0.87805	-0.01601	-0.05918
1.28525	0.90244	-0.01185	-0.05803
1.28525	0.92683	-0.00783	-0.05726
1.28525	0.95122	-0.00389	-0.05688
1.31148	0.00000	0.00000	0.13008
1.31148	0.02439	-0.01455	0.13014
1.31148	0.04878	-0.02936	0.13013
1.31148	0.07317	-0.04466	0.12972
1.31148	0.09756	-0.06058	0.12827
1.31148	0.12195	-0.07693	0.12454
1.31148	0.14634	-0.09258	0.11644
1.31148	0.17073	-0.10400	0.11067
1.31148	0.19512	-0.11098	0.00000
1.31148	0.21951	0.00000	0.00000
1.31148	0.24390	0.00000	0.00000
1.31148	0.26829	0.00000	0.00000
1.31148	0.29268	0.00000	0.00000
1.31148	0.31707	0.00000	0.00000
1.31148	0.34146	0.00000	0.00000
1.31148	0.36585	0.00000	0.00000
1.31148	0.39024	0.00000	0.00000
1.31148	0.41463	0.00000	0.00000
1.31148	0.43902	0.00000	0.00000
1.31148	0.46341	0.00000	0.00000
1.31148	0.48780	0.00000	0.00000
1.31148	0.51220	0.00000	0.00000
1.31148	0.53659	0.00000	0.00000
1.31148	0.56098	0.00000	0.00000
1.31148	0.58537	-0.06987	0.00000
1.31148	0.60976	-0.12060	-0.09293
1.31148	0.63415	-0.09621	-0.09009
1.31148	0.65854	-0.07860	-0.08246
1.31148	0.68293	-0.06693	-0.07653
1.31148	0.70732	-0.05815	-0.07202
1.31148	0.73171	-0.05076	-0.06836
1.31148	0.75610	-0.04417	-0.06522
1.31148	0.78049	-0.03814	-0.06249
1.31148	0.80488	-0.03253	-0.06011
1.31148	0.82927	-0.02728	-0.05808
1.31148	0.85366	-0.02232	-0.05638
1.31148	0.87805	-0.01758	-0.05502
1.31148	0.90244	-0.01303	-0.05400
1.31148	0.92683	-0.00862	-0.05332
1.31148	0.95122	-0.00429	-0.05298
1.33770	0.00000	0.00000	0.11553
1.33770	0.02439	-0.01433	0.11533
1.33770	0.04878	-0.02878	0.11483
1.33770	0.07317	-0.04347	0.11381
1.33770	0.09756	-0.05840	0.11192
1.33770	0.12195	-0.07340	0.10888
1.33770	0.14634	-0.08813	0.10502
1.33770	0.17073	-0.10246	0.10369
1.33770	0.19512	-0.11941	0.11098
1.33770	0.21951	-0.15000	0.00000
1.33770	0.24390	-0.09060	0.00000
1.33770	0.26829	0.00000	0.00000
1.33770	0.29268	0.00000	0.00000
1.33770	0.31707	0.00000	0.00000
1.33770	0.34146	0.00000	0.00000
1.33770	0.36585	0.00000	0.00000
1.33770	0.39024	0.00000	0.00000
1.33770	0.41463	0.00000	0.00000
1.33770	0.43902	0.00000	0.00000
1.33770	0.46341	0.00000	0.00000
1.33770	0.48780	0.00000	0.00000
1.33770	0.51220	0.00000	0.00000
1.33770	0.53659	0.00000	0.00000
1.33770	0.56098	-0.09243	-0.06987
1.33770	0.58537	-0.09202	-0.05073
1.33770	0.60976	-0.10000	-0.06854
1.33770	0.63415	-0.09166	-0.07247
1.33770	0.65854	-0.08054	-0.07079
1.33770	0.68293	-0.07046	-0.06774
1.33770	0.70732	-0.06174	-0.06464
1.33770	0.73171	-0.05408	-0.06177
1.33770	0.75610	-0.04716	-0.05919
1.33770	0.78049	-0.04080	-0.05689
1.33770	0.80488	-0.03488	-0.05486
1.33770	0.82927	-0.02930	-0.05311
1.33770	0.85366	-0.02401	-0.05165
1.33770	0.87805	-0.01895	-0.05047
1.33770	0.90244	-0.01406	-0.04959
1.33770	0.92683	-0.00930	-0.04899
1.33770	0.95122	-0.00463	-0.04870
1.36393	0.00000	0.00000	0.10120
1.36393	0.02439	-0.01394	0.10087
1.36393	0.04878	-0.02794	0.10014
1.36393	0.07317	-0.04201	0.09888
1.36393	0.09756	-0.05613	0.09692
1.36393	0.12195	-0.07021	0.09416
1.36393	0.14634	-0.08412	0.09069
1.36393	0.17073	-0.09791	0.08675
1.36393	0.19512	-0.11204	0.08038
1.36393	0.21951	-0.12574	0.05940
1.36393	0.24390	-0.12669	0.09060
1.36393	0.26829	-0.16079	0.00000
1.36393	0.29268	-0.12598	0.00000
1.36393	0.31707	-0.08522	0.00000
1.36393	0.34146	0.00000	0.00000
1.36393	0.36585	0.00000	0.00000
1.36393	0.39024	0.00000	0.00000
1.36393	0.41463	0.00000	0.00000
1.36393	0.43902	0.00000	0.00000
1.36393	0.46341	0.00000	0.00000
1.36393	0.48780	-0.08382	0.00000
1.36393	0.51220	-0.12338	0.00000
1.36393	0.53659	-0.15675	-0.09243
1.36393	0.56098	-0.11899	-0.06946
1.36393	0.58537	-0.10446	-0.05871
1.36393	0.60976	-0.09827	-0.06020
1.36393	0.63415	-0.09033	-0.06135
1.36393	0.65854	-0.08129	-0.06071
1.36393	0.68293	-0.07240	-0.05903
1.36393	0.70732	-0.06413	-0.05697
1.36393	0.73171	-0.05652	-0.05485
1.36393	0.75610	-0.04950	-0.05283
1.36393	0.78049	-0.04296	-0.05096
1.36393	0.80488	-0.03681	-0.04929
1.36393	0.82927	-0.03099	-0.04782
1.36393	0.85366	-0.02544	-0.04659
1.36393	0.87805	-0.02010	-0.04559
1.36393	0.90244	-0.01493	-0.04483
1.36393	0.92683	-0.00989	-0.04432
1.36393	0.95122	-0.00492	-0.04407
1.39016	0.00000	0.00000	0.08726
1.39016	0.02439	-0.01350	0.08688
1.39016	0.04878	-0.02701	0.08607
1.39016	0.07317	-0.04050	0.08476
1.39016	0.09756	-0.05392	0.08285
1.39016	0.12195	-0.06720	0.08025
1.39016	0.14634	-0.08024	0.07690
1.39016	0.17073	-0.09296	0.07262
1.39016	0.19512	-0.10519	0.06669
1.39016	0.21951	-0.11621	0.05845
1.39016	0.24390	-0.12445	0.05651
1.39016	0.26829	-0.13569	0.03481
1.39016	0.29268	-0.13286	0.04076
1.39016	0.31707	-0.13665	0.08522
1.39016	0.34146	-0.18213	0.00000
1.39016	0.36585	-0.16642	0.00000
1.39016	0.39024	-0.16055	0.00000
1.39016	0.41463	-0.16031	0.00000
1.39016	0.43902	-0.16563	0.00000
1.39016	0.46341	-0.18054	-0.08382
1.39016	0.48780	-0.13502	-0.03955
1.39016	0.51220	-0.13052	-0.03337
1.39016	0.53659	-0.13212	-0.05467
1.39016	0.56098	-0.11868	-0.05494
1.39016	0.58537	-0.10726	-0.05252
1.39016	0.60976	-0.09857	-0.05226
1.39016	0.63415	-0.09026	-0.05232
1.39016	0.65854	-0.08187	-0.05182
1.39016	0.68293	-0.07363	-0.05076
1.39016	0.70732	-0.06574	-0.04936
1.39016	0.73171	-0.05830	-0.04783
1.39016	0.75610	-0.05128	-0.04629
1.39016	0.78049	-0.04466	-0.04482
1.39016	0.80488	-0.03837	-0.04347
1.39016	0.82927	-0.03238	-0.04227
1.39016	0.85366	-0.02662	-0.04125
1.39016	0.87805	-0.02107	-0.04042
1.39016	0.90244	-0.01567	-0.03978
1.39016	0.92683	-0.01038	-0.03936
1.39016	0.95122	-0.00517	-0.03914
1.41639	0.00000	0.00000	0.07375
1.41639	0.02439	-0.01306	0.07337
1.41639	0.04878	-0.02610	0.07258
1.41639	0.07317	-0.03905	0.07133
1.41639	0.09756	-0.05187	0.06956
1.41639	0.12195	-0.06447	0.06720
1.41639	0.14634	-0.07675	0.06418
1.41639	0.17073	-0.08857	0.06039
1.41639	0.19512	-0.09973	0.05567
1.41639	0.21951	-0.10989	0.05021
1.41639	0.24390	-0.11872	0.04526
1.41639	0.26829	-0.12689	0.03765
1.41639	0.29268	-0.13207	0.03697
1.41639	0.31707	-0.13984	0.03973
1.41639	0.34146	-0.15435	0.01571
1.41639	0.36585	-0.15505	0.00587
1.41639	0.39024	-0.15404	0.00024
1.41639	0.41463	-0.15388	-0.00532
1.41639	0.43902	-0.15455	-0.01491
1.41639	0.46341	-0.15349	-0.03830
1.41639	0.48780	-0.13877	-0.03506
1.41639	0.51220	-0.13062	-0.03497
1.41639	0.53659	-0.12488	-0.04123
1.41639	0.56098	-0.11603	-0.04352
1.41639	0.58537	-0.10690	-0.04383
1.41639	0.60976	-0.09843	-0.04395
1.41639	0.63415	-0.09028	-0.04393
1.41639	0.65854	-0.08228	-0.04358
1.41639	0.68293	-0.07444	-0.04288
1.41639	0.70732	-0.06685	-0.04192
1.41639	0.73171	-0.05957	-0.04081
1.41639	0.75610	-0.05262	-0.03966
1.41639	0.78049	-0.04597	-0.03853
1.41639	0.80488	-0.03960	-0.03747
1.41639	0.82927	-0.03348	-0.03652
1.41639	0.85366	-0.02758	-0.03569
1.41639	0.87805	-0.02185	-0.03501
1.41639	0.90244	-0.01626	-0.03450
1.41639	0.92683	-0.01078	-0.03415
1.41639	0.95122	-0.00537	-0.03397
1.44262	0.00000	0.00000	0.06069
1.44262	0.02439	-0.01266	0.06034
1.44262	0.04878	-0.02527	0.05963
1.44262	0.07317	-0.03777	0.05851
1.44262	0.09756	-0.05008	0.05696
1.44262	0.12195	-0.06212	0.05493
1.44262	0.14634	-0.07378	0.05236
1.44262	0.17073	-0.08494	0.04923
1.44262	0.19512	-0.09544	0.04552
1.44262	0.21951	-0.10509	0.04137
1.44262	0.24390	-0.11377	0.03709
1.44262	0.26829	-0.12156	0.03247
1.44262	0.29268	-0.12828	0.02919
1.44262	0.31707	-0.13526	0.02523
1.44262	0.34146	-0.14254	0.01501
1.44262	0.36585	-0.14564	0.00688
1.44262	0.39024	-0.14655	0.00040
1.44262	0.41463	-0.14649	-0.00599
1.44262	0.43902	-0.14545	-0.01386
1.44262	0.46341	-0.14225	-0.02358
1.44262	0.48780	-0.13493	-0.02691
1.44262	0.51220	-0.12793	-0.02923
1.44262	0.53659	-0.12125	-0.03237
1.44262	0.56098	-0.11370	-0.03439
1.44262	0.58537	-0.10578	-0.03536
1.44262	0.60976	-0.09791	-0.03580
1.44262	0.63415	-0.09015	-0.03592
1.44262	0.65854	-0.08249	-0.03574
1.44262	0.68293	-0.07495	-0.03529
1.44262	0.70732	-0.06760	-0.03464
1.44262	0.73171	-0.06048	-0.03386
1.44262	0.75610	-0.05359	-0.03301
1.44262	0.78049	-0.04695	-0.03216
1.44262	0.80488	-0.04054	-0.03135
1.44262	0.82927	-0.03434	-0.03061
1.44262	0.85366	-0.02832	-0.02996
1.44262	0.87805	-0.02247	-0.02943
1.44262	0.90244	-0.01674	-0.02902
1.44262	0.92683	-0.01110	-0.02874
1.44262	0.95122	-0.00554	-0.02860
1.46885	0.00000	0.00000	0.04803
1.46885	0.02439	-0.01232	0.04773
1.46885	0.04878	-0.02457	0.04713
1.46885	0.07317	-0.03669	0.04620
1.46885	0.09756	-0.04860	0.04492
1.46885	0.12195	-0.06020	0.04326
1.46885	0.14634	-0.07140	0.04120
1.46885	0.17073	-0.08208	0.03873
1.46885	0.19512	-0.09213	0.03587
1.46885	0.21951	-0.10141	0.03269
1.46885	0.24390	-0.10986	0.02930
1.46885	0.26829	-0.11745	0.02575
1.46885	0.29268	-0.12419	0.02222
1.46885	0.31707	-0.13032	0.01795
1.46885	0.34146	-0.13555	0.01191
1.46885	0.36585	-0.13876	0.00596
1.46885	0.39024	-0.14019	0.00047
1.46885	0.41463	-0.14022	-0.00495
1.46885	0.43902	-0.13885	-0.01065
1.46885	0.46341	-0.13576	-0.01627
1.46885	0.48780	-0.13072	-0.01991
1.46885	0.51220	-0.12489	-0.02255
1.46885	0.53659	-0.11861	-0.02483
1.46885	0.56098	-0.11180	-0.02647
1.46885	0.58537	-0.10461	-0.02748
1.46885	0.60976	-0.09728	-0.02804
1.46885	0.63415	-0.08990	-0.02825
1.46885	0.65854	-0.08254	-0.02821
1.46885	0.68293	-0.07526	-0.02794
1.46885	0.70732	-0.06810	-0.02751
1.46885	0.73171	-0.06110	-0.02697
1.46885	0.75610	-0.05429	-0.02637
1.46885	0.78049	-0.04767	-0.02575
1.46885	0.80488	-0.04123	-0.02515
1.46885	0.82927	-0.03498	-0.02460
1.46885	0.85366	-0.02889	-0.02411
1.46885	0.87805	-0.02294	-0.02370
1.46885	0.90244	-0.01710	-0.02338
1.46885	0.92683	-0.01135	-0.02317
1.46885	0.95122	-0.00566	-0.02306
1.49508	0.00000	0.00000	0.03571
1.49508	0.02439	-0.01205	0.03548
1.49508	0.04878	-0.02403	0.03501
1.49508	0.07317	-0.03587	0.03430
1.49508	0.09756	-0.04747	0.03332
1.49508	0.12195	-0.05875	0.03206
1.49508	0.14634	-0.06962	0.03052
1.49508	0.17073	-0.07997	0.02869
1.49508	0.19512	-0.08970	0.02658
1.49508	0.21951	-0.09871	0.02424
1.49508	0.24390	-0.10693	0.02171
1.49508	0.26829	-0.11431	0.01900
1.49508	0.29268	-0.12082	0.01609
1.49508	0.31707	-0.12642	0.01272
1.49508	0.34146	-0.13091	0.00870
1.49508	0.36585	-0.13394	0.00453
1.49508	0.39024	-0.13546	0.00044
1.49508	0.41463	-0.13556	-0.00359
1.49508	0.43902	-0.13426	-0.00756
1.49508	0.46341	-0.13152	-0.01122
1.49508	0.48780	-0.12741	-0.01408
1.49508	0.51220	-0.12235	-0.01627
1.49508	0.53659	-0.11661	-0.01801
1.49508	0.56098	-0.11031	-0.01929
1.49508	0.58537	-0.10362	-0.02015
1.49508	0.60976	-0.09669	-0.02066
1.49508	0.63415	-0.08962	-0.02090
1.49508	0.65854	-0.08251	-0.02092
1.49508	0.68293	-0.07542	-0.02078
1.49508	0.70732	-0.06841	-0.02051
1.49508	0.73171	-0.06152	-0.02016
1.49508	0.75610	-0.05476	-0.01975
1.49508	0.78049	-0.04816	-0.01932
1.49508	0.80488	-0.04172	-0.01890
1.49508	0.82927	-0.03544	-0.01850
1.49508	0.85366	-0.02930	-0.01815
1.49508	0.87805	-0.02328	-0.01786
1.49508	0.90244	-0.01736	-0.01763
1.49508	0.92683	-0.01153	-0.01748
1.49508	0.95122	-0.00575	-0.01740
1.52131	0.00000	0.00000	0.02365
1.52131	0.02439	-0.01187	0.02350
1.52131	0.04878	-0.02367	0.02318
1.52131	0.07317	-0.03531	0.02270
1.52131	0.09756	-0.04670	0.02204
1.52131	0.12195	-0.05778	0.02120
1.52131	0.14634	-0.06843	0.02017
1.52131	0.17073	-0.07856	0.01896
1.52131	0.19512	-0.08809	0.01757
1.52131	0.21951	-0.09692	0.01602
1.52131	0.24390	-0.10498	0.01433
1.52131	0.26829	-0.11219	0.01250
1.52131	0.29268	-0.11849	0.01049
1.52131	0.31707	-0.12380	0.00822
1.52131	0.34146	-0.12798	0.00568
1.52131	0.36585	-0.13085	0.00301
1.52131	0.39024	-0.13237	0.00034
1.52131	0.41463	-0.13252	-0.00229
1.52131	0.43902	-0.13134	-0.00482
1.52131	0.46341	-0.12886	-0.00711
1.52131	0.48780	-0.12521	-0.00902
1.52131	0.51220	-0.12060	-0.01053
1.52131	0.53659	-0.11524	-0.01172
1.52131	0.56098	-0.10929	-0.01260
1.52131	0.58537	-0.10291	-0.01321
1.52131	0.60976	-0.09624	-0.01359
1.52131	0.63415	-0.08939	-0.01379
1.52131	0.65854	-0.08245	-0.01384
1.52131	0.68293	-0.07550	-0.01377
1.52131	0.70732	-0.06859	-0.01362
1.52131	0.73171	-0.06176	-0.01340
1.52131	0.75610	-0.05505	-0.01315
1.52131	0.78049	-0.04847	-0.01288
1.52131	0.80488	-0.04203	-0.01261
1.52131	0.82927	-0.03573	-0.01236
1.52131	0.85366	-0.02955	-0.01214
1.52131	0.87805	-0.02350	-0.01195
1.52131	0.90244	-0.01753	-0.01180
1.52131	0.92683	-0.01165	-0.01170
1.52131	0.95122	-0.00581	-0.01165
1.54754	0.00000	0.00000	0.01178
1.54754	0.02439	-0.01178	0.01170
1.54754	0.04878	-0.02348	0.01154
1.54754	0.07317	-0.03502	0.01130
1.54754	0.09756	-0.04632	0.01097
1.54754	0.12195	-0.05729	0.01054
1.54754	0.14634	-0.06783	0.01003
1.54754	0.17073	-0.07787	0.00943
1.54754	0.19512	-0.08729	0.00874
1.54754	0.21951	-0.09603	0.00797
1.54754	0.24390	-0.10400	0.00712
1.54754	0.26829	-0.11112	0.00620
1.54754	0.29268	-0.11731	0.00518
1.54754	0.31707	-0.12249	0.00405
1.54754	0.34146	-0.12654	0.00280
1.54754	0.36585	-0.12934	0.00150
1.54754	0.39024	-0.13084	0.00018
1.54754	0.41463	-0.13103	-0.00111
1.54754	0.43902	-0.12992	-0.00234
1.54754	0.46341	-0.12757	-0.00346
1.54754	0.48780	-0.12412	-0.00440
1.54754	0.51220	-0.11971	-0.00517
1.54754	0.53659	-0.11454	-0.00577
1.54754	0.56098	-0.10877	-0.00622
1.54754	0.58537	-0.10255	-0.00654
1.54754	0.60976	-0.09601	-0.00674
1.54754	0.63415	-0.08927	-0.00685
1.54754	0.65854	-0.08242	-0.00688
1.54754	0.68293	-0.07553	-0.00686
1.54754	0.70732	-0.06867	-0.00679
1.54754	0.73171	-0.06188	-0.00669
1.54754	0.75610	-0.05519	-0.00657
1.54754	0.78049	-0.04862	-0.00644
1.54754	0.80488	-0.04218	-0.00631
1.54754	0.82927	-0.03587	-0.00619
1.54754	0.85366	-0.02968	-0.00608
1.54754	0.87805	-0.02360	-0.00599
1.54754	0.90244	-0.01762	-0.00591
1.54754	0.92683	-0.01170	-0.00586
1.54754	0.95122	-0.00584	-0.00584
